11.407406093850943|1100
9.819192893719045|2100
8.015976793352278|3100
7.675994762900352|4100
7.309322780260588|5100
6.811391698808122|6100
6.536350887513439|7100
6.367918855997966|8100
6.195319031771968|9100
6.049987032667833|10100
5.863588959471633|11100
5.826138851929804|12100
5.683156648584222|13100
5.61097314140526|14100
5.580172722534228|15100
5.54398965647812|16100
5.442724781661933|17100
5.414528516981055|18100
5.397871110408783|19100
5.380625309164083|20100
5.372895762613321|21100
5.372895762613321|22100
5.369726525207004|23100
5.364759857643185|24100
5.359599797087318|25100
5.358252262662206|26100
5.334615684237082|27100
5.331996523373034|28100
5.327801957712467|29100
5.327538261117757|30100
5.324075513033972|31100
5.307869816426892|32100
5.29773707047647|33100
5.29773707047647|34100
5.29773707047647|35100
5.29773707047647|36100
5.29773707047647|37100
5.287835358261414|38100
5.287835358261414|39100
5.287835358261414|40100
5.287835358261414|41100
5.284036220872175|42100
5.284036220872175|43100
5.284036220872175|44100
5.284036220872175|45100
5.284036220872175|46100
5.284036220872175|47100
5.284036220872175|48100
5.284036220872175|49100
5.284036220872175|50100
5.284036220872175|51100
5.284036220872175|52100
5.284036220872175|53100
5.284036220872175|54100
5.284036220872175|55100
5.284036220872175|56100
5.284036220872175|57100
5.284036220872175|58100
5.284036220872175|59100
5.284036220872175|60100
5.284036220872175|61100
5.284036220872175|62100
5.284036220872175|63100
5.284036220872175|64100
5.284036220872175|65100
5.284036220872175|66100
5.284036220872175|67100
5.284036220872175|68100
5.284036220872175|69100
5.284036220872175|70100
5.284036220872175|71100
5.284036220872175|72100
5.284036220872175|73100
5.284036220872175|74100
5.284036220872175|75100
5.284036220872175|76100
5.284036220872175|77100
5.284036220872175|78100
5.284036220872175|79100
5.284036220872175|80100
5.284036220872175|81100
5.284036220872175|82100
5.284036220872175|83100
5.284036220872175|84100
5.284036220872175|85100
5.284036220872175|86100
5.284036220872175|87100
5.284036220872175|88100
5.284036220872175|89100
5.284036220872175|90100
5.284036220872175|91100
5.284036220872175|92100
5.284036220872175|93100
5.284036220872175|94100
5.284036220872175|95100
5.284036220872175|96100
5.284036220872175|97100
5.284036220872175|98100
5.284036220872175|99100
5.284036220872175|100100
5.284036220872175|101100
5.284036220872175|102100
5.284036220872175|103100
5.284036220872175|104100
5.284036220872175|105100
5.284036220872175|106100
5.284036220872175|107100
5.284036220872175|108100
5.284036220872175|109100
5.284036220872175|110100
5.284036220872175|111100
5.284036220872175|112100
5.284036220872175|113100
5.284036220872175|114100
5.284036220872175|115100
5.284036220872175|116100
5.284036220872175|117100
5.284036220872175|118100
5.284036220872175|119100
5.284036220872175|120100
5.284036220872175|121100
5.284036220872175|122100
5.284036220872175|123100
5.284036220872175|124100
5.284036220872175|125100
5.284036220872175|126100
5.284036220872175|127100
5.284036220872175|128100
5.284036220872175|129100
5.284036220872175|130100
5.284036220872175|131100
5.284036220872175|132100
5.284036220872175|133100
5.284036220872175|134100
5.284036220872175|135100
5.284036220872175|136100
5.284036220872175|137100
5.284036220872175|138100
5.284036220872175|139100
5.284036220872175|140100
5.284036220872175|141100
5.284036220872175|142100
5.284036220872175|143100
5.284036220872175|144100
5.284036220872175|145100
5.284036220872175|146100
5.284036220872175|147100
5.284036220872175|148100
5.284036220872175|149100
5.284036220872175|150100
5.284036220872175|151100
5.284036220872175|152100
5.284036220872175|153100
5.284036220872175|154100
5.284036220872175|155100
5.284036220872175|156100
5.284036220872175|157100
5.284036220872175|158100
5.284036220872175|159100
5.284036220872175|160100
5.284036220872175|161100
5.284036220872175|162100
5.284036220872175|163100
5.284036220872175|164100
5.284036220872175|165100
5.284036220872175|166100
5.284036220872175|167100
5.284036220872175|168100
5.284036220872175|169100
5.284036220872175|170100
5.284036220872175|171100
5.284036220872175|172100
5.284036220872175|173100
5.284036220872175|174100
5.284036220872175|175100
5.284036220872175|176100
5.284036220872175|177100
5.284036220872175|178100
5.284036220872175|179100
5.284036220872175|180100
5.284036220872175|181100
5.284036220872175|182100
5.284036220872175|183100
5.284036220872175|184100
5.284036220872175|185100
5.284036220872175|186100
5.284036220872175|187100
5.284036220872175|188100
5.284036220872175|189100
5.284036220872175|190100
5.284036220872175|191100
5.284036220872175|192100
5.284036220872175|193100
5.284036220872175|194100
5.284036220872175|195100
5.284036220872175|196100
5.284036220872175|197100
5.284036220872175|198100
5.284036220872175|199100
5.284036220872175|200100
5.284036220872175|201100
5.284036220872175|202100
5.284036220872175|203100
5.284036220872175|204100
5.284036220872175|205100
5.284036220872175|206100
5.284036220872175|207100
5.284036220872175|208100
5.284036220872175|209100
5.284036220872175|210100
5.284036220872175|211100
5.284036220872175|212100
5.284036220872175|213100
5.284036220872175|214100
5.284036220872175|215100
5.284036220872175|216100
5.284036220872175|217100
5.284036220872175|218100
5.284036220872175|219100
5.284036220872175|220100
5.284036220872175|221100
5.284036220872175|222100
5.284036220872175|223100
5.284036220872175|224100
5.284036220872175|225100
5.284036220872175|226100
5.284036220872175|227100
5.284036220872175|228100
5.284036220872175|229100
5.284036220872175|230100
5.284036220872175|231100
5.284036220872175|232100
5.284036220872175|233100
5.284036220872175|234100
5.284036220872175|235100
5.284036220872175|236100
5.284036220872175|237100
5.284036220872175|238100
5.284036220872175|239100
5.284036220872175|240100
5.284036220872175|241100
5.284036220872175|242100
5.284036220872175|243100
5.284036220872175|244100
5.284036220872175|245100
5.284036220872175|246100
5.284036220872175|247100
5.284036220872175|248100
5.284036220872175|249100
5.284036220872175|250100
5.284036220872175|251100
5.284036220872175|252100
5.284036220872175|253100
5.284036220872175|254100
5.284036220872175|255100
5.284036220872175|256100
5.284036220872175|257100
5.284036220872175|258100
5.284036220872175|259100
5.284036220872175|260100
5.284036220872175|261100
5.284036220872175|262100
5.284036220872175|263100
5.284036220872175|264100
5.284036220872175|265100
5.284036220872175|266100
5.284036220872175|267100
5.284036220872175|268100
5.284036220872175|269100
5.284036220872175|270100
5.284036220872175|271100
5.284036220872175|272100
5.284036220872175|273100
5.284036220872175|274100
5.284036220872175|275100
5.284036220872175|276100
5.284036220872175|277100
5.284036220872175|278100
5.284036220872175|279100
5.284036220872175|280100
5.284036220872175|281100
5.284036220872175|282100
5.284036220872175|283100
5.284036220872175|284100
5.284036220872175|285100
5.284036220872175|286100
5.284036220872175|287100
5.284036220872175|288100
5.284036220872175|289100
5.284036220872175|290100
5.284036220872175|291100
5.284036220872175|292100
5.284036220872175|293100
5.284036220872175|294100
5.284036220872175|295100
5.284036220872175|296100
5.284036220872175|297100
5.284036220872175|298100
5.284036220872175|299100
5.284036220872175|300100
5.284036220872175|301100
5.284036220872175|302100
5.284036220872175|303100
5.284036220872175|304100
5.284036220872175|305100
5.284036220872175|306100
5.284036220872175|307100
5.284036220872175|308100
5.284036220872175|309100
5.284036220872175|310100
5.284036220872175|311100
5.284036220872175|312100
5.284036220872175|313100
5.284036220872175|314100
5.284036220872175|315100
5.284036220872175|316100
5.284036220872175|317100
5.284036220872175|318100
5.284036220872175|319100
5.284036220872175|320100
5.284036220872175|321100
5.284036220872175|322100
5.284036220872175|323100
5.284036220872175|324100
5.284036220872175|325100
5.284036220872175|326100
5.284036220872175|327100
5.284036220872175|328100
5.284036220872175|329100
5.284036220872175|330100
5.284036220872175|331100
5.284036220872175|332100
5.284036220872175|333100
5.284036220872175|334100
5.284036220872175|335100
5.284036220872175|336100
5.284036220872175|337100
5.284036220872175|338100
5.284036220872175|339100
5.284036220872175|340100
5.284036220872175|341100
5.284036220872175|342100
5.284036220872175|343100
5.284036220872175|344100
5.284036220872175|345100
5.284036220872175|346100
5.284036220872175|347100
5.284036220872175|348100
5.284036220872175|349100
5.284036220872175|350100
5.284036220872175|351100
5.284036220872175|352100
5.284036220872175|353100
5.284036220872175|354100
5.284036220872175|355100
5.284036220872175|356100
5.284036220872175|357100
5.284036220872175|358100
5.284036220872175|359100
5.284036220872175|360100
5.284036220872175|361100
5.284036220872175|362100
5.284036220872175|363100
5.284036220872175|364100
5.284036220872175|365100
5.284036220872175|366100
5.284036220872175|367100
5.284036220872175|368100
5.284036220872175|369100
5.284036220872175|370100
5.284036220872175|371100
5.284036220872175|372100
5.284036220872175|373100
5.284036220872175|374100
5.284036220872175|375100
5.284036220872175|376100
5.284036220872175|377100
5.284036220872175|378100
5.284036220872175|379100
5.284036220872175|380100
5.284036220872175|381100
5.284036220872175|382100
5.284036220872175|383100
5.284036220872175|384100
5.284036220872175|385100
5.284036220872175|386100
5.284036220872175|387100
5.284036220872175|388100
5.284036220872175|389100
5.284036220872175|390100
5.284036220872175|391100
5.284036220872175|392100
5.284036220872175|393100
5.284036220872175|394100
5.284036220872175|395100
5.284036220872175|396100
5.284036220872175|397100
5.284036220872175|398100
5.284036220872175|399100
5.284036220872175|400100
5.284036220872175|401100
5.284036220872175|402100
5.284036220872175|403100
5.284036220872175|404100
5.284036220872175|405100
5.284036220872175|406100
5.284036220872175|407100
5.284036220872175|408100
5.284036220872175|409100
5.284036220872175|410100
5.284036220872175|411100
5.284036220872175|412100
5.284036220872175|413100
5.284036220872175|414100
5.284036220872175|415100
5.284036220872175|416100
5.284036220872175|417100
5.284036220872175|418100
5.284036220872175|419100
5.284036220872175|420100
5.284036220872175|421100
5.284036220872175|422100
5.284036220872175|423100
5.284036220872175|424100
5.284036220872175|425100
5.284036220872175|426100
5.284036220872175|427100
5.284036220872175|428100
5.284036220872175|429100
5.284036220872175|430100
5.284036220872175|431100
5.284036220872175|432100
5.284036220872175|433100
5.284036220872175|434100
5.284036220872175|435100
5.284036220872175|436100
5.284036220872175|437100
5.284036220872175|438100
5.284036220872175|439100
5.284036220872175|440100
5.284036220872175|441100
5.284036220872175|442100
5.284036220872175|443100
5.284036220872175|444100
5.284036220872175|445100
5.284036220872175|446100
5.284036220872175|447100
5.284036220872175|448100
5.284036220872175|449100
5.284036220872175|450100
5.284036220872175|451100
5.284036220872175|452100
5.284036220872175|453100
5.284036220872175|454100
5.284036220872175|455100
5.284036220872175|456100
5.284036220872175|457100
5.284036220872175|458100
5.284036220872175|459100
5.284036220872175|460100
5.284036220872175|461100
5.284036220872175|462100
5.284036220872175|463100
5.284036220872175|464100
5.284036220872175|465100
5.284036220872175|466100
5.284036220872175|467100
5.284036220872175|468100
5.284036220872175|469100
5.284036220872175|470100
5.284036220872175|471100
5.284036220872175|472100
5.284036220872175|473100
5.284036220872175|474100
5.284036220872175|475100
5.284036220872175|476100
5.284036220872175|477100
5.284036220872175|478100
5.284036220872175|479100
5.284036220872175|480100
5.284036220872175|481100
5.284036220872175|482100
5.284036220872175|483100
5.284036220872175|484100
5.284036220872175|485100
5.284036220872175|486100
5.284036220872175|487100
5.284036220872175|488100
5.284036220872175|489100
5.284036220872175|490100
5.284036220872175|491100
5.284036220872175|492100
5.284036220872175|493100
5.284036220872175|494100
5.284036220872175|495100
5.284036220872175|496100
5.284036220872175|497100
5.284036220872175|498100
5.284036220872175|499100
5.284036220872175|500100
5.284036220872175|501100
5.284036220872175|502100
5.284036220872175|503100
5.284036220872175|504100
5.284036220872175|505100
5.284036220872175|506100
5.284036220872175|507100
5.284036220872175|508100
5.284036220872175|509100
5.284036220872175|510100
5.284036220872175|511100
5.284036220872175|512100
5.284036220872175|513100
5.284036220872175|514100
5.284036220872175|515100
5.284036220872175|516100
5.284036220872175|517100
5.284036220872175|518100
5.284036220872175|519100
5.284036220872175|520100
5.284036220872175|521100
5.284036220872175|522100
5.284036220872175|523100
5.284036220872175|524100
5.284036220872175|525100
5.284036220872175|526100
5.284036220872175|527100
5.284036220872175|528100
5.284036220872175|529100
5.284036220872175|530100
5.284036220872175|531100
5.284036220872175|532100
5.284036220872175|533100
5.284036220872175|534100
5.284036220872175|535100
5.284036220872175|536100
5.284036220872175|537100
5.284036220872175|538100
5.284036220872175|539100
5.284036220872175|540100
5.284036220872175|541100
5.284036220872175|542100
5.284036220872175|543100
5.284036220872175|544100
5.284036220872175|545100
5.284036220872175|546100
5.284036220872175|547100
5.284036220872175|548100
5.284036220872175|549100
5.284036220872175|550100
5.284036220872175|551100
5.284036220872175|552100
5.284036220872175|553100
5.284036220872175|554100
5.284036220872175|555100
5.284036220872175|556100
5.284036220872175|557100
5.284036220872175|558100
5.284036220872175|559100
5.284036220872175|560100
5.284036220872175|561100
5.284036220872175|562100
5.284036220872175|563100
5.284036220872175|564100
5.284036220872175|565100
5.284036220872175|566100
5.284036220872175|567100
5.284036220872175|568100
5.284036220872175|569100
5.284036220872175|570100
5.284036220872175|571100
5.284036220872175|572100
5.284036220872175|573100
5.284036220872175|574100
5.284036220872175|575100
5.284036220872175|576100
5.284036220872175|577100
5.284036220872175|578100
5.284036220872175|579100
5.284036220872175|580100
5.284036220872175|581100
5.284036220872175|582100
5.284036220872175|583100
5.284036220872175|584100
5.284036220872175|585100
5.284036220872175|586100
5.284036220872175|587100
5.284036220872175|588100
5.284036220872175|589100
5.284036220872175|590100
5.284036220872175|591100
5.284036220872175|592100
5.284036220872175|593100
5.284036220872175|594100
5.284036220872175|595100
5.284036220872175|596100
5.284036220872175|597100
5.284036220872175|598100
5.284036220872175|599100
5.284036220872175|600100
5.284036220872175|601100
5.284036220872175|602100
5.284036220872175|603100
5.284036220872175|604100
5.284036220872175|605100
5.284036220872175|606100
5.284036220872175|607100
5.284036220872175|608100
5.284036220872175|609100
5.284036220872175|610100
5.284036220872175|611100
5.284036220872175|612100
5.284036220872175|613100
5.284036220872175|614100
5.284036220872175|615100
5.284036220872175|616100
5.284036220872175|617100
5.284036220872175|618100
5.284036220872175|619100
5.284036220872175|620100
5.284036220872175|621100
5.284036220872175|622100
5.284036220872175|623100
5.284036220872175|624100
5.284036220872175|625100
5.284036220872175|626100
5.284036220872175|627100
5.284036220872175|628100
5.284036220872175|629100
5.284036220872175|630100
5.284036220872175|631100
5.284036220872175|632100
5.284036220872175|633100
5.284036220872175|634100
5.284036220872175|635100
5.284036220872175|636100
5.284036220872175|637100
5.284036220872175|638100
5.284036220872175|639100
5.284036220872175|640100
5.284036220872175|641100
5.284036220872175|642100
5.284036220872175|643100
5.284036220872175|644100
5.284036220872175|645100
5.284036220872175|646100
5.284036220872175|647100
5.284036220872175|648100
5.284036220872175|649100
5.284036220872175|650100
5.284036220872175|651100
5.284036220872175|652100
5.284036220872175|653100
5.284036220872175|654100
5.284036220872175|655100
5.284036220872175|656100
5.284036220872175|657100
5.284036220872175|658100
5.284036220872175|659100
5.284036220872175|660100
5.284036220872175|661100
5.284036220872175|662100
5.284036220872175|663100
5.284036220872175|664100
5.284036220872175|665100
5.284036220872175|666100
5.284036220872175|667100
5.284036220872175|668100
5.284036220872175|669100
5.284036220872175|670100
5.284036220872175|671100
5.284036220872175|672100
5.284036220872175|673100
5.284036220872175|674100
5.284036220872175|675100
5.284036220872175|676100
5.284036220872175|677100
5.284036220872175|678100
5.284036220872175|679100
5.284036220872175|680100
5.284036220872175|681100
5.284036220872175|682100
5.284036220872175|683100
5.284036220872175|684100
5.284036220872175|685100
5.284036220872175|686100
5.284036220872175|687100
5.284036220872175|688100
5.284036220872175|689100
5.284036220872175|690100
5.284036220872175|691100
5.284036220872175|692100
5.284036220872175|693100
5.284036220872175|694100
5.284036220872175|695100
5.284036220872175|696100
5.284036220872175|697100
5.284036220872175|698100
5.284036220872175|699100
5.284036220872175|700100
5.284036220872175|701100
5.284036220872175|702100
5.284036220872175|703100
5.284036220872175|704100
5.284036220872175|705100
5.284036220872175|706100
5.284036220872175|707100
5.284036220872175|708100
5.284036220872175|709100
5.284036220872175|710100
5.284036220872175|711100
5.284036220872175|712100
5.284036220872175|713100
5.284036220872175|714100
5.284036220872175|715100
5.284036220872175|716100
5.284036220872175|717100
5.284036220872175|718100
5.284036220872175|719100
5.284036220872175|720100
5.284036220872175|721100
5.284036220872175|722100
5.284036220872175|723100
5.284036220872175|724100
5.284036220872175|725100
5.284036220872175|726100
5.284036220872175|727100
5.284036220872175|728100
5.284036220872175|729100
5.284036220872175|730100
5.284036220872175|731100
5.284036220872175|732100
5.284036220872175|733100
5.284036220872175|734100
5.284036220872175|735100
5.284036220872175|736100
5.284036220872175|737100
5.284036220872175|738100
5.284036220872175|739100
5.284036220872175|740100
5.284036220872175|741100
5.284036220872175|742100
5.284036220872175|743100
5.284036220872175|744100
5.284036220872175|745100
5.284036220872175|746100
5.284036220872175|747100
5.284036220872175|748100
5.284036220872175|749100
5.284036220872175|750100
5.284036220872175|751100
5.284036220872175|752100
5.284036220872175|753100
5.284036220872175|754100
5.284036220872175|755100
5.284036220872175|756100
5.284036220872175|757100
5.284036220872175|758100
5.284036220872175|759100
5.284036220872175|760100
5.284036220872175|761100
5.284036220872175|762100
5.284036220872175|763100
5.284036220872175|764100
5.284036220872175|765100
5.284036220872175|766100
5.284036220872175|767100
5.284036220872175|768100
5.284036220872175|769100
5.284036220872175|770100
5.284036220872175|771100
5.284036220872175|772100
5.284036220872175|773100
5.284036220872175|774100
5.284036220872175|775100
5.284036220872175|776100
5.284036220872175|777100
5.284036220872175|778100
5.284036220872175|779100
5.284036220872175|780100
5.284036220872175|781100
5.284036220872175|782100
5.284036220872175|783100
5.284036220872175|784100
5.284036220872175|785100
5.284036220872175|786100
5.284036220872175|787100
5.284036220872175|788100
5.284036220872175|789100
5.284036220872175|790100
5.284036220872175|791100
5.284036220872175|792100
5.284036220872175|793100
5.284036220872175|794100
5.284036220872175|795100
5.284036220872175|796100
5.284036220872175|797100
5.284036220872175|798100
5.284036220872175|799100
5.284036220872175|800100
5.284036220872175|801100
5.284036220872175|802100
5.284036220872175|803100
5.284036220872175|804100
5.284036220872175|805100
5.284036220872175|806100
5.284036220872175|807100
5.284036220872175|808100
5.284036220872175|809100
5.284036220872175|810100
5.284036220872175|811100
5.284036220872175|812100
5.284036220872175|813100
5.284036220872175|814100
5.284036220872175|815100
5.284036220872175|816100
5.284036220872175|817100
5.284036220872175|818100
5.284036220872175|819100
5.284036220872175|820100
5.284036220872175|821100
5.284036220872175|822100
5.284036220872175|823100
5.284036220872175|824100
5.284036220872175|825100
5.284036220872175|826100
5.284036220872175|827100
5.284036220872175|828100
5.284036220872175|829100
5.284036220872175|830100
5.284036220872175|831100
5.284036220872175|832100
5.284036220872175|833100
5.284036220872175|834100
5.284036220872175|835100
5.284036220872175|836100
5.284036220872175|837100
5.284036220872175|838100
5.284036220872175|839100
5.284036220872175|840100
5.284036220872175|841100
5.284036220872175|842100
5.284036220872175|843100
5.284036220872175|844100
5.284036220872175|845100
5.284036220872175|846100
5.284036220872175|847100
5.284036220872175|848100
5.284036220872175|849100
5.284036220872175|850100
5.284036220872175|851100
5.284036220872175|852100
5.284036220872175|853100
5.284036220872175|854100
5.284036220872175|855100
5.284036220872175|856100
5.284036220872175|857100
5.284036220872175|858100
5.284036220872175|859100
5.284036220872175|860100
5.284036220872175|861100
5.284036220872175|862100
5.284036220872175|863100
5.284036220872175|864100
5.284036220872175|865100
5.284036220872175|866100
5.284036220872175|867100
5.284036220872175|868100
5.284036220872175|869100
5.284036220872175|870100
5.284036220872175|871100
5.284036220872175|872100
5.284036220872175|873100
5.284036220872175|874100
5.284036220872175|875100
5.284036220872175|876100
5.284036220872175|877100
5.284036220872175|878100
5.284036220872175|879100
5.284036220872175|880100
5.284036220872175|881100
5.284036220872175|882100
5.284036220872175|883100
5.284036220872175|884100
5.284036220872175|885100
5.284036220872175|886100
5.284036220872175|887100
5.284036220872175|888100
5.284036220872175|889100
5.284036220872175|890100
5.284036220872175|891100
5.284036220872175|892100
5.284036220872175|893100
5.284036220872175|894100
5.284036220872175|895100
5.284036220872175|896100
5.284036220872175|897100
5.284036220872175|898100
5.284036220872175|899100
5.284036220872175|900100
5.284036220872175|901100
5.284036220872175|902100
5.284036220872175|903100
5.284036220872175|904100
5.284036220872175|905100
5.284036220872175|906100
5.284036220872175|907100
5.284036220872175|908100
5.284036220872175|909100
5.284036220872175|910100
5.284036220872175|911100
5.284036220872175|912100
5.284036220872175|913100
5.284036220872175|914100
5.284036220872175|915100
5.284036220872175|916100
5.284036220872175|917100
5.284036220872175|918100
5.284036220872175|919100
5.284036220872175|920100
5.284036220872175|921100
5.284036220872175|922100
5.284036220872175|923100
5.284036220872175|924100
5.284036220872175|925100
5.284036220872175|926100
5.284036220872175|927100
5.284036220872175|928100
5.284036220872175|929100
5.284036220872175|930100
5.284036220872175|931100
5.284036220872175|932100
5.284036220872175|933100
5.284036220872175|934100
5.284036220872175|935100
5.284036220872175|936100
5.284036220872175|937100
5.284036220872175|938100
5.284036220872175|939100
5.284036220872175|940100
5.284036220872175|941100
5.284036220872175|942100
5.284036220872175|943100
5.284036220872175|944100
5.284036220872175|945100
5.284036220872175|946100
5.284036220872175|947100
5.284036220872175|948100
5.284036220872175|949100
5.284036220872175|950100
5.284036220872175|951100
5.284036220872175|952100
5.284036220872175|953100
5.284036220872175|954100
5.284036220872175|955100
5.284036220872175|956100
5.284036220872175|957100
5.284036220872175|958100
5.284036220872175|959100
5.284036220872175|960100
5.284036220872175|961100
5.284036220872175|962100
5.284036220872175|963100
5.284036220872175|964100
5.284036220872175|965100
5.284036220872175|966100
5.284036220872175|967100
5.284036220872175|968100
5.284036220872175|969100
5.284036220872175|970100
5.284036220872175|971100
5.284036220872175|972100
5.284036220872175|973100
5.284036220872175|974100
5.284036220872175|975100
5.284036220872175|976100
5.284036220872175|977100
5.284036220872175|978100
5.284036220872175|979100
5.284036220872175|980100
5.284036220872175|981100
5.284036220872175|982100
5.284036220872175|983100
5.284036220872175|984100
5.284036220872175|985100
5.284036220872175|986100
5.284036220872175|987100
5.284036220872175|988100
5.284036220872175|989100
5.284036220872175|990100
5.284036220872175|991100
5.284036220872175|992100
5.284036220872175|993100
5.284036220872175|994100
5.284036220872175|995100
5.284036220872175|996100
5.284036220872175|997100
5.284036220872175|998100
5.284036220872175|999100
5.284036220872175|1000100
