11.635740877188892|1100
10.42186722261479|2100
9.284506139375887|3100
8.22375748947292|4100
7.688577059801832|5100
7.319621519695328|6100
6.359712256864759|7100
6.039403568204247|8100
5.499690054049832|9100
5.289127286307099|10100
5.13804357361226|11100
5.080385474703248|12100
4.950602139839276|13100
4.902599762172372|14100
4.725823289719446|15100
4.681361217770347|16100
4.625716299771667|17100
4.402786977975473|18100
4.388166894687922|19100
4.365816982554924|20100
4.332089441179774|21100
4.316407689333958|22100
4.316407689333958|23100
4.304106244151643|24100
4.242869015700693|25100
4.186392767678775|26100
4.1817400485806555|27100
4.1815929210996226|28100
4.1815929210996226|29100
4.177066870125873|30100
4.177066870125872|31100
4.177066870125872|32100
4.141039848032585|33100
4.128632630087607|34100
4.118503535437857|35100
4.114230676964456|36100
4.114045315891319|37100
4.112961449430407|38100
4.112961449430407|39100
4.112961449430407|40100
4.112961449430407|41100
4.112961449430407|42100
4.112961449430407|43100
4.112961449430407|44100
4.112961449430407|45100
4.112961449430407|46100
4.112961449430407|47100
4.112961449430407|48100
4.112961449430407|49100
4.112961449430407|50100
4.112961449430407|51100
4.112961449430407|52100
4.112961449430407|53100
4.112961449430407|54100
4.112961449430407|55100
4.112961449430407|56100
4.112961449430407|57100
4.112961449430407|58100
4.112961449430407|59100
4.112961449430407|60100
4.112961449430407|61100
4.112961449430407|62100
4.112961449430407|63100
4.112961449430407|64100
4.112961449430407|65100
4.112961449430407|66100
4.112961449430407|67100
4.112961449430407|68100
4.112961449430407|69100
4.112961449430407|70100
4.112961449430407|71100
4.112961449430407|72100
4.112961449430407|73100
4.112961449430407|74100
4.112961449430407|75100
4.112961449430407|76100
4.112961449430407|77100
4.112961449430407|78100
4.112961449430407|79100
4.112961449430407|80100
4.112961449430407|81100
4.112961449430407|82100
4.112961449430407|83100
4.112961449430407|84100
4.112961449430407|85100
4.112961449430407|86100
4.112961449430407|87100
4.112961449430407|88100
4.112961449430407|89100
4.112961449430407|90100
4.112961449430407|91100
4.112961449430407|92100
4.112961449430407|93100
4.112961449430407|94100
4.112961449430407|95100
4.112961449430407|96100
4.112961449430407|97100
4.112961449430407|98100
4.112961449430407|99100
4.112961449430407|100100
4.112961449430407|101100
4.112961449430407|102100
4.112961449430407|103100
4.112961449430407|104100
4.112961449430407|105100
4.112961449430407|106100
4.112961449430407|107100
4.112961449430407|108100
4.112961449430407|109100
4.112961449430407|110100
4.112961449430407|111100
4.112961449430407|112100
4.112961449430407|113100
4.112961449430407|114100
4.112961449430407|115100
4.112961449430407|116100
4.112961449430407|117100
4.112961449430407|118100
4.112961449430407|119100
4.112961449430407|120100
4.112961449430407|121100
4.112961449430407|122100
4.112961449430407|123100
4.112961449430407|124100
4.112961449430407|125100
4.112961449430407|126100
4.112961449430407|127100
4.112961449430407|128100
4.112961449430407|129100
4.112961449430407|130100
4.112961449430407|131100
4.112961449430407|132100
4.112961449430407|133100
4.112961449430407|134100
4.112961449430407|135100
4.112961449430407|136100
4.112961449430407|137100
4.112961449430407|138100
4.112961449430407|139100
4.112961449430407|140100
4.112961449430407|141100
4.112961449430407|142100
4.112961449430407|143100
4.112961449430407|144100
4.112961449430407|145100
4.112961449430407|146100
4.112961449430407|147100
4.112961449430407|148100
4.112961449430407|149100
4.112961449430407|150100
4.112961449430407|151100
4.112961449430407|152100
4.112961449430407|153100
4.112961449430407|154100
4.112961449430407|155100
4.112961449430407|156100
4.112961449430407|157100
4.112961449430407|158100
4.112961449430407|159100
4.112961449430407|160100
4.112961449430407|161100
4.112961449430407|162100
4.112961449430407|163100
4.112961449430407|164100
4.112961449430407|165100
4.112961449430407|166100
4.112961449430407|167100
4.112961449430407|168100
4.112961449430407|169100
4.112961449430407|170100
4.112961449430407|171100
4.112961449430407|172100
4.112961449430407|173100
4.112961449430407|174100
4.112961449430407|175100
4.112961449430407|176100
4.112961449430407|177100
4.112961449430407|178100
4.112961449430407|179100
4.112961449430407|180100
4.112961449430407|181100
4.112961449430407|182100
4.112961449430407|183100
4.112961449430407|184100
4.112961449430407|185100
4.112961449430407|186100
4.112961449430407|187100
4.112961449430407|188100
4.112961449430407|189100
4.112961449430407|190100
4.112961449430407|191100
4.112961449430407|192100
4.112961449430407|193100
4.112961449430407|194100
4.112961449430407|195100
4.112961449430407|196100
4.112961449430407|197100
4.112961449430407|198100
4.112961449430407|199100
4.112961449430407|200100
4.112961449430407|201100
4.112961449430407|202100
4.112961449430407|203100
4.112961449430407|204100
4.112961449430407|205100
4.112961449430407|206100
4.112961449430407|207100
4.112961449430407|208100
4.112961449430407|209100
4.112961449430407|210100
4.112961449430407|211100
4.112961449430407|212100
4.112961449430407|213100
4.112961449430407|214100
4.112961449430407|215100
4.112961449430407|216100
4.112961449430407|217100
4.112961449430407|218100
4.112961449430407|219100
4.112961449430407|220100
4.112961449430407|221100
4.112961449430407|222100
4.112961449430407|223100
4.112961449430407|224100
4.112961449430407|225100
4.112961449430407|226100
4.112961449430407|227100
4.112961449430407|228100
4.112961449430407|229100
4.112961449430407|230100
4.112961449430407|231100
4.112961449430407|232100
4.112961449430407|233100
4.112961449430407|234100
4.112961449430407|235100
4.112961449430407|236100
4.112961449430407|237100
4.112961449430407|238100
4.112961449430407|239100
4.112961449430407|240100
4.112961449430407|241100
4.112961449430407|242100
4.112961449430407|243100
4.112961449430407|244100
4.112961449430407|245100
4.112961449430407|246100
4.112961449430407|247100
4.112961449430407|248100
4.112961449430407|249100
4.112961449430407|250100
4.112961449430407|251100
4.112961449430407|252100
4.112961449430407|253100
4.112961449430407|254100
4.112961449430407|255100
4.112961449430407|256100
4.112961449430407|257100
4.112961449430407|258100
4.112961449430407|259100
4.112961449430407|260100
4.112961449430407|261100
4.112961449430407|262100
4.112961449430407|263100
4.112961449430407|264100
4.112961449430407|265100
4.112961449430407|266100
4.112961449430407|267100
4.112961449430407|268100
4.112961449430407|269100
4.112961449430407|270100
4.112961449430407|271100
4.112961449430407|272100
4.112961449430407|273100
4.112961449430407|274100
4.112961449430407|275100
4.112961449430407|276100
4.112961449430407|277100
4.112961449430407|278100
4.112961449430407|279100
4.112961449430407|280100
4.112961449430407|281100
4.112961449430407|282100
4.112961449430407|283100
4.112961449430407|284100
4.112961449430407|285100
4.112961449430407|286100
4.112961449430407|287100
4.112961449430407|288100
4.112961449430407|289100
4.112961449430407|290100
4.112961449430407|291100
4.112961449430407|292100
4.112961449430407|293100
4.112961449430407|294100
4.112961449430407|295100
4.112961449430407|296100
4.112961449430407|297100
4.112961449430407|298100
4.112961449430407|299100
4.112961449430407|300100
4.112961449430407|301100
4.112961449430407|302100
4.112961449430407|303100
4.112961449430407|304100
4.112961449430407|305100
4.112961449430407|306100
4.112961449430407|307100
4.112961449430407|308100
4.112961449430407|309100
4.112961449430407|310100
4.112961449430407|311100
4.112961449430407|312100
4.112961449430407|313100
4.112961449430407|314100
4.112961449430407|315100
4.112961449430407|316100
4.112961449430407|317100
4.112961449430407|318100
4.112961449430407|319100
4.112961449430407|320100
4.112961449430407|321100
4.112961449430407|322100
4.112961449430407|323100
4.112961449430407|324100
4.112961449430407|325100
4.112961449430407|326100
4.112961449430407|327100
4.112961449430407|328100
4.112961449430407|329100
4.112961449430407|330100
4.112961449430407|331100
4.112961449430407|332100
4.112961449430407|333100
4.112961449430407|334100
4.112961449430407|335100
4.112961449430407|336100
4.112961449430407|337100
4.112961449430407|338100
4.112961449430407|339100
4.112961449430407|340100
4.112961449430407|341100
4.112961449430407|342100
4.112961449430407|343100
4.112961449430407|344100
4.112961449430407|345100
4.112961449430407|346100
4.112961449430407|347100
4.112961449430407|348100
4.112961449430407|349100
4.112961449430407|350100
4.112961449430407|351100
4.112961449430407|352100
4.112961449430407|353100
4.112961449430407|354100
4.112961449430407|355100
4.112961449430407|356100
4.112961449430407|357100
4.112961449430407|358100
4.112961449430407|359100
4.112961449430407|360100
4.112961449430407|361100
4.112961449430407|362100
4.112961449430407|363100
4.112961449430407|364100
4.112961449430407|365100
4.112961449430407|366100
4.112961449430407|367100
4.112961449430407|368100
4.112961449430407|369100
4.112961449430407|370100
4.112961449430407|371100
4.112961449430407|372100
4.112961449430407|373100
4.112961449430407|374100
4.112961449430407|375100
4.112961449430407|376100
4.112961449430407|377100
4.112961449430407|378100
4.112961449430407|379100
4.112961449430407|380100
4.112961449430407|381100
4.112961449430407|382100
4.112961449430407|383100
4.112961449430407|384100
4.112961449430407|385100
4.112961449430407|386100
4.112961449430407|387100
4.112961449430407|388100
4.112961449430407|389100
4.112961449430407|390100
4.112961449430407|391100
4.112961449430407|392100
4.112961449430407|393100
4.112961449430407|394100
4.112961449430407|395100
4.112961449430407|396100
4.112961449430407|397100
4.112961449430407|398100
4.112961449430407|399100
4.112961449430407|400100
4.112961449430407|401100
4.112961449430407|402100
4.112961449430407|403100
4.112961449430407|404100
4.112961449430407|405100
4.112961449430407|406100
4.112961449430407|407100
4.112961449430407|408100
4.112961449430407|409100
4.112961449430407|410100
4.112961449430407|411100
4.112961449430407|412100
4.112961449430407|413100
4.112961449430407|414100
4.112961449430407|415100
4.112961449430407|416100
4.112961449430407|417100
4.112961449430407|418100
4.112961449430407|419100
4.112961449430407|420100
4.112961449430407|421100
4.112961449430407|422100
4.112961449430407|423100
4.112961449430407|424100
4.112961449430407|425100
4.112961449430407|426100
4.112961449430407|427100
4.112961449430407|428100
4.112961449430407|429100
4.112961449430407|430100
4.112961449430407|431100
4.112961449430407|432100
4.112961449430407|433100
4.112961449430407|434100
4.112961449430407|435100
4.112961449430407|436100
4.112961449430407|437100
4.112961449430407|438100
4.112961449430407|439100
4.112961449430407|440100
4.112961449430407|441100
4.112961449430407|442100
4.112961449430407|443100
4.112961449430407|444100
4.112961449430407|445100
4.112961449430407|446100
4.112961449430407|447100
4.112961449430407|448100
4.112961449430407|449100
4.112961449430407|450100
4.112961449430407|451100
4.112961449430407|452100
4.112961449430407|453100
4.112961449430407|454100
4.112961449430407|455100
4.112961449430407|456100
4.112961449430407|457100
4.112961449430407|458100
4.112961449430407|459100
4.112961449430407|460100
4.112961449430407|461100
4.112961449430407|462100
4.112961449430407|463100
4.112961449430407|464100
4.112961449430407|465100
4.112961449430407|466100
4.112961449430407|467100
4.112961449430407|468100
4.112961449430407|469100
4.112961449430407|470100
4.112961449430407|471100
4.112961449430407|472100
4.112961449430407|473100
4.112961449430407|474100
4.112961449430407|475100
4.112961449430407|476100
4.112961449430407|477100
4.112961449430407|478100
4.112961449430407|479100
4.112961449430407|480100
4.112961449430407|481100
4.112961449430407|482100
4.112961449430407|483100
4.112961449430407|484100
4.112961449430407|485100
4.112961449430407|486100
4.112961449430407|487100
4.112961449430407|488100
4.112961449430407|489100
4.112961449430407|490100
4.112961449430407|491100
4.112961449430407|492100
4.112961449430407|493100
4.112961449430407|494100
4.112961449430407|495100
4.112961449430407|496100
4.112961449430407|497100
4.112961449430407|498100
4.112961449430407|499100
4.112961449430407|500100
4.112961449430407|501100
4.112961449430407|502100
4.112961449430407|503100
4.112961449430407|504100
4.112961449430407|505100
4.112961449430407|506100
4.112961449430407|507100
4.112961449430407|508100
4.112961449430407|509100
4.112961449430407|510100
4.112961449430407|511100
4.112961449430407|512100
4.112961449430407|513100
4.112961449430407|514100
4.112961449430407|515100
4.112961449430407|516100
4.112961449430407|517100
4.112961449430407|518100
4.112961449430407|519100
4.112961449430407|520100
4.112961449430407|521100
4.112961449430407|522100
4.112961449430407|523100
4.112961449430407|524100
4.112961449430407|525100
4.112961449430407|526100
4.112961449430407|527100
4.112961449430407|528100
4.112961449430407|529100
4.112961449430407|530100
4.112961449430407|531100
4.112961449430407|532100
4.112961449430407|533100
4.112961449430407|534100
4.112961449430407|535100
4.112961449430407|536100
4.112961449430407|537100
4.112961449430407|538100
4.112961449430407|539100
4.112961449430407|540100
4.112961449430407|541100
4.112961449430407|542100
4.112961449430407|543100
4.112961449430407|544100
4.112961449430407|545100
4.112961449430407|546100
4.112961449430407|547100
4.112961449430407|548100
4.112961449430407|549100
4.112961449430407|550100
4.112961449430407|551100
4.112961449430407|552100
4.112961449430407|553100
4.112961449430407|554100
4.112961449430407|555100
4.112961449430407|556100
4.112961449430407|557100
4.112961449430407|558100
4.112961449430407|559100
4.112961449430407|560100
4.112961449430407|561100
4.112961449430407|562100
4.112961449430407|563100
4.112961449430407|564100
4.112961449430407|565100
4.112961449430407|566100
4.112961449430407|567100
4.112961449430407|568100
4.112961449430407|569100
4.112961449430407|570100
4.112961449430407|571100
4.112961449430407|572100
4.112961449430407|573100
4.112961449430407|574100
4.112961449430407|575100
4.112961449430407|576100
4.112961449430407|577100
4.112961449430407|578100
4.112961449430407|579100
4.112961449430407|580100
4.112961449430407|581100
4.112961449430407|582100
4.112961449430407|583100
4.112961449430407|584100
4.112961449430407|585100
4.112961449430407|586100
4.112961449430407|587100
4.112961449430407|588100
4.112961449430407|589100
4.112961449430407|590100
4.112961449430407|591100
4.112961449430407|592100
4.112961449430407|593100
4.112961449430407|594100
4.112961449430407|595100
4.112961449430407|596100
4.112961449430407|597100
4.112961449430407|598100
4.112961449430407|599100
4.112961449430407|600100
4.112961449430407|601100
4.112961449430407|602100
4.112961449430407|603100
4.112961449430407|604100
4.112961449430407|605100
4.112961449430407|606100
4.112961449430407|607100
4.112961449430407|608100
4.112961449430407|609100
4.112961449430407|610100
4.112961449430407|611100
4.112961449430407|612100
4.112961449430407|613100
4.112961449430407|614100
4.112961449430407|615100
4.112961449430407|616100
4.112961449430407|617100
4.112961449430407|618100
4.112961449430407|619100
4.112961449430407|620100
4.112961449430407|621100
4.112961449430407|622100
4.112961449430407|623100
4.112961449430407|624100
4.112961449430407|625100
4.112961449430407|626100
4.112961449430407|627100
4.112961449430407|628100
4.112961449430407|629100
4.112961449430407|630100
4.112961449430407|631100
4.112961449430407|632100
4.112961449430407|633100
4.112961449430407|634100
4.112961449430407|635100
4.112961449430407|636100
4.112961449430407|637100
4.112961449430407|638100
4.112961449430407|639100
4.112961449430407|640100
4.112961449430407|641100
4.112961449430407|642100
4.112961449430407|643100
4.112961449430407|644100
4.112961449430407|645100
4.112961449430407|646100
4.112961449430407|647100
4.112961449430407|648100
4.112961449430407|649100
4.112961449430407|650100
4.112961449430407|651100
4.112961449430407|652100
4.112961449430407|653100
4.112961449430407|654100
4.112961449430407|655100
4.112961449430407|656100
4.112961449430407|657100
4.112961449430407|658100
4.112961449430407|659100
4.112961449430407|660100
4.112961449430407|661100
4.112961449430407|662100
4.112961449430407|663100
4.112961449430407|664100
4.112961449430407|665100
4.112961449430407|666100
4.112961449430407|667100
4.112961449430407|668100
4.112961449430407|669100
4.112961449430407|670100
4.112961449430407|671100
4.112961449430407|672100
4.112961449430407|673100
4.112961449430407|674100
4.112961449430407|675100
4.112961449430407|676100
4.112961449430407|677100
4.112961449430407|678100
4.112961449430407|679100
4.112961449430407|680100
4.112961449430407|681100
4.112961449430407|682100
4.112961449430407|683100
4.112961449430407|684100
4.112961449430407|685100
4.112961449430407|686100
4.112961449430407|687100
4.112961449430407|688100
4.112961449430407|689100
4.112961449430407|690100
4.112961449430407|691100
4.112961449430407|692100
4.112961449430407|693100
4.112961449430407|694100
4.112961449430407|695100
4.112961449430407|696100
4.112961449430407|697100
4.112961449430407|698100
4.112961449430407|699100
4.112961449430407|700100
4.112961449430407|701100
4.112961449430407|702100
4.112961449430407|703100
4.112961449430407|704100
4.112961449430407|705100
4.112961449430407|706100
4.112961449430407|707100
4.112961449430407|708100
4.112961449430407|709100
4.112961449430407|710100
4.112961449430407|711100
4.112961449430407|712100
4.112961449430407|713100
4.112961449430407|714100
4.112961449430407|715100
4.112961449430407|716100
4.112961449430407|717100
4.112961449430407|718100
4.112961449430407|719100
4.112961449430407|720100
4.112961449430407|721100
4.112961449430407|722100
4.112961449430407|723100
4.112961449430407|724100
4.112961449430407|725100
4.112961449430407|726100
4.112961449430407|727100
4.112961449430407|728100
4.112961449430407|729100
4.112961449430407|730100
4.112961449430407|731100
4.112961449430407|732100
4.112961449430407|733100
4.112961449430407|734100
4.112961449430407|735100
4.112961449430407|736100
4.112961449430407|737100
4.112961449430407|738100
4.112961449430407|739100
4.112961449430407|740100
4.112961449430407|741100
4.112961449430407|742100
4.112961449430407|743100
4.112961449430407|744100
4.112961449430407|745100
4.112961449430407|746100
4.112961449430407|747100
4.112961449430407|748100
4.112961449430407|749100
4.112961449430407|750100
4.112961449430407|751100
4.112961449430407|752100
4.112961449430407|753100
4.112961449430407|754100
4.112961449430407|755100
4.112961449430407|756100
4.112961449430407|757100
4.112961449430407|758100
4.112961449430407|759100
4.112961449430407|760100
4.112961449430407|761100
4.112961449430407|762100
4.112961449430407|763100
4.112961449430407|764100
4.112961449430407|765100
4.112961449430407|766100
4.112961449430407|767100
4.112961449430407|768100
4.112961449430407|769100
4.112961449430407|770100
4.112961449430407|771100
4.112961449430407|772100
4.112961449430407|773100
4.112961449430407|774100
4.112961449430407|775100
4.112961449430407|776100
4.112961449430407|777100
4.112961449430407|778100
4.112961449430407|779100
4.112961449430407|780100
4.112961449430407|781100
4.112961449430407|782100
4.112961449430407|783100
4.112961449430407|784100
4.112961449430407|785100
4.112961449430407|786100
4.112961449430407|787100
4.112961449430407|788100
4.112961449430407|789100
4.112961449430407|790100
4.112961449430407|791100
4.112961449430407|792100
4.112961449430407|793100
4.112961449430407|794100
4.112961449430407|795100
4.112961449430407|796100
4.112961449430407|797100
4.112961449430407|798100
4.112961449430407|799100
4.112961449430407|800100
4.112961449430407|801100
4.112961449430407|802100
4.112961449430407|803100
4.112961449430407|804100
4.112961449430407|805100
4.112961449430407|806100
4.112961449430407|807100
4.112961449430407|808100
4.112961449430407|809100
4.112961449430407|810100
4.112961449430407|811100
4.112961449430407|812100
4.112961449430407|813100
4.112961449430407|814100
4.112961449430407|815100
4.112961449430407|816100
4.112961449430407|817100
4.112961449430407|818100
4.112961449430407|819100
4.112961449430407|820100
4.112961449430407|821100
4.112961449430407|822100
4.112961449430407|823100
4.112961449430407|824100
4.112961449430407|825100
4.112961449430407|826100
4.112961449430407|827100
4.112961449430407|828100
4.112961449430407|829100
4.112961449430407|830100
4.112961449430407|831100
4.112961449430407|832100
4.112961449430407|833100
4.112961449430407|834100
4.112961449430407|835100
4.112961449430407|836100
4.112961449430407|837100
4.112961449430407|838100
4.112961449430407|839100
4.112961449430407|840100
4.112961449430407|841100
4.112961449430407|842100
4.112961449430407|843100
4.112961449430407|844100
4.112961449430407|845100
4.112961449430407|846100
4.112961449430407|847100
4.112961449430407|848100
4.112961449430407|849100
4.112961449430407|850100
4.112961449430407|851100
4.112961449430407|852100
4.112961449430407|853100
4.112961449430407|854100
4.112961449430407|855100
4.112961449430407|856100
4.112961449430407|857100
4.112961449430407|858100
4.112961449430407|859100
4.112961449430407|860100
4.112961449430407|861100
4.112961449430407|862100
4.112961449430407|863100
4.112961449430407|864100
4.112961449430407|865100
4.112961449430407|866100
4.112961449430407|867100
4.112961449430407|868100
4.112961449430407|869100
4.112961449430407|870100
4.112961449430407|871100
4.112961449430407|872100
4.112961449430407|873100
4.112961449430407|874100
4.112961449430407|875100
4.112961449430407|876100
4.112961449430407|877100
4.112961449430407|878100
4.112961449430407|879100
4.112961449430407|880100
4.112961449430407|881100
4.112961449430407|882100
4.112961449430407|883100
4.112961449430407|884100
4.112961449430407|885100
4.112961449430407|886100
4.112961449430407|887100
4.112961449430407|888100
4.112961449430407|889100
4.112961449430407|890100
4.112961449430407|891100
4.112961449430407|892100
4.112961449430407|893100
4.112961449430407|894100
4.112961449430407|895100
4.112961449430407|896100
4.112961449430407|897100
4.112961449430407|898100
4.112961449430407|899100
4.112961449430407|900100
4.112961449430407|901100
4.112961449430407|902100
4.112961449430407|903100
4.112961449430407|904100
4.112961449430407|905100
4.112961449430407|906100
4.112961449430407|907100
4.112961449430407|908100
4.112961449430407|909100
4.112961449430407|910100
4.112961449430407|911100
4.112961449430407|912100
4.112961449430407|913100
4.112961449430407|914100
4.112961449430407|915100
4.112961449430407|916100
4.112961449430407|917100
4.112961449430407|918100
4.112961449430407|919100
4.112961449430407|920100
4.112961449430407|921100
4.112961449430407|922100
4.112961449430407|923100
4.112961449430407|924100
4.112961449430407|925100
4.112961449430407|926100
4.112961449430407|927100
4.112961449430407|928100
4.112961449430407|929100
4.112961449430407|930100
4.112961449430407|931100
4.112961449430407|932100
4.112961449430407|933100
4.112961449430407|934100
4.112961449430407|935100
4.112961449430407|936100
4.112961449430407|937100
4.112961449430407|938100
4.112961449430407|939100
4.112961449430407|940100
4.112961449430407|941100
4.112961449430407|942100
4.112961449430407|943100
4.112961449430407|944100
4.112961449430407|945100
4.112961449430407|946100
4.112961449430407|947100
4.112961449430407|948100
4.112961449430407|949100
4.112961449430407|950100
4.112961449430407|951100
4.112961449430407|952100
4.112961449430407|953100
4.112961449430407|954100
4.112961449430407|955100
4.112961449430407|956100
4.112961449430407|957100
4.112961449430407|958100
4.112961449430407|959100
4.112961449430407|960100
4.112961449430407|961100
4.112961449430407|962100
4.112961449430407|963100
4.112961449430407|964100
4.112961449430407|965100
4.112961449430407|966100
4.112961449430407|967100
4.112961449430407|968100
4.112961449430407|969100
4.112961449430407|970100
4.112961449430407|971100
4.112961449430407|972100
4.112961449430407|973100
4.112961449430407|974100
4.112961449430407|975100
4.112961449430407|976100
4.112961449430407|977100
4.112961449430407|978100
4.112961449430407|979100
4.112961449430407|980100
4.112961449430407|981100
4.112961449430407|982100
4.112961449430407|983100
4.112961449430407|984100
4.112961449430407|985100
4.112961449430407|986100
4.112961449430407|987100
4.112961449430407|988100
4.112961449430407|989100
4.112961449430407|990100
4.112961449430407|991100
4.112961449430407|992100
4.112961449430407|993100
4.112961449430407|994100
4.112961449430407|995100
4.112961449430407|996100
4.112961449430407|997100
4.112961449430407|998100
4.112961449430407|999100
4.112961449430407|1000100
