13.027422386075418|2000
12.812639792461104|3000
12.430671349762294|4000
12.328519056361744|5000
11.570518891176233|6000
11.570518891176233|7000
11.181399859321784|8000
10.877282623922918|9000
10.877282623922918|10000
10.353541478989927|11000
10.353541478989927|12000
10.13397514405759|13000
9.980111354747697|14000
9.515914851124387|15000
9.515914851124387|16000
9.48290953327151|17000
9.456478672444277|18000
9.131417327029892|19000
9.074821090918508|20000
9.001827295256467|21000
8.621485225903447|22000
8.314845170001494|23000
8.314845170001494|24000
8.131448399553303|25000
8.08965030991718|26000
7.94360837686803|27000
7.655077415319951|28000
7.655077415319951|29000
7.655077415319951|30000
7.483986213286257|31000
7.483986213286257|32000
7.469333483460651|33000
7.268433379197148|34000
7.268433379197148|35000
7.016673537084842|36000
6.92751771600612|37000
6.806904387069864|38000
6.806904387069864|39000
6.806904387069864|40000
6.7926836330667895|41000
6.611653878935055|42000
6.611653878935055|43000
6.472820058181247|44000
6.472820058181247|45000
6.240320578793066|46000
6.240320578793066|47000
6.208760679371107|48000
6.190811583147144|49000
5.930983985132032|50000
5.930983985132032|51000
5.922048752712331|52000
5.857112144725759|53000
5.857112144725759|54000
5.642524496147019|55000
5.642524496147019|56000
5.592876399222112|57000
5.592876399222112|58000
5.592876399222112|59000
5.582203271024784|60000
5.5347725350287735|61000
5.457364787698332|62000
5.376510559189012|63000
5.376510559189012|64000
5.348739202906136|65000
5.348739202906136|66000
5.348739202906136|67000
5.348739202906136|68000
5.296396500727706|69000
5.296396500727706|70000
5.296396500727706|71000
5.21154154578872|72000
5.21154154578872|73000
5.21154154578872|74000
5.183248540477506|75000
5.162622768150148|76000
5.15729852565984|77000
5.15729852565984|78000
5.149037344465789|79000
5.101623982494681|80000
5.101623982494681|81000
5.0787269759099765|82000
5.0787269759099765|83000
5.0787269759099765|84000
5.045848155965591|85000
5.045848155965591|86000
5.045848155965591|87000
5.045848155965591|88000
5.045848155965591|89000
5.012289553760321|90000
5.012289553760321|91000
4.973339948280292|92000
4.973339948280292|93000
4.973339948280292|94000
4.973339948280292|95000
4.914732651210571|96000
4.914732651210571|97000
4.914732651210571|98000
4.914732651210571|99000
4.911496548494031|100000
4.890385137500726|101000
4.890385137500726|102000
4.850336657777317|103000
4.841109770318254|104000
4.841109770318254|105000
4.827118487581366|106000
4.7887688722360044|107000
4.7887688722360044|108000
4.7887688722360044|109000
4.7887688722360044|110000
4.7887688722360044|111000
4.7887688722360044|112000
4.7865753781806575|113000
4.761202268898246|114000
4.761202268898246|115000
4.761202268898246|116000
4.761202268898246|117000
4.761202268898246|118000
4.761202268898246|119000
4.758315599115755|120000
4.758315599115755|121000
4.7571065585755195|122000
4.749475710884735|123000
4.749475710884735|124000
4.749475710884735|125000
4.749004037649881|126000
4.746739312926503|127000
4.746589041102245|128000
4.746589041102245|129000
4.739630924489707|130000
4.735484428147847|131000
4.729023875547774|132000
4.729023875547774|133000
4.729023875547774|134000
4.729023875547774|135000
4.729023875547774|136000
4.72435624786957|137000
4.719179089152745|138000
4.719179089152745|139000
4.719179089152745|140000
4.714529914975492|141000
4.714529914975492|142000
4.714529914975492|143000
4.714529914975492|144000
4.709152000386657|145000
4.709152000386657|146000
4.708069362375418|147000
4.708069362375418|148000
4.708069362375418|149000
4.708069362375418|150000
4.708069362375418|151000
4.708069362375418|152000
4.700466571874656|153000
4.700466571874656|154000
4.700466571874656|155000
4.700466571874656|156000
4.700466571874656|157000
4.700466571874656|158000
4.700466571874656|159000
4.700466571874656|160000
4.700466571874656|161000
4.700466571874656|162000
4.696282220230237|163000
4.696282220230237|164000
4.696282220230237|165000
4.696282220230237|166000
4.696282220230237|167000
4.696282220230237|168000
4.696282220230237|169000
4.696282220230237|170000
4.696282220230237|171000
4.696282220230237|172000
4.696282220230237|173000
4.696282220230237|174000
4.696282220230237|175000
4.696282220230237|176000
4.696282220230237|177000
4.696282220230237|178000
4.696282220230237|179000
4.696282220230237|180000
4.696282220230237|181000
4.696282220230237|182000
4.696282220230237|183000
4.696282220230237|184000
4.696282220230237|185000
4.696282220230237|186000
4.696282220230237|187000
4.696282220230237|188000
4.696282220230237|189000
4.696282220230237|190000
4.696282220230237|191000
4.696282220230237|192000
4.696282220230237|193000
4.696282220230237|194000
4.696282220230237|195000
4.696282220230237|196000
4.696282220230237|197000
4.696282220230237|198000
4.696282220230237|199000
4.696282220230237|200000
4.696282220230237|201000
4.696282220230237|202000
4.696282220230237|203000
4.696282220230237|204000
4.696282220230237|205000
4.696282220230237|206000
4.696282220230237|207000
4.696282220230237|208000
4.696282220230237|209000
4.696282220230237|210000
4.696282220230237|211000
4.696282220230237|212000
4.696282220230237|213000
4.696282220230237|214000
4.696282220230237|215000
4.696282220230237|216000
4.696282220230237|217000
4.696282220230237|218000
4.696282220230237|219000
4.696282220230237|220000
4.696282220230237|221000
4.696282220230237|222000
4.696282220230237|223000
4.696282220230237|224000
4.696282220230237|225000
4.696282220230237|226000
4.696282220230237|227000
4.696282220230237|228000
4.696282220230237|229000
4.696282220230237|230000
4.696282220230237|231000
4.696282220230237|232000
4.696282220230237|233000
4.696282220230237|234000
4.696282220230237|235000
4.696282220230237|236000
4.696282220230237|237000
4.696282220230237|238000
4.696282220230237|239000
4.696282220230237|240000
4.696282220230237|241000
4.696282220230237|242000
4.696282220230237|243000
4.696282220230237|244000
4.696282220230237|245000
4.696282220230237|246000
4.696282220230237|247000
4.696282220230237|248000
4.696282220230237|249000
4.696282220230237|250000
4.696282220230237|251000
4.696282220230237|252000
4.696282220230237|253000
4.696282220230237|254000
4.696282220230237|255000
4.696282220230237|256000
4.696282220230237|257000
4.696282220230237|258000
4.696282220230237|259000
4.696282220230237|260000
4.696282220230237|261000
4.696282220230237|262000
4.696282220230237|263000
4.696282220230237|264000
4.696282220230237|265000
4.696282220230237|266000
4.696282220230237|267000
4.696282220230237|268000
4.696282220230237|269000
4.696282220230237|270000
4.696282220230237|271000
4.696282220230237|272000
4.696282220230237|273000
4.696282220230237|274000
4.696282220230237|275000
4.696282220230237|276000
4.696282220230237|277000
4.696282220230237|278000
4.696282220230237|279000
4.696282220230237|280000
4.696282220230237|281000
4.696282220230237|282000
4.696282220230237|283000
4.696282220230237|284000
4.696282220230237|285000
4.696282220230237|286000
4.696282220230237|287000
4.696282220230237|288000
4.696282220230237|289000
4.696282220230237|290000
4.696282220230237|291000
4.696282220230237|292000
4.696282220230237|293000
4.696282220230237|294000
4.696282220230237|295000
4.696282220230237|296000
4.696282220230237|297000
4.696282220230237|298000
4.696282220230237|299000
4.696282220230237|300000
4.696282220230237|301000
4.696282220230237|302000
4.696282220230237|303000
4.696282220230237|304000
4.696282220230237|305000
4.696282220230237|306000
4.696282220230237|307000
4.696282220230237|308000
4.696282220230237|309000
4.696282220230237|310000
4.696282220230237|311000
4.696282220230237|312000
4.696282220230237|313000
4.696282220230237|314000
4.696282220230237|315000
4.696282220230237|316000
4.696282220230237|317000
4.696282220230237|318000
4.696282220230237|319000
4.696282220230237|320000
4.696282220230237|321000
4.696282220230237|322000
4.696282220230237|323000
4.696282220230237|324000
4.696282220230237|325000
4.696282220230237|326000
4.696282220230237|327000
4.696282220230237|328000
4.696282220230237|329000
4.696282220230237|330000
4.696282220230237|331000
4.696282220230237|332000
4.696282220230237|333000
4.696282220230237|334000
4.696282220230237|335000
4.696282220230237|336000
4.696282220230237|337000
4.696282220230237|338000
4.696282220230237|339000
4.696282220230237|340000
4.696282220230237|341000
4.696282220230237|342000
4.696282220230237|343000
4.696282220230237|344000
4.696282220230237|345000
4.696282220230237|346000
4.696282220230237|347000
4.696282220230237|348000
4.696282220230237|349000
4.696282220230237|350000
4.696282220230237|351000
4.696282220230237|352000
4.696282220230237|353000
4.696282220230237|354000
4.696282220230237|355000
4.696282220230237|356000
4.696282220230237|357000
4.696282220230237|358000
4.696282220230237|359000
4.696282220230237|360000
4.696282220230237|361000
4.696282220230237|362000
4.696282220230237|363000
4.696282220230237|364000
4.696282220230237|365000
4.696282220230237|366000
4.696282220230237|367000
4.696282220230237|368000
4.696282220230237|369000
4.696282220230237|370000
4.696282220230237|371000
4.696282220230237|372000
4.696282220230237|373000
4.696282220230237|374000
4.696282220230237|375000
4.696282220230237|376000
4.696282220230237|377000
4.696282220230237|378000
4.696282220230237|379000
4.696282220230237|380000
4.696282220230237|381000
4.696282220230237|382000
4.696282220230237|383000
4.696282220230237|384000
4.696282220230237|385000
4.696282220230237|386000
4.696282220230237|387000
4.696282220230237|388000
4.696282220230237|389000
4.696282220230237|390000
4.696282220230237|391000
4.696282220230237|392000
4.696282220230237|393000
4.696282220230237|394000
4.696282220230237|395000
4.696282220230237|396000
4.696282220230237|397000
4.696282220230237|398000
4.696282220230237|399000
4.696282220230237|400000
4.696282220230237|401000
4.696282220230237|402000
4.696282220230237|403000
4.696282220230237|404000
4.696282220230237|405000
4.696282220230237|406000
4.696282220230237|407000
4.696282220230237|408000
4.696282220230237|409000
4.696282220230237|410000
4.696282220230237|411000
4.696282220230237|412000
4.696282220230237|413000
4.696282220230237|414000
4.696282220230237|415000
4.696282220230237|416000
4.696282220230237|417000
4.696282220230237|418000
4.696282220230237|419000
4.696282220230237|420000
4.696282220230237|421000
4.696282220230237|422000
4.696282220230237|423000
4.696282220230237|424000
4.696282220230237|425000
4.696282220230237|426000
4.696282220230237|427000
4.696282220230237|428000
4.696282220230237|429000
4.696282220230237|430000
4.696282220230237|431000
4.696282220230237|432000
4.696282220230237|433000
4.696282220230237|434000
4.696282220230237|435000
4.696282220230237|436000
4.696282220230237|437000
4.696282220230237|438000
4.696282220230237|439000
4.696282220230237|440000
4.696282220230237|441000
4.696282220230237|442000
4.696282220230237|443000
4.696282220230237|444000
4.696282220230237|445000
4.696282220230237|446000
4.696282220230237|447000
4.696282220230237|448000
4.696282220230237|449000
4.696282220230237|450000
4.696282220230237|451000
4.696282220230237|452000
4.696282220230237|453000
4.696282220230237|454000
4.696282220230237|455000
4.696282220230237|456000
4.696282220230237|457000
4.696282220230237|458000
4.696282220230237|459000
4.696282220230237|460000
4.696282220230237|461000
4.696282220230237|462000
4.696282220230237|463000
4.696282220230237|464000
4.696282220230237|465000
4.696282220230237|466000
4.696282220230237|467000
4.696282220230237|468000
4.696282220230237|469000
4.696282220230237|470000
4.696282220230237|471000
4.696282220230237|472000
4.696282220230237|473000
4.696282220230237|474000
4.696282220230237|475000
4.696282220230237|476000
4.696282220230237|477000
4.696282220230237|478000
4.696282220230237|479000
4.696282220230237|480000
4.696282220230237|481000
4.696282220230237|482000
4.696282220230237|483000
4.696282220230237|484000
4.696282220230237|485000
4.696282220230237|486000
4.696282220230237|487000
4.696282220230237|488000
4.696282220230237|489000
4.696282220230237|490000
4.696282220230237|491000
4.696282220230237|492000
4.696282220230237|493000
4.696282220230237|494000
4.696282220230237|495000
4.696282220230237|496000
4.696282220230237|497000
4.696282220230237|498000
4.696282220230237|499000
4.696282220230237|500000
4.696282220230237|501000
4.696282220230237|502000
4.696282220230237|503000
4.696282220230237|504000
4.696282220230237|505000
4.696282220230237|506000
4.696282220230237|507000
4.696282220230237|508000
4.696282220230237|509000
4.696282220230237|510000
4.696282220230237|511000
4.696282220230237|512000
4.696282220230237|513000
4.696282220230237|514000
4.696282220230237|515000
4.696282220230237|516000
4.696282220230237|517000
4.696282220230237|518000
4.696282220230237|519000
4.696282220230237|520000
4.696282220230237|521000
4.696282220230237|522000
4.696282220230237|523000
4.696282220230237|524000
4.696282220230237|525000
4.696282220230237|526000
4.696282220230237|527000
4.696282220230237|528000
4.696282220230237|529000
4.696282220230237|530000
4.696282220230237|531000
4.696282220230237|532000
4.696282220230237|533000
4.696282220230237|534000
4.696282220230237|535000
4.696282220230237|536000
4.696282220230237|537000
4.696282220230237|538000
4.696282220230237|539000
4.696282220230237|540000
4.696282220230237|541000
4.696282220230237|542000
4.696282220230237|543000
4.696282220230237|544000
4.696282220230237|545000
4.696282220230237|546000
4.696282220230237|547000
4.696282220230237|548000
4.696282220230237|549000
4.696282220230237|550000
4.696282220230237|551000
4.696282220230237|552000
4.696282220230237|553000
4.696282220230237|554000
4.696282220230237|555000
4.696282220230237|556000
4.696282220230237|557000
4.696282220230237|558000
4.696282220230237|559000
4.696282220230237|560000
4.696282220230237|561000
4.696282220230237|562000
4.696282220230237|563000
4.696282220230237|564000
4.696282220230237|565000
4.696282220230237|566000
4.696282220230237|567000
4.696282220230237|568000
4.696282220230237|569000
4.696282220230237|570000
4.696282220230237|571000
4.696282220230237|572000
4.696282220230237|573000
4.696282220230237|574000
4.696282220230237|575000
4.696282220230237|576000
4.696282220230237|577000
4.696282220230237|578000
4.696282220230237|579000
4.696282220230237|580000
4.696282220230237|581000
4.696282220230237|582000
4.696282220230237|583000
4.696282220230237|584000
4.696282220230237|585000
4.696282220230237|586000
4.696282220230237|587000
4.696282220230237|588000
4.696282220230237|589000
4.696282220230237|590000
4.696282220230237|591000
4.696282220230237|592000
4.696282220230237|593000
4.696282220230237|594000
4.696282220230237|595000
4.696282220230237|596000
4.696282220230237|597000
4.696282220230237|598000
4.696282220230237|599000
4.696282220230237|600000
4.696282220230237|601000
4.696282220230237|602000
4.696282220230237|603000
4.696282220230237|604000
4.696282220230237|605000
4.696282220230237|606000
4.696282220230237|607000
4.696282220230237|608000
4.696282220230237|609000
4.696282220230237|610000
4.696282220230237|611000
4.696282220230237|612000
4.696282220230237|613000
4.696282220230237|614000
4.696282220230237|615000
4.696282220230237|616000
4.696282220230237|617000
4.696282220230237|618000
4.696282220230237|619000
4.696282220230237|620000
4.696282220230237|621000
4.696282220230237|622000
4.696282220230237|623000
4.696282220230237|624000
4.696282220230237|625000
4.696282220230237|626000
4.696282220230237|627000
4.696282220230237|628000
4.696282220230237|629000
4.696282220230237|630000
4.696282220230237|631000
4.696282220230237|632000
4.696282220230237|633000
4.696282220230237|634000
4.696282220230237|635000
4.696282220230237|636000
4.696282220230237|637000
4.696282220230237|638000
4.696282220230237|639000
4.696282220230237|640000
4.696282220230237|641000
4.696282220230237|642000
4.696282220230237|643000
4.696282220230237|644000
4.696282220230237|645000
4.696282220230237|646000
4.696282220230237|647000
4.696282220230237|648000
4.696282220230237|649000
4.696282220230237|650000
4.696282220230237|651000
4.696282220230237|652000
4.696282220230237|653000
4.696282220230237|654000
4.696282220230237|655000
4.696282220230237|656000
4.696282220230237|657000
4.696282220230237|658000
4.696282220230237|659000
4.696282220230237|660000
4.696282220230237|661000
4.696282220230237|662000
4.696282220230237|663000
4.696282220230237|664000
4.696282220230237|665000
4.696282220230237|666000
4.696282220230237|667000
4.696282220230237|668000
4.696282220230237|669000
4.696282220230237|670000
4.696282220230237|671000
4.696282220230237|672000
4.696282220230237|673000
4.696282220230237|674000
4.696282220230237|675000
4.696282220230237|676000
4.696282220230237|677000
4.696282220230237|678000
4.696282220230237|679000
4.696282220230237|680000
4.696282220230237|681000
4.696282220230237|682000
4.696282220230237|683000
4.696282220230237|684000
4.696282220230237|685000
4.696282220230237|686000
4.696282220230237|687000
4.696282220230237|688000
4.696282220230237|689000
4.696282220230237|690000
4.696282220230237|691000
4.696282220230237|692000
4.696282220230237|693000
4.696282220230237|694000
4.696282220230237|695000
4.696282220230237|696000
4.696282220230237|697000
4.696282220230237|698000
4.696282220230237|699000
4.696282220230237|700000
4.696282220230237|701000
4.696282220230237|702000
4.696282220230237|703000
4.696282220230237|704000
4.696282220230237|705000
4.696282220230237|706000
4.696282220230237|707000
4.696282220230237|708000
4.696282220230237|709000
4.696282220230237|710000
4.696282220230237|711000
4.696282220230237|712000
4.696282220230237|713000
4.696282220230237|714000
4.696282220230237|715000
4.696282220230237|716000
4.696282220230237|717000
4.696282220230237|718000
4.696282220230237|719000
4.696282220230237|720000
4.696282220230237|721000
4.696282220230237|722000
4.696282220230237|723000
4.696282220230237|724000
4.696282220230237|725000
4.696282220230237|726000
4.696282220230237|727000
4.696282220230237|728000
4.696282220230237|729000
4.696282220230237|730000
4.696282220230237|731000
4.696282220230237|732000
4.696282220230237|733000
4.696282220230237|734000
4.696282220230237|735000
4.696282220230237|736000
4.696282220230237|737000
4.696282220230237|738000
4.696282220230237|739000
4.696282220230237|740000
4.696282220230237|741000
4.696282220230237|742000
4.696282220230237|743000
4.696282220230237|744000
4.696282220230237|745000
4.696282220230237|746000
4.696282220230237|747000
4.696282220230237|748000
4.696282220230237|749000
4.696282220230237|750000
4.696282220230237|751000
4.696282220230237|752000
4.696282220230237|753000
4.696282220230237|754000
4.696282220230237|755000
4.696282220230237|756000
4.696282220230237|757000
4.696282220230237|758000
4.696282220230237|759000
4.696282220230237|760000
4.696282220230237|761000
4.696282220230237|762000
4.696282220230237|763000
4.696282220230237|764000
4.696282220230237|765000
4.696282220230237|766000
4.696282220230237|767000
4.696282220230237|768000
4.696282220230237|769000
4.696282220230237|770000
4.696282220230237|771000
4.696282220230237|772000
4.696282220230237|773000
4.696282220230237|774000
4.696282220230237|775000
4.696282220230237|776000
4.696282220230237|777000
4.696282220230237|778000
4.696282220230237|779000
4.696282220230237|780000
4.696282220230237|781000
4.696282220230237|782000
4.696282220230237|783000
4.696282220230237|784000
4.696282220230237|785000
4.696282220230237|786000
4.696282220230237|787000
4.696282220230237|788000
4.696282220230237|789000
4.696282220230237|790000
4.696282220230237|791000
4.696282220230237|792000
4.696282220230237|793000
4.696282220230237|794000
4.696282220230237|795000
4.696282220230237|796000
4.696282220230237|797000
4.696282220230237|798000
4.696282220230237|799000
4.696282220230237|800000
4.696282220230237|801000
4.696282220230237|802000
4.696282220230237|803000
4.696282220230237|804000
4.696282220230237|805000
4.696282220230237|806000
4.696282220230237|807000
4.696282220230237|808000
4.696282220230237|809000
4.696282220230237|810000
4.696282220230237|811000
4.696282220230237|812000
4.696282220230237|813000
4.696282220230237|814000
4.696282220230237|815000
4.696282220230237|816000
4.696282220230237|817000
4.696282220230237|818000
4.696282220230237|819000
4.696282220230237|820000
4.696282220230237|821000
4.696282220230237|822000
4.696282220230237|823000
4.696282220230237|824000
4.696282220230237|825000
4.696282220230237|826000
4.696282220230237|827000
4.696282220230237|828000
4.696282220230237|829000
4.696282220230237|830000
4.696282220230237|831000
4.696282220230237|832000
4.696282220230237|833000
4.696282220230237|834000
4.696282220230237|835000
4.696282220230237|836000
4.696282220230237|837000
4.696282220230237|838000
4.696282220230237|839000
4.696282220230237|840000
4.696282220230237|841000
4.696282220230237|842000
4.696282220230237|843000
4.696282220230237|844000
4.696282220230237|845000
4.696282220230237|846000
4.696282220230237|847000
4.696282220230237|848000
4.696282220230237|849000
4.696282220230237|850000
4.696282220230237|851000
4.696282220230237|852000
4.696282220230237|853000
4.696282220230237|854000
4.696282220230237|855000
4.696282220230237|856000
4.696282220230237|857000
4.696282220230237|858000
4.696282220230237|859000
4.696282220230237|860000
4.696282220230237|861000
4.696282220230237|862000
4.696282220230237|863000
4.696282220230237|864000
4.696282220230237|865000
4.696282220230237|866000
4.696282220230237|867000
4.696282220230237|868000
4.696282220230237|869000
4.696282220230237|870000
4.696282220230237|871000
4.696282220230237|872000
4.696282220230237|873000
4.696282220230237|874000
4.696282220230237|875000
4.696282220230237|876000
4.696282220230237|877000
4.696282220230237|878000
4.696282220230237|879000
4.696282220230237|880000
4.696282220230237|881000
4.696282220230237|882000
4.696282220230237|883000
4.696282220230237|884000
4.696282220230237|885000
4.696282220230237|886000
4.696282220230237|887000
4.696282220230237|888000
4.696282220230237|889000
4.696282220230237|890000
4.696282220230237|891000
4.696282220230237|892000
4.696282220230237|893000
4.696282220230237|894000
4.696282220230237|895000
4.696282220230237|896000
4.696282220230237|897000
4.696282220230237|898000
4.696282220230237|899000
4.696282220230237|900000
4.696282220230237|901000
4.696282220230237|902000
4.696282220230237|903000
4.696282220230237|904000
4.696282220230237|905000
4.696282220230237|906000
4.696282220230237|907000
4.696282220230237|908000
4.696282220230237|909000
4.696282220230237|910000
4.696282220230237|911000
4.696282220230237|912000
4.696282220230237|913000
4.696282220230237|914000
4.696282220230237|915000
4.696282220230237|916000
4.696282220230237|917000
4.696282220230237|918000
4.696282220230237|919000
4.696282220230237|920000
4.696282220230237|921000
4.696282220230237|922000
4.696282220230237|923000
4.696282220230237|924000
4.696282220230237|925000
4.696282220230237|926000
4.696282220230237|927000
4.696282220230237|928000
4.696282220230237|929000
4.696282220230237|930000
4.696282220230237|931000
4.696282220230237|932000
4.696282220230237|933000
4.696282220230237|934000
4.696282220230237|935000
4.696282220230237|936000
4.696282220230237|937000
4.696282220230237|938000
4.696282220230237|939000
4.696282220230237|940000
4.696282220230237|941000
4.696282220230237|942000
4.696282220230237|943000
4.696282220230237|944000
4.696282220230237|945000
4.696282220230237|946000
4.696282220230237|947000
4.696282220230237|948000
4.696282220230237|949000
4.696282220230237|950000
4.696282220230237|951000
4.696282220230237|952000
4.696282220230237|953000
4.696282220230237|954000
4.696282220230237|955000
4.696282220230237|956000
4.696282220230237|957000
4.696282220230237|958000
4.696282220230237|959000
4.696282220230237|960000
4.696282220230237|961000
4.696282220230237|962000
4.696282220230237|963000
4.696282220230237|964000
4.696282220230237|965000
4.696282220230237|966000
4.696282220230237|967000
4.696282220230237|968000
4.696282220230237|969000
4.696282220230237|970000
4.696282220230237|971000
4.696282220230237|972000
4.696282220230237|973000
4.696282220230237|974000
4.696282220230237|975000
4.696282220230237|976000
4.696282220230237|977000
4.696282220230237|978000
4.696282220230237|979000
4.696282220230237|980000
4.696282220230237|981000
4.696282220230237|982000
4.696282220230237|983000
4.696282220230237|984000
4.696282220230237|985000
4.696282220230237|986000
4.696282220230237|987000
4.696282220230237|988000
4.696282220230237|989000
4.696282220230237|990000
4.696282220230237|991000
4.696282220230237|992000
4.696282220230237|993000
4.696282220230237|994000
4.696282220230237|995000
4.696282220230237|996000
4.696282220230237|997000
4.696282220230237|998000
4.696282220230237|999000
4.696282220230237|1000000
