11.707683057246186|1100
9.967232051741046|2100
9.04302359705961|3100
8.280267298692154|4100
7.527627753330249|5100
7.096272129019764|6100
6.500525075697002|7100
6.276325050203541|8100
6.100496676731069|9100
5.966208607200833|10100
5.854794963874535|11100
5.823394061355271|12100
5.799045076419614|13100
5.767860016713134|14100
5.7132314792349534|15100
5.661321775872422|16100
5.229127308474792|17100
5.124763739759933|18100
5.041539720697935|19100
4.971769179425129|20100
4.963181016560274|21100
4.923112337741923|22100
4.901497351609754|23100
4.879149929177675|24100
4.877622363185054|25100
4.867407321289399|26100
4.86724483236126|27100
4.8465522055465495|28100
4.837123300921478|29100
4.833214689884539|30100
4.833214689884539|31100
4.801693775938989|32100
4.801693775938989|33100
4.741795082220904|34100
4.741795082220904|35100
4.623578937816035|36100
4.581764627139604|37100
4.581756610091746|38100
4.581751819964341|39100
4.5771389245388985|40100
4.5771389245388985|41100
4.5771389245388985|42100
4.5771389245388985|43100
4.5771389245388985|44100
4.5771389245388985|45100
4.5771389245388985|46100
4.5771389245388985|47100
4.5771389245388985|48100
4.5771389245388985|49100
4.5771389245388985|50100
4.5771341344114935|51100
4.5771341344114935|52100
4.5771341344114935|53100
4.5771341344114935|54100
4.5771341344114935|55100
4.5771341344114935|56100
4.5771341344114935|57100
4.5771341344114935|58100
4.5771341344114935|59100
4.5771341344114935|60100
4.5771341344114935|61100
4.5771341344114935|62100
4.5771341344114935|63100
4.5771341344114935|64100
4.5771341344114935|65100
4.5771341344114935|66100
4.5771341344114935|67100
4.5771341344114935|68100
4.5771341344114935|69100
4.5771341344114935|70100
4.5771341344114935|71100
4.5771341344114935|72100
4.5771341344114935|73100
4.5771341344114935|74100
4.5771341344114935|75100
4.5771341344114935|76100
4.5771341344114935|77100
4.5771341344114935|78100
4.5771341344114935|79100
4.5771341344114935|80100
4.5771341344114935|81100
4.5771341344114935|82100
4.5771341344114935|83100
4.5771341344114935|84100
4.5771341344114935|85100
4.5771341344114935|86100
4.5771341344114935|87100
4.5771341344114935|88100
4.5771341344114935|89100
4.5771341344114935|90100
4.5771341344114935|91100
4.5771341344114935|92100
4.5771341344114935|93100
4.5771341344114935|94100
4.5771341344114935|95100
4.5771341344114935|96100
4.5771341344114935|97100
4.5771341344114935|98100
4.5771341344114935|99100
4.5771341344114935|100100
4.5771341344114935|101100
4.5771341344114935|102100
4.5771341344114935|103100
4.5771341344114935|104100
4.5771341344114935|105100
4.5771341344114935|106100
4.5771341344114935|107100
4.5771341344114935|108100
4.5771341344114935|109100
4.5771341344114935|110100
4.5771341344114935|111100
4.5771341344114935|112100
4.5771341344114935|113100
4.5771341344114935|114100
4.5771341344114935|115100
4.5771341344114935|116100
4.5771341344114935|117100
4.5771341344114935|118100
4.5771341344114935|119100
4.5771341344114935|120100
4.5771341344114935|121100
4.5771341344114935|122100
4.5771341344114935|123100
4.5771341344114935|124100
4.5771341344114935|125100
4.5771341344114935|126100
4.5771341344114935|127100
4.5771341344114935|128100
4.5771341344114935|129100
4.5771341344114935|130100
4.5771341344114935|131100
4.5771341344114935|132100
4.5771341344114935|133100
4.5771341344114935|134100
4.5771341344114935|135100
4.5771341344114935|136100
4.5771341344114935|137100
4.5771341344114935|138100
4.5771341344114935|139100
4.5771341344114935|140100
4.5771341344114935|141100
4.5771341344114935|142100
4.5771341344114935|143100
4.5771341344114935|144100
4.5771341344114935|145100
4.5771341344114935|146100
4.5771341344114935|147100
4.5771341344114935|148100
4.5771341344114935|149100
4.5771341344114935|150100
4.5771341344114935|151100
4.5771341344114935|152100
4.5771341344114935|153100
4.5771341344114935|154100
4.5771341344114935|155100
4.5771341344114935|156100
4.5771341344114935|157100
4.5771341344114935|158100
4.5771341344114935|159100
4.5771341344114935|160100
4.5771341344114935|161100
4.5771341344114935|162100
4.5771341344114935|163100
4.5771341344114935|164100
4.5771341344114935|165100
4.5771341344114935|166100
4.5771341344114935|167100
4.5771341344114935|168100
4.5771341344114935|169100
4.5771341344114935|170100
4.5771341344114935|171100
4.5771341344114935|172100
4.5771341344114935|173100
4.5771341344114935|174100
4.5771341344114935|175100
4.5771341344114935|176100
4.5771341344114935|177100
4.5771341344114935|178100
4.5771341344114935|179100
4.5771341344114935|180100
4.5771341344114935|181100
4.5771341344114935|182100
4.5771341344114935|183100
4.5771341344114935|184100
4.5771341344114935|185100
4.5771341344114935|186100
4.5771341344114935|187100
4.5771341344114935|188100
4.5771341344114935|189100
4.5771341344114935|190100
4.5771341344114935|191100
4.5771341344114935|192100
4.5771341344114935|193100
4.5771341344114935|194100
4.5771341344114935|195100
4.5771341344114935|196100
4.5771341344114935|197100
4.5771341344114935|198100
4.5771341344114935|199100
4.5771341344114935|200100
4.5771341344114935|201100
4.5771341344114935|202100
4.5771341344114935|203100
4.5771341344114935|204100
4.5771341344114935|205100
4.5771341344114935|206100
4.5771341344114935|207100
4.5771341344114935|208100
4.5771341344114935|209100
4.5771341344114935|210100
4.5771341344114935|211100
4.5771341344114935|212100
4.5771341344114935|213100
4.5771341344114935|214100
4.5771341344114935|215100
4.5771341344114935|216100
4.5771341344114935|217100
4.5771341344114935|218100
4.5771341344114935|219100
4.5771341344114935|220100
4.5771341344114935|221100
4.5771341344114935|222100
4.5771341344114935|223100
4.5771341344114935|224100
4.5771341344114935|225100
4.5771341344114935|226100
4.5771341344114935|227100
4.5771341344114935|228100
4.5771341344114935|229100
4.5771341344114935|230100
4.5771341344114935|231100
4.5771341344114935|232100
4.5771341344114935|233100
4.5771341344114935|234100
4.5771341344114935|235100
4.5771341344114935|236100
4.5771341344114935|237100
4.5771341344114935|238100
4.5771341344114935|239100
4.5771341344114935|240100
4.5771341344114935|241100
4.5771341344114935|242100
4.5771341344114935|243100
4.5771341344114935|244100
4.5771341344114935|245100
4.5771341344114935|246100
4.5771341344114935|247100
4.5771341344114935|248100
4.5771341344114935|249100
4.5771341344114935|250100
4.5771341344114935|251100
4.5771341344114935|252100
4.5771341344114935|253100
4.5771341344114935|254100
4.5771341344114935|255100
4.5771341344114935|256100
4.5771341344114935|257100
4.5771341344114935|258100
4.5771341344114935|259100
4.5771341344114935|260100
4.5771341344114935|261100
4.5771341344114935|262100
4.5771341344114935|263100
4.5771341344114935|264100
4.5771341344114935|265100
4.5771341344114935|266100
4.5771341344114935|267100
4.5771341344114935|268100
4.5771341344114935|269100
4.5771341344114935|270100
4.5771341344114935|271100
4.5771341344114935|272100
4.5771341344114935|273100
4.5771341344114935|274100
4.5771341344114935|275100
4.5771341344114935|276100
4.5771341344114935|277100
4.5771341344114935|278100
4.5771341344114935|279100
4.5771341344114935|280100
4.5771341344114935|281100
4.5771341344114935|282100
4.5771341344114935|283100
4.5771341344114935|284100
4.5771341344114935|285100
4.5771341344114935|286100
4.5771341344114935|287100
4.5771341344114935|288100
4.5771341344114935|289100
4.5771341344114935|290100
4.5771341344114935|291100
4.5771341344114935|292100
4.5771341344114935|293100
4.5771341344114935|294100
4.5771341344114935|295100
4.5771341344114935|296100
4.5771341344114935|297100
4.5771341344114935|298100
4.5771341344114935|299100
4.5771341344114935|300100
4.5771341344114935|301100
4.5771341344114935|302100
4.5771341344114935|303100
4.5771341344114935|304100
4.5771341344114935|305100
4.5771341344114935|306100
4.5771341344114935|307100
4.5771341344114935|308100
4.5771341344114935|309100
4.5771341344114935|310100
4.5771341344114935|311100
4.5771341344114935|312100
4.5771341344114935|313100
4.5771341344114935|314100
4.5771341344114935|315100
4.5771341344114935|316100
4.5771341344114935|317100
4.5771341344114935|318100
4.5771341344114935|319100
4.5771341344114935|320100
4.5771341344114935|321100
4.5771341344114935|322100
4.5771341344114935|323100
4.5771341344114935|324100
4.5771341344114935|325100
4.5771341344114935|326100
4.5771341344114935|327100
4.5771341344114935|328100
4.5771341344114935|329100
4.5771341344114935|330100
4.5771341344114935|331100
4.5771341344114935|332100
4.5771341344114935|333100
4.5771341344114935|334100
4.5771341344114935|335100
4.5771341344114935|336100
4.5771341344114935|337100
4.5771341344114935|338100
4.5771341344114935|339100
4.5771341344114935|340100
4.5771341344114935|341100
4.5771341344114935|342100
4.5771341344114935|343100
4.5771341344114935|344100
4.5771341344114935|345100
4.5771341344114935|346100
4.5771341344114935|347100
4.5771341344114935|348100
4.5771341344114935|349100
4.5771341344114935|350100
4.5771341344114935|351100
4.5771341344114935|352100
4.5771341344114935|353100
4.5771341344114935|354100
4.5771341344114935|355100
4.5771341344114935|356100
4.5771341344114935|357100
4.5771341344114935|358100
4.5771341344114935|359100
4.5771341344114935|360100
4.5771341344114935|361100
4.5771341344114935|362100
4.5771341344114935|363100
4.5771341344114935|364100
4.5771341344114935|365100
4.5771341344114935|366100
4.5771341344114935|367100
4.5771341344114935|368100
4.5771341344114935|369100
4.5771341344114935|370100
4.5771341344114935|371100
4.5771341344114935|372100
4.5771341344114935|373100
4.5771341344114935|374100
4.5771341344114935|375100
4.5771341344114935|376100
4.5771341344114935|377100
4.5771341344114935|378100
4.5771341344114935|379100
4.5771341344114935|380100
4.5771341344114935|381100
4.5771341344114935|382100
4.5771341344114935|383100
4.5771341344114935|384100
4.5771341344114935|385100
4.5771341344114935|386100
4.5771341344114935|387100
4.5771341344114935|388100
4.5771341344114935|389100
4.5771341344114935|390100
4.5771341344114935|391100
4.5771341344114935|392100
4.5771341344114935|393100
4.5771341344114935|394100
4.5771341344114935|395100
4.5771341344114935|396100
4.5771341344114935|397100
4.5771341344114935|398100
4.5771341344114935|399100
4.5771341344114935|400100
4.5771341344114935|401100
4.5771341344114935|402100
4.5771341344114935|403100
4.5771341344114935|404100
4.5771341344114935|405100
4.5771341344114935|406100
4.5771341344114935|407100
4.5771341344114935|408100
4.5771341344114935|409100
4.5771341344114935|410100
4.5771341344114935|411100
4.5771341344114935|412100
4.5771341344114935|413100
4.5771341344114935|414100
4.5771341344114935|415100
4.5771341344114935|416100
4.5771341344114935|417100
4.5771341344114935|418100
4.5771341344114935|419100
4.5771341344114935|420100
4.5771341344114935|421100
4.5771341344114935|422100
4.5771341344114935|423100
4.5771341344114935|424100
4.5771341344114935|425100
4.5771341344114935|426100
4.5771341344114935|427100
4.5771341344114935|428100
4.5771341344114935|429100
4.5771341344114935|430100
4.5771341344114935|431100
4.5771341344114935|432100
4.5771341344114935|433100
4.5771341344114935|434100
4.5771341344114935|435100
4.5771341344114935|436100
4.5771341344114935|437100
4.5771341344114935|438100
4.5771341344114935|439100
4.5771341344114935|440100
4.5771341344114935|441100
4.5771341344114935|442100
4.5771341344114935|443100
4.5771341344114935|444100
4.5771341344114935|445100
4.5771341344114935|446100
4.5771341344114935|447100
4.5771341344114935|448100
4.5771341344114935|449100
4.5771341344114935|450100
4.5771341344114935|451100
4.5771341344114935|452100
4.5771341344114935|453100
4.5771341344114935|454100
4.5771341344114935|455100
4.5771341344114935|456100
4.5771341344114935|457100
4.5771341344114935|458100
4.5771341344114935|459100
4.5771341344114935|460100
4.5771341344114935|461100
4.5771341344114935|462100
4.5771341344114935|463100
4.5771341344114935|464100
4.5771341344114935|465100
4.5771341344114935|466100
4.5771341344114935|467100
4.5771341344114935|468100
4.5771341344114935|469100
4.5771341344114935|470100
4.5771341344114935|471100
4.5771341344114935|472100
4.5771341344114935|473100
4.5771341344114935|474100
4.5771341344114935|475100
4.5771341344114935|476100
4.5771341344114935|477100
4.5771341344114935|478100
4.5771341344114935|479100
4.5771341344114935|480100
4.5771341344114935|481100
4.5771341344114935|482100
4.5771341344114935|483100
4.5771341344114935|484100
4.5771341344114935|485100
4.5771341344114935|486100
4.5771341344114935|487100
4.5771341344114935|488100
4.5771341344114935|489100
4.5771341344114935|490100
4.5771341344114935|491100
4.5771341344114935|492100
4.5771341344114935|493100
4.5771341344114935|494100
4.5771341344114935|495100
4.5771341344114935|496100
4.5771341344114935|497100
4.5771341344114935|498100
4.5771341344114935|499100
4.5771341344114935|500100
4.5771341344114935|501100
4.5771341344114935|502100
4.5771341344114935|503100
4.5771341344114935|504100
4.5771341344114935|505100
4.5771341344114935|506100
4.5771341344114935|507100
4.5771341344114935|508100
4.5771341344114935|509100
4.5771341344114935|510100
4.5771341344114935|511100
4.5771341344114935|512100
4.5771341344114935|513100
4.5771341344114935|514100
4.5771341344114935|515100
4.5771341344114935|516100
4.5771341344114935|517100
4.5771341344114935|518100
4.5771341344114935|519100
4.5771341344114935|520100
4.5771341344114935|521100
4.5771341344114935|522100
4.5771341344114935|523100
4.5771341344114935|524100
4.5771341344114935|525100
4.5771341344114935|526100
4.5771341344114935|527100
4.5771341344114935|528100
4.5771341344114935|529100
4.5771341344114935|530100
4.5771341344114935|531100
4.5771341344114935|532100
4.5771341344114935|533100
4.5771341344114935|534100
4.5771341344114935|535100
4.5771341344114935|536100
4.5771341344114935|537100
4.5771341344114935|538100
4.5771341344114935|539100
4.5771341344114935|540100
4.5771341344114935|541100
4.5771341344114935|542100
4.5771341344114935|543100
4.5771341344114935|544100
4.5771341344114935|545100
4.5771341344114935|546100
4.5771341344114935|547100
4.5771341344114935|548100
4.5771341344114935|549100
4.5771341344114935|550100
4.5771341344114935|551100
4.5771341344114935|552100
4.5771341344114935|553100
4.5771341344114935|554100
4.5771341344114935|555100
4.5771341344114935|556100
4.5771341344114935|557100
4.5771341344114935|558100
4.5771341344114935|559100
4.5771341344114935|560100
4.5771341344114935|561100
4.5771341344114935|562100
4.5771341344114935|563100
4.5771341344114935|564100
4.5771341344114935|565100
4.5771341344114935|566100
4.5771341344114935|567100
4.5771341344114935|568100
4.5771341344114935|569100
4.5771341344114935|570100
4.5771341344114935|571100
4.5771341344114935|572100
4.5771341344114935|573100
4.5771341344114935|574100
4.5771341344114935|575100
4.5771341344114935|576100
4.5771341344114935|577100
4.5771341344114935|578100
4.5771341344114935|579100
4.5771341344114935|580100
4.5771341344114935|581100
4.5771341344114935|582100
4.5771341344114935|583100
4.5771341344114935|584100
4.5771341344114935|585100
4.5771341344114935|586100
4.5771341344114935|587100
4.5771341344114935|588100
4.5771341344114935|589100
4.5771341344114935|590100
4.5771341344114935|591100
4.5771341344114935|592100
4.5771341344114935|593100
4.5771341344114935|594100
4.5771341344114935|595100
4.5771341344114935|596100
4.5771341344114935|597100
4.5771341344114935|598100
4.5771341344114935|599100
4.5771341344114935|600100
4.5771341344114935|601100
4.5771341344114935|602100
4.5771341344114935|603100
4.5771341344114935|604100
4.5771341344114935|605100
4.5771341344114935|606100
4.5771341344114935|607100
4.5771341344114935|608100
4.5771341344114935|609100
4.5771341344114935|610100
4.5771341344114935|611100
4.5771341344114935|612100
4.5771341344114935|613100
4.5771341344114935|614100
4.5771341344114935|615100
4.5771341344114935|616100
4.5771341344114935|617100
4.5771341344114935|618100
4.5771341344114935|619100
4.5771341344114935|620100
4.5771341344114935|621100
4.5771341344114935|622100
4.5771341344114935|623100
4.5771341344114935|624100
4.5771341344114935|625100
4.5771341344114935|626100
4.5771341344114935|627100
4.5771341344114935|628100
4.5771341344114935|629100
4.5771341344114935|630100
4.5771341344114935|631100
4.5771341344114935|632100
4.5771341344114935|633100
4.5771341344114935|634100
4.5771341344114935|635100
4.5771341344114935|636100
4.5771341344114935|637100
4.5771341344114935|638100
4.5771341344114935|639100
4.5771341344114935|640100
4.5771341344114935|641100
4.5771341344114935|642100
4.5771341344114935|643100
4.5771341344114935|644100
4.5771341344114935|645100
4.5771341344114935|646100
4.5771341344114935|647100
4.5771341344114935|648100
4.5771341344114935|649100
4.5771341344114935|650100
4.5771341344114935|651100
4.5771341344114935|652100
4.5771341344114935|653100
4.5771341344114935|654100
4.5771341344114935|655100
4.5771341344114935|656100
4.5771341344114935|657100
4.5771341344114935|658100
4.5771341344114935|659100
4.5771341344114935|660100
4.5771341344114935|661100
4.5771341344114935|662100
4.5771341344114935|663100
4.5771341344114935|664100
4.5771341344114935|665100
4.5771341344114935|666100
4.5771341344114935|667100
4.5771341344114935|668100
4.5771341344114935|669100
4.5771341344114935|670100
4.5771341344114935|671100
4.5771341344114935|672100
4.5771341344114935|673100
4.5771341344114935|674100
4.5771341344114935|675100
4.5771341344114935|676100
4.5771341344114935|677100
4.5771341344114935|678100
4.5771341344114935|679100
4.5771341344114935|680100
4.5771341344114935|681100
4.5771341344114935|682100
4.5771341344114935|683100
4.5771341344114935|684100
4.5771341344114935|685100
4.5771341344114935|686100
4.5771341344114935|687100
4.5771341344114935|688100
4.5771341344114935|689100
4.5771341344114935|690100
4.5771341344114935|691100
4.5771341344114935|692100
4.5771341344114935|693100
4.5771341344114935|694100
4.5771341344114935|695100
4.5771341344114935|696100
4.5771341344114935|697100
4.5771341344114935|698100
4.5771341344114935|699100
4.5771341344114935|700100
4.5771341344114935|701100
4.5771341344114935|702100
4.5771341344114935|703100
4.5771341344114935|704100
4.5771341344114935|705100
4.5771341344114935|706100
4.5771341344114935|707100
4.5771341344114935|708100
4.5771341344114935|709100
4.5771341344114935|710100
4.5771341344114935|711100
4.5771341344114935|712100
4.5771341344114935|713100
4.5771341344114935|714100
4.5771341344114935|715100
4.5771341344114935|716100
4.5771341344114935|717100
4.5771341344114935|718100
4.5771341344114935|719100
4.5771341344114935|720100
4.5771341344114935|721100
4.5771341344114935|722100
4.5771341344114935|723100
4.5771341344114935|724100
4.5771341344114935|725100
4.5771341344114935|726100
4.5771341344114935|727100
4.5771341344114935|728100
4.5771341344114935|729100
4.5771341344114935|730100
4.5771341344114935|731100
4.5771341344114935|732100
4.5771341344114935|733100
4.5771341344114935|734100
4.5771341344114935|735100
4.5771341344114935|736100
4.5771341344114935|737100
4.5771341344114935|738100
4.5771341344114935|739100
4.5771341344114935|740100
4.5771341344114935|741100
4.5771341344114935|742100
4.5771341344114935|743100
4.5771341344114935|744100
4.5771341344114935|745100
4.5771341344114935|746100
4.5771341344114935|747100
4.5771341344114935|748100
4.5771341344114935|749100
4.5771341344114935|750100
4.5771341344114935|751100
4.5771341344114935|752100
4.5771341344114935|753100
4.5771341344114935|754100
4.5771341344114935|755100
4.5771341344114935|756100
4.5771341344114935|757100
4.5771341344114935|758100
4.5771341344114935|759100
4.5771341344114935|760100
4.5771341344114935|761100
4.5771341344114935|762100
4.5771341344114935|763100
4.5771341344114935|764100
4.5771341344114935|765100
4.5771341344114935|766100
4.5771341344114935|767100
4.5771341344114935|768100
4.5771341344114935|769100
4.5771341344114935|770100
4.5771341344114935|771100
4.5771341344114935|772100
4.5771341344114935|773100
4.5771341344114935|774100
4.5771341344114935|775100
4.5771341344114935|776100
4.5771341344114935|777100
4.5771341344114935|778100
4.5771341344114935|779100
4.5771341344114935|780100
4.5771341344114935|781100
4.5771341344114935|782100
4.5771341344114935|783100
4.5771341344114935|784100
4.5771341344114935|785100
4.5771341344114935|786100
4.5771341344114935|787100
4.5771341344114935|788100
4.5771341344114935|789100
4.5771341344114935|790100
4.5771341344114935|791100
4.5771341344114935|792100
4.5771341344114935|793100
4.5771341344114935|794100
4.5771341344114935|795100
4.5771341344114935|796100
4.5771341344114935|797100
4.5771341344114935|798100
4.5771341344114935|799100
4.5771341344114935|800100
4.5771341344114935|801100
4.5771341344114935|802100
4.5771341344114935|803100
4.5771341344114935|804100
4.5771341344114935|805100
4.5771341344114935|806100
4.5771341344114935|807100
4.5771341344114935|808100
4.5771341344114935|809100
4.5771341344114935|810100
4.5771341344114935|811100
4.5771341344114935|812100
4.5771341344114935|813100
4.5771341344114935|814100
4.5771341344114935|815100
4.5771341344114935|816100
4.5771341344114935|817100
4.5771341344114935|818100
4.5771341344114935|819100
4.5771341344114935|820100
4.5771341344114935|821100
4.5771341344114935|822100
4.5771341344114935|823100
4.5771341344114935|824100
4.5771341344114935|825100
4.5771341344114935|826100
4.5771341344114935|827100
4.5771341344114935|828100
4.5771341344114935|829100
4.5771341344114935|830100
4.5771341344114935|831100
4.5771341344114935|832100
4.5771341344114935|833100
4.5771341344114935|834100
4.5771341344114935|835100
4.5771341344114935|836100
4.5771341344114935|837100
4.5771341344114935|838100
4.5771341344114935|839100
4.5771341344114935|840100
4.5771341344114935|841100
4.5771341344114935|842100
4.5771341344114935|843100
4.5771341344114935|844100
4.5771341344114935|845100
4.5771341344114935|846100
4.5771341344114935|847100
4.5771341344114935|848100
4.5771341344114935|849100
4.5771341344114935|850100
4.5771341344114935|851100
4.5771341344114935|852100
4.5771341344114935|853100
4.5771341344114935|854100
4.5771341344114935|855100
4.5771341344114935|856100
4.5771341344114935|857100
4.5771341344114935|858100
4.5771341344114935|859100
4.5771341344114935|860100
4.5771341344114935|861100
4.5771341344114935|862100
4.5771341344114935|863100
4.5771341344114935|864100
4.5771341344114935|865100
4.5771341344114935|866100
4.5771341344114935|867100
4.5771341344114935|868100
4.5771341344114935|869100
4.5771341344114935|870100
4.5771341344114935|871100
4.5771341344114935|872100
4.5771341344114935|873100
4.5771341344114935|874100
4.5771341344114935|875100
4.5771341344114935|876100
4.5771341344114935|877100
4.5771341344114935|878100
4.5771341344114935|879100
4.5771341344114935|880100
4.5771341344114935|881100
4.5771341344114935|882100
4.5771341344114935|883100
4.5771341344114935|884100
4.5771341344114935|885100
4.5771341344114935|886100
4.5771341344114935|887100
4.5771341344114935|888100
4.5771341344114935|889100
4.5771341344114935|890100
4.5771341344114935|891100
4.5771341344114935|892100
4.5771341344114935|893100
4.5771341344114935|894100
4.5771341344114935|895100
4.5771341344114935|896100
4.5771341344114935|897100
4.5771341344114935|898100
4.5771341344114935|899100
4.5771341344114935|900100
4.5771341344114935|901100
4.5771341344114935|902100
4.5771341344114935|903100
4.5771341344114935|904100
4.5771341344114935|905100
4.5771341344114935|906100
4.5771341344114935|907100
4.5771341344114935|908100
4.5771341344114935|909100
4.5771341344114935|910100
4.5771341344114935|911100
4.5771341344114935|912100
4.5771341344114935|913100
4.5771341344114935|914100
4.5771341344114935|915100
4.5771341344114935|916100
4.5771341344114935|917100
4.5771341344114935|918100
4.5771341344114935|919100
4.5771341344114935|920100
4.5771341344114935|921100
4.5771341344114935|922100
4.5771341344114935|923100
4.5771341344114935|924100
4.5771341344114935|925100
4.5771341344114935|926100
4.5771341344114935|927100
4.5771341344114935|928100
4.5771341344114935|929100
4.5771341344114935|930100
4.5771341344114935|931100
4.5771341344114935|932100
4.5771341344114935|933100
4.5771341344114935|934100
4.5771341344114935|935100
4.5771341344114935|936100
4.5771341344114935|937100
4.5771341344114935|938100
4.5771341344114935|939100
4.5771341344114935|940100
4.5771341344114935|941100
4.5771341344114935|942100
4.5771341344114935|943100
4.5771341344114935|944100
4.5771341344114935|945100
4.5771341344114935|946100
4.5771341344114935|947100
4.5771341344114935|948100
4.5771341344114935|949100
4.5771341344114935|950100
4.5771341344114935|951100
4.5771341344114935|952100
4.5771341344114935|953100
4.5771341344114935|954100
4.5771341344114935|955100
4.5771341344114935|956100
4.5771341344114935|957100
4.5771341344114935|958100
4.5771341344114935|959100
4.5771341344114935|960100
4.5771341344114935|961100
4.5771341344114935|962100
4.5771341344114935|963100
4.5771341344114935|964100
4.5771341344114935|965100
4.5771341344114935|966100
4.5771341344114935|967100
4.5771341344114935|968100
4.5771341344114935|969100
4.5771341344114935|970100
4.5771341344114935|971100
4.5771341344114935|972100
4.5771341344114935|973100
4.5771341344114935|974100
4.5771341344114935|975100
4.5771341344114935|976100
4.5771341344114935|977100
4.5771341344114935|978100
4.5771341344114935|979100
4.5771341344114935|980100
4.5771341344114935|981100
4.5771341344114935|982100
4.5771341344114935|983100
4.5771341344114935|984100
4.5771341344114935|985100
4.5771341344114935|986100
4.5771341344114935|987100
4.5771341344114935|988100
4.5771341344114935|989100
4.5771341344114935|990100
4.5771341344114935|991100
4.5771341344114935|992100
4.5771341344114935|993100
4.5771341344114935|994100
4.5771341344114935|995100
4.5771341344114935|996100
4.5771341344114935|997100
4.5771341344114935|998100
4.5771341344114935|999100
4.5771341344114935|1000100
