8.845502075215265|1010
7.212044828442587|2010
6.07018181740111|3010
5.63264279471537|4010
5.50456856613757|5010
5.342898472895488|6010
5.291944949729215|7010
5.291944949729215|8010
5.27549940279758|9010
5.260929451230142|10010
5.260929451230142|11010
5.252313740723263|12010
5.221590318622145|13010
5.221590318622145|14010
5.218605848381326|15010
5.218605848381326|16010
5.218568095291497|17010
5.218537273720967|18010
5.215468219986997|19010
5.215468219986997|20010
5.215468219986997|21010
5.215468219986997|22010
5.215468219986997|23010
5.215468219986997|24010
5.215468219986997|25010
5.215468219986997|26010
5.215468219986997|27010
5.215468219986997|28010
5.215468219986997|29010
5.215468219986997|30010
5.215468219986997|31010
5.215468219986997|32010
5.215468219986997|33010
5.215468219986997|34010
5.215468219986997|35010
5.215468219986997|36010
5.215468219986997|37010
5.215468219986997|38010
5.215468219986997|39010
5.215468219986997|40010
5.215468219986997|41010
5.215468219986997|42010
5.215468219986997|43010
5.215468219986997|44010
5.215468219986997|45010
5.215468219986997|46010
5.215468219986997|47010
5.215468219986997|48010
5.215468219986997|49010
5.215468219986997|50010
5.215468219986997|51010
5.215468219986997|52010
5.215468219986997|53010
5.215468219986997|54010
5.215468219986997|55010
5.215468219986997|56010
5.215468219986997|57010
5.215468219986997|58010
5.215468219986997|59010
5.215468219986997|60010
5.215468219986997|61010
5.215468219986997|62010
5.215468219986997|63010
5.215468219986997|64010
5.215468219986997|65010
5.215468219986997|66010
5.215468219986997|67010
5.215468219986997|68010
5.215468219986997|69010
5.215468219986997|70010
5.215468219986997|71010
5.215468219986997|72010
5.215468219986997|73010
5.215468219986997|74010
5.215468219986997|75010
5.215468219986997|76010
5.215468219986997|77010
5.215468219986997|78010
5.215468219986997|79010
5.215468219986997|80010
5.215468219986997|81010
5.215468219986997|82010
5.215468219986997|83010
5.215468219986997|84010
5.215468219986997|85010
5.215468219986997|86010
5.215468219986997|87010
5.215468219986997|88010
5.215468219986997|89010
5.215468219986997|90010
5.215468219986997|91010
5.215468219986997|92010
5.215468219986997|93010
5.215468219986997|94010
5.215468219986997|95010
5.215468219986997|96010
5.215468219986997|97010
5.215468219986997|98010
5.215468219986997|99010
5.215468219986997|100010
5.215468219986997|101010
5.215468219986997|102010
5.215468219986997|103010
5.215468219986997|104010
5.215468219986997|105010
5.215468219986997|106010
5.215468219986997|107010
5.215468219986997|108010
5.215468219986997|109010
5.215468219986997|110010
5.215468219986997|111010
5.215468219986997|112010
5.215468219986997|113010
5.215468219986997|114010
5.215468219986997|115010
5.215468219986997|116010
5.215468219986997|117010
5.215468219986997|118010
5.215468219986997|119010
5.215468219986997|120010
5.215468219986997|121010
5.215468219986997|122010
5.215468219986997|123010
5.215468219986997|124010
5.215468219986997|125010
5.215468219986997|126010
5.215468219986997|127010
5.215468219986997|128010
5.215468219986997|129010
5.215468219986997|130010
5.215468219986997|131010
5.215468219986997|132010
5.215468219986997|133010
5.215468219986997|134010
5.215468219986997|135010
5.215468219986997|136010
5.215468219986997|137010
5.215468219986997|138010
5.215468219986997|139010
5.215468219986997|140010
5.215468219986997|141010
5.215468219986997|142010
5.215468219986997|143010
5.215468219986997|144010
5.215468219986997|145010
5.215468219986997|146010
5.215468219986997|147010
5.215468219986997|148010
5.215468219986997|149010
5.215468219986997|150010
5.215468219986997|151010
5.215468219986997|152010
5.215468219986997|153010
5.215468219986997|154010
5.215468219986997|155010
5.215468219986997|156010
5.215468219986997|157010
5.215468219986997|158010
5.215468219986997|159010
5.215468219986997|160010
5.215468219986997|161010
5.215468219986997|162010
5.215468219986997|163010
5.215468219986997|164010
5.215468219986997|165010
5.215468219986997|166010
5.215468219986997|167010
5.215468219986997|168010
5.215468219986997|169010
5.215468219986997|170010
5.215468219986997|171010
5.215468219986997|172010
5.215468219986997|173010
5.215468219986997|174010
5.215468219986997|175010
5.215468219986997|176010
5.215468219986997|177010
5.215468219986997|178010
5.215468219986997|179010
5.215468219986997|180010
5.215468219986997|181010
5.215468219986997|182010
5.215468219986997|183010
5.215468219986997|184010
5.215468219986997|185010
5.215468219986997|186010
5.215468219986997|187010
5.215468219986997|188010
5.215468219986997|189010
5.215468219986997|190010
5.215468219986997|191010
5.215468219986997|192010
5.215468219986997|193010
5.215468219986997|194010
5.215468219986997|195010
5.215468219986997|196010
5.215468219986997|197010
5.215468219986997|198010
5.215468219986997|199010
5.215468219986997|200010
5.215468219986997|201010
5.215468219986997|202010
5.215468219986997|203010
5.215468219986997|204010
5.215468219986997|205010
5.215468219986997|206010
5.215468219986997|207010
5.215468219986997|208010
5.215468219986997|209010
5.215468219986997|210010
5.215468219986997|211010
5.215468219986997|212010
5.215468219986997|213010
5.215468219986997|214010
5.215468219986997|215010
5.215468219986997|216010
5.215468219986997|217010
5.215468219986997|218010
5.215468219986997|219010
5.215468219986997|220010
5.215468219986997|221010
5.215468219986997|222010
5.215468219986997|223010
5.215468219986997|224010
5.215468219986997|225010
5.215468219986997|226010
5.215468219986997|227010
5.215468219986997|228010
5.215468219986997|229010
5.215468219986997|230010
5.215468219986997|231010
5.215468219986997|232010
5.215468219986997|233010
5.215468219986997|234010
5.215468219986997|235010
5.215468219986997|236010
5.215468219986997|237010
5.215468219986997|238010
5.215468219986997|239010
5.215468219986997|240010
5.215468219986997|241010
5.215468219986997|242010
5.215468219986997|243010
5.215468219986997|244010
5.215468219986997|245010
5.215468219986997|246010
5.215468219986997|247010
5.215468219986997|248010
5.215468219986997|249010
5.215468219986997|250010
5.215468219986997|251010
5.215468219986997|252010
5.215468219986997|253010
5.215468219986997|254010
5.215468219986997|255010
5.215468219986997|256010
5.215468219986997|257010
5.215468219986997|258010
5.215468219986997|259010
5.215468219986997|260010
5.215468219986997|261010
5.215468219986997|262010
5.215468219986997|263010
5.215468219986997|264010
5.215468219986997|265010
5.215468219986997|266010
5.215468219986997|267010
5.215468219986997|268010
5.215468219986997|269010
5.215468219986997|270010
5.215468219986997|271010
5.215468219986997|272010
5.215468219986997|273010
5.215468219986997|274010
5.215468219986997|275010
5.215468219986997|276010
5.215468219986997|277010
5.215468219986997|278010
5.215468219986997|279010
5.215468219986997|280010
5.215468219986997|281010
5.215468219986997|282010
5.215468219986997|283010
5.215468219986997|284010
5.215468219986997|285010
5.215468219986997|286010
5.215468219986997|287010
5.215468219986997|288010
5.215468219986997|289010
5.215468219986997|290010
5.215468219986997|291010
5.215468219986997|292010
5.215468219986997|293010
5.215468219986997|294010
5.215468219986997|295010
5.215468219986997|296010
5.215468219986997|297010
5.215468219986997|298010
5.215468219986997|299010
5.215468219986997|300010
5.215468219986997|301010
5.215468219986997|302010
5.215468219986997|303010
5.215468219986997|304010
5.215468219986997|305010
5.215468219986997|306010
5.215468219986997|307010
5.215468219986997|308010
5.215468219986997|309010
5.215468219986997|310010
5.215468219986997|311010
5.215468219986997|312010
5.215468219986997|313010
5.215468219986997|314010
5.215468219986997|315010
5.215468219986997|316010
5.215468219986997|317010
5.215468219986997|318010
5.215468219986997|319010
5.215468219986997|320010
5.215468219986997|321010
5.215468219986997|322010
5.215468219986997|323010
5.215468219986997|324010
5.215468219986997|325010
5.215468219986997|326010
5.215468219986997|327010
5.215468219986997|328010
5.215468219986997|329010
5.215468219986997|330010
5.215468219986997|331010
5.215468219986997|332010
5.215468219986997|333010
5.215468219986997|334010
5.215468219986997|335010
5.215468219986997|336010
5.215468219986997|337010
5.215468219986997|338010
5.215468219986997|339010
5.215468219986997|340010
5.215468219986997|341010
5.215468219986997|342010
5.215468219986997|343010
5.215468219986997|344010
5.215468219986997|345010
5.215468219986997|346010
5.215468219986997|347010
5.215468219986997|348010
5.215468219986997|349010
5.215468219986997|350010
5.215468219986997|351010
5.215468219986997|352010
5.215468219986997|353010
5.215468219986997|354010
5.215468219986997|355010
5.215468219986997|356010
5.215468219986997|357010
5.215468219986997|358010
5.215468219986997|359010
5.215468219986997|360010
5.215468219986997|361010
5.215468219986997|362010
5.215468219986997|363010
5.215468219986997|364010
5.215468219986997|365010
5.215468219986997|366010
5.215468219986997|367010
5.215468219986997|368010
5.215468219986997|369010
5.215468219986997|370010
5.215468219986997|371010
5.215468219986997|372010
5.215468219986997|373010
5.215468219986997|374010
5.215468219986997|375010
5.215468219986997|376010
5.215468219986997|377010
5.215468219986997|378010
5.215468219986997|379010
5.215468219986997|380010
5.215468219986997|381010
5.215468219986997|382010
5.215468219986997|383010
5.215468219986997|384010
5.215468219986997|385010
5.215468219986997|386010
5.215468219986997|387010
5.215468219986997|388010
5.215468219986997|389010
5.215468219986997|390010
5.215468219986997|391010
5.215468219986997|392010
5.215468219986997|393010
5.215468219986997|394010
5.215468219986997|395010
5.215468219986997|396010
5.215468219986997|397010
5.215468219986997|398010
5.215468219986997|399010
5.215468219986997|400010
5.215468219986997|401010
5.215468219986997|402010
5.215468219986997|403010
5.215468219986997|404010
5.215468219986997|405010
5.215468219986997|406010
5.215468219986997|407010
5.215468219986997|408010
5.215468219986997|409010
5.215468219986997|410010
5.215468219986997|411010
5.215468219986997|412010
5.215468219986997|413010
5.215468219986997|414010
5.215468219986997|415010
5.215468219986997|416010
5.215468219986997|417010
5.215468219986997|418010
5.215468219986997|419010
5.215468219986997|420010
5.215468219986997|421010
5.215468219986997|422010
5.215468219986997|423010
5.215468219986997|424010
5.215468219986997|425010
5.215468219986997|426010
5.215468219986997|427010
5.215468219986997|428010
5.215468219986997|429010
5.215468219986997|430010
5.215468219986997|431010
5.215468219986997|432010
5.215468219986997|433010
5.215468219986997|434010
5.215468219986997|435010
5.215468219986997|436010
5.215468219986997|437010
5.215468219986997|438010
5.215468219986997|439010
5.215468219986997|440010
5.215468219986997|441010
5.215468219986997|442010
5.215468219986997|443010
5.215468219986997|444010
5.215468219986997|445010
5.215468219986997|446010
5.215468219986997|447010
5.215468219986997|448010
5.215468219986997|449010
5.215468219986997|450010
5.215468219986997|451010
5.215468219986997|452010
5.215468219986997|453010
5.215468219986997|454010
5.215468219986997|455010
5.215468219986997|456010
5.215468219986997|457010
5.215468219986997|458010
5.215468219986997|459010
5.215468219986997|460010
5.215468219986997|461010
5.215468219986997|462010
5.215468219986997|463010
5.215468219986997|464010
5.215468219986997|465010
5.215468219986997|466010
5.215468219986997|467010
5.215468219986997|468010
5.215468219986997|469010
5.215468219986997|470010
5.215468219986997|471010
5.215468219986997|472010
5.215468219986997|473010
5.215468219986997|474010
5.215468219986997|475010
5.215468219986997|476010
5.215468219986997|477010
5.215468219986997|478010
5.215468219986997|479010
5.215468219986997|480010
5.215468219986997|481010
5.215468219986997|482010
5.215468219986997|483010
5.215468219986997|484010
5.215468219986997|485010
5.215468219986997|486010
5.215468219986997|487010
5.215468219986997|488010
5.215468219986997|489010
5.215468219986997|490010
5.215468219986997|491010
5.215468219986997|492010
5.215468219986997|493010
5.215468219986997|494010
5.215468219986997|495010
5.215468219986997|496010
5.215468219986997|497010
5.215468219986997|498010
5.215468219986997|499010
5.215468219986997|500010
5.215468219986997|501010
5.215468219986997|502010
5.215468219986997|503010
5.215468219986997|504010
5.215468219986997|505010
5.215468219986997|506010
5.215468219986997|507010
5.215468219986997|508010
5.215468219986997|509010
5.215468219986997|510010
5.215468219986997|511010
5.215468219986997|512010
5.215468219986997|513010
5.215468219986997|514010
5.215468219986997|515010
5.215468219986997|516010
5.215468219986997|517010
5.215468219986997|518010
5.215468219986997|519010
5.215468219986997|520010
5.215468219986997|521010
5.215468219986997|522010
5.215468219986997|523010
5.215468219986997|524010
5.215468219986997|525010
5.215468219986997|526010
5.215468219986997|527010
5.215468219986997|528010
5.215468219986997|529010
5.215468219986997|530010
5.215468219986997|531010
5.215468219986997|532010
5.215468219986997|533010
5.215468219986997|534010
5.215468219986997|535010
5.215468219986997|536010
5.215468219986997|537010
5.215468219986997|538010
5.215468219986997|539010
5.215468219986997|540010
5.215468219986997|541010
5.215468219986997|542010
5.215468219986997|543010
5.215468219986997|544010
5.215468219986997|545010
5.215468219986997|546010
5.215468219986997|547010
5.215468219986997|548010
5.215468219986997|549010
5.215468219986997|550010
5.215468219986997|551010
5.215468219986997|552010
5.215468219986997|553010
5.215468219986997|554010
5.215468219986997|555010
5.215468219986997|556010
5.215468219986997|557010
5.215468219986997|558010
5.215468219986997|559010
5.215468219986997|560010
5.215468219986997|561010
5.215468219986997|562010
5.215468219986997|563010
5.215468219986997|564010
5.215468219986997|565010
5.215468219986997|566010
5.215468219986997|567010
5.215468219986997|568010
5.215468219986997|569010
5.215468219986997|570010
5.215468219986997|571010
5.215468219986997|572010
5.215468219986997|573010
5.215468219986997|574010
5.215468219986997|575010
5.215468219986997|576010
5.215468219986997|577010
5.215468219986997|578010
5.215468219986997|579010
5.215468219986997|580010
5.215468219986997|581010
5.215468219986997|582010
5.215468219986997|583010
5.215468219986997|584010
5.215468219986997|585010
5.215468219986997|586010
5.215468219986997|587010
5.215468219986997|588010
5.215468219986997|589010
5.215468219986997|590010
5.215468219986997|591010
5.215468219986997|592010
5.215468219986997|593010
5.215468219986997|594010
5.215468219986997|595010
5.215468219986997|596010
5.215468219986997|597010
5.215468219986997|598010
5.215468219986997|599010
5.215468219986997|600010
5.215468219986997|601010
5.215468219986997|602010
5.215468219986997|603010
5.215468219986997|604010
5.215468219986997|605010
5.215468219986997|606010
5.215468219986997|607010
5.215468219986997|608010
5.215468219986997|609010
5.215468219986997|610010
5.215468219986997|611010
5.215468219986997|612010
5.215468219986997|613010
5.215468219986997|614010
5.215468219986997|615010
5.215468219986997|616010
5.215468219986997|617010
5.215468219986997|618010
5.215468219986997|619010
5.215468219986997|620010
5.215468219986997|621010
5.215468219986997|622010
5.215468219986997|623010
5.215468219986997|624010
5.215468219986997|625010
5.215468219986997|626010
5.215468219986997|627010
5.215468219986997|628010
5.215468219986997|629010
5.215468219986997|630010
5.215468219986997|631010
5.215468219986997|632010
5.215468219986997|633010
5.215468219986997|634010
5.215468219986997|635010
5.215468219986997|636010
5.215468219986997|637010
5.215468219986997|638010
5.215468219986997|639010
5.215468219986997|640010
5.215468219986997|641010
5.215468219986997|642010
5.215468219986997|643010
5.215468219986997|644010
5.215468219986997|645010
5.215468219986997|646010
5.215468219986997|647010
5.215468219986997|648010
5.215468219986997|649010
5.215468219986997|650010
5.215468219986997|651010
5.215468219986997|652010
5.215468219986997|653010
5.215468219986997|654010
5.215468219986997|655010
5.215468219986997|656010
5.215468219986997|657010
5.215468219986997|658010
5.215468219986997|659010
5.215468219986997|660010
5.215468219986997|661010
5.215468219986997|662010
5.215468219986997|663010
5.215468219986997|664010
5.215468219986997|665010
5.215468219986997|666010
5.215468219986997|667010
5.215468219986997|668010
5.215468219986997|669010
5.215468219986997|670010
5.215468219986997|671010
5.215468219986997|672010
5.215468219986997|673010
5.215468219986997|674010
5.215468219986997|675010
5.215468219986997|676010
5.215468219986997|677010
5.215468219986997|678010
5.215468219986997|679010
5.215468219986997|680010
5.215468219986997|681010
5.215468219986997|682010
5.215468219986997|683010
5.215468219986997|684010
5.215468219986997|685010
5.215468219986997|686010
5.215468219986997|687010
5.215468219986997|688010
5.215468219986997|689010
5.215468219986997|690010
5.215468219986997|691010
5.215468219986997|692010
5.215468219986997|693010
5.215468219986997|694010
5.215468219986997|695010
5.215468219986997|696010
5.215468219986997|697010
5.215468219986997|698010
5.215468219986997|699010
5.215468219986997|700010
5.215468219986997|701010
5.215468219986997|702010
5.215468219986997|703010
5.215468219986997|704010
5.215468219986997|705010
5.215468219986997|706010
5.215468219986997|707010
5.215468219986997|708010
5.215468219986997|709010
5.215468219986997|710010
5.215468219986997|711010
5.215468219986997|712010
5.215468219986997|713010
5.215468219986997|714010
5.215468219986997|715010
5.215468219986997|716010
5.215468219986997|717010
5.215468219986997|718010
5.215468219986997|719010
5.215468219986997|720010
5.215468219986997|721010
5.215468219986997|722010
5.215468219986997|723010
5.215468219986997|724010
5.215468219986997|725010
5.215468219986997|726010
5.215468219986997|727010
5.215468219986997|728010
5.215468219986997|729010
5.215468219986997|730010
5.215468219986997|731010
5.215468219986997|732010
5.215468219986997|733010
5.215468219986997|734010
5.215468219986997|735010
5.215468219986997|736010
5.215468219986997|737010
5.215468219986997|738010
5.215468219986997|739010
5.215468219986997|740010
5.215468219986997|741010
5.215468219986997|742010
5.215468219986997|743010
5.215468219986997|744010
5.215468219986997|745010
5.215468219986997|746010
5.215468219986997|747010
5.215468219986997|748010
5.215468219986997|749010
5.215468219986997|750010
5.215468219986997|751010
5.215468219986997|752010
5.215468219986997|753010
5.215468219986997|754010
5.215468219986997|755010
5.215468219986997|756010
5.215468219986997|757010
5.215468219986997|758010
5.215468219986997|759010
5.215468219986997|760010
5.215468219986997|761010
5.215468219986997|762010
5.215468219986997|763010
5.215468219986997|764010
5.215468219986997|765010
5.215468219986997|766010
5.215468219986997|767010
5.215468219986997|768010
5.215468219986997|769010
5.215468219986997|770010
5.215468219986997|771010
5.215468219986997|772010
5.215468219986997|773010
5.215468219986997|774010
5.215468219986997|775010
5.215468219986997|776010
5.215468219986997|777010
5.215468219986997|778010
5.215468219986997|779010
5.215468219986997|780010
5.215468219986997|781010
5.215468219986997|782010
5.215468219986997|783010
5.215468219986997|784010
5.215468219986997|785010
5.215468219986997|786010
5.215468219986997|787010
5.215468219986997|788010
5.215468219986997|789010
5.215468219986997|790010
5.215468219986997|791010
5.215468219986997|792010
5.215468219986997|793010
5.215468219986997|794010
5.215468219986997|795010
5.215468219986997|796010
5.215468219986997|797010
5.215468219986997|798010
5.215468219986997|799010
5.215468219986997|800010
5.215468219986997|801010
5.215468219986997|802010
5.215468219986997|803010
5.215468219986997|804010
5.215468219986997|805010
5.215468219986997|806010
5.215468219986997|807010
5.215468219986997|808010
5.215468219986997|809010
5.215468219986997|810010
5.215468219986997|811010
5.215468219986997|812010
5.215468219986997|813010
5.215468219986997|814010
5.215468219986997|815010
5.215468219986997|816010
5.215468219986997|817010
5.215468219986997|818010
5.215468219986997|819010
5.215468219986997|820010
5.215468219986997|821010
5.215468219986997|822010
5.215468219986997|823010
5.215468219986997|824010
5.215468219986997|825010
5.215468219986997|826010
5.215468219986997|827010
5.215468219986997|828010
5.215468219986997|829010
5.215468219986997|830010
5.215468219986997|831010
5.215468219986997|832010
5.215468219986997|833010
5.215468219986997|834010
5.215468219986997|835010
5.215468219986997|836010
5.215468219986997|837010
5.215468219986997|838010
5.215468219986997|839010
5.215468219986997|840010
5.215468219986997|841010
5.215468219986997|842010
5.215468219986997|843010
5.215468219986997|844010
5.215468219986997|845010
5.215468219986997|846010
5.215468219986997|847010
5.215468219986997|848010
5.215468219986997|849010
5.215468219986997|850010
5.215468219986997|851010
5.215468219986997|852010
5.215468219986997|853010
5.215468219986997|854010
5.215468219986997|855010
5.215468219986997|856010
5.215468219986997|857010
5.215468219986997|858010
5.215468219986997|859010
5.215468219986997|860010
5.215468219986997|861010
5.215468219986997|862010
5.215468219986997|863010
5.215468219986997|864010
5.215468219986997|865010
5.215468219986997|866010
5.215468219986997|867010
5.215468219986997|868010
5.215468219986997|869010
5.215468219986997|870010
5.215468219986997|871010
5.215468219986997|872010
5.215468219986997|873010
5.215468219986997|874010
5.215468219986997|875010
5.215468219986997|876010
5.215468219986997|877010
5.215468219986997|878010
5.215468219986997|879010
5.215468219986997|880010
5.215468219986997|881010
5.215468219986997|882010
5.215468219986997|883010
5.215468219986997|884010
5.215468219986997|885010
5.215468219986997|886010
5.215468219986997|887010
5.215468219986997|888010
5.215468219986997|889010
5.215468219986997|890010
5.215468219986997|891010
5.215468219986997|892010
5.215468219986997|893010
5.215468219986997|894010
5.215468219986997|895010
5.215468219986997|896010
5.215468219986997|897010
5.215468219986997|898010
5.215468219986997|899010
5.215468219986997|900010
5.215468219986997|901010
5.215468219986997|902010
5.215468219986997|903010
5.215468219986997|904010
5.215468219986997|905010
5.215468219986997|906010
5.215468219986997|907010
5.215468219986997|908010
5.215468219986997|909010
5.215468219986997|910010
5.215468219986997|911010
5.215468219986997|912010
5.215468219986997|913010
5.215468219986997|914010
5.215468219986997|915010
5.215468219986997|916010
5.215468219986997|917010
5.215468219986997|918010
5.215468219986997|919010
5.215468219986997|920010
5.215468219986997|921010
5.215468219986997|922010
5.215468219986997|923010
5.215468219986997|924010
5.215468219986997|925010
5.215468219986997|926010
5.215468219986997|927010
5.215468219986997|928010
5.215468219986997|929010
5.215468219986997|930010
5.215468219986997|931010
5.215468219986997|932010
5.215468219986997|933010
5.215468219986997|934010
5.215468219986997|935010
5.215468219986997|936010
5.215468219986997|937010
5.215468219986997|938010
5.215468219986997|939010
5.215468219986997|940010
5.215468219986997|941010
5.215468219986997|942010
5.215468219986997|943010
5.215468219986997|944010
5.215468219986997|945010
5.215468219986997|946010
5.215468219986997|947010
5.215468219986997|948010
5.215468219986997|949010
5.215468219986997|950010
5.215468219986997|951010
5.215468219986997|952010
5.215468219986997|953010
5.215468219986997|954010
5.215468219986997|955010
5.215468219986997|956010
5.215468219986997|957010
5.215468219986997|958010
5.215468219986997|959010
5.215468219986997|960010
5.215468219986997|961010
5.215468219986997|962010
5.215468219986997|963010
5.215468219986997|964010
5.215468219986997|965010
5.215468219986997|966010
5.215468219986997|967010
5.215468219986997|968010
5.215468219986997|969010
5.215468219986997|970010
5.215468219986997|971010
5.215468219986997|972010
5.215468219986997|973010
5.215468219986997|974010
5.215468219986997|975010
5.215468219986997|976010
5.215468219986997|977010
5.215468219986997|978010
5.215468219986997|979010
5.215468219986997|980010
5.215468219986997|981010
5.215468219986997|982010
5.215468219986997|983010
5.215468219986997|984010
5.215468219986997|985010
5.215468219986997|986010
5.215468219986997|987010
5.215468219986997|988010
5.215468219986997|989010
5.215468219986997|990010
5.215468219986997|991010
5.215468219986997|992010
5.215468219986997|993010
5.215468219986997|994010
5.215468219986997|995010
5.215468219986997|996010
5.215468219986997|997010
5.215468219986997|998010
5.215468219986997|999010
5.215468219986997|1000010
