7.335964338007848|1010
6.253362477524806|2010
5.895574229593497|3010
5.675706805375076|4010
5.675706805375076|5010
5.4429234303148|6010
5.41060914095418|7010
5.327513288960293|8010
5.327513288960293|9010
5.301823244993871|10010
5.301790250285691|11010
5.270549899365716|12010
5.241834848517026|13010
5.241834848517026|14010
5.203003035266414|15010
5.1928541401317|16010
5.176088547487381|17010
5.176088547487381|18010
5.176088547487381|19010
5.176088547487381|20010
5.13596566748135|21010
5.099924732671201|22010
5.099924732671201|23010
5.057088449270991|24010
5.057088449270991|25010
4.9830802556952625|26010
4.9830802556952625|27010
4.9830802556952625|28010
4.9830802556952625|29010
4.9830802556952625|30010
4.9830802556952625|31010
4.9830802556952625|32010
4.9830802556952625|33010
4.9830802556952625|34010
4.9830802556952625|35010
4.9830802556952625|36010
4.9830802556952625|37010
4.9830802556952625|38010
4.9830802556952625|39010
4.9830802556952625|40010
4.9830802556952625|41010
4.9830802556952625|42010
4.9830802556952625|43010
4.9830802556952625|44010
4.9830802556952625|45010
4.9830802556952625|46010
4.9830802556952625|47010
4.9830802556952625|48010
4.9830802556952625|49010
4.9830802556952625|50010
4.9830802556952625|51010
4.9830802556952625|52010
4.9830802556952625|53010
4.9830802556952625|54010
4.9830802556952625|55010
4.9830802556952625|56010
4.9830802556952625|57010
4.9830802556952625|58010
4.9830802556952625|59010
4.9830802556952625|60010
4.9830802556952625|61010
4.9830802556952625|62010
4.9830802556952625|63010
4.9830802556952625|64010
4.9830802556952625|65010
4.9830802556952625|66010
4.9830802556952625|67010
4.9830802556952625|68010
4.9830802556952625|69010
4.9830802556952625|70010
4.9830802556952625|71010
4.9830802556952625|72010
4.9830802556952625|73010
4.9830802556952625|74010
4.9830802556952625|75010
4.9830802556952625|76010
4.9830802556952625|77010
4.9830802556952625|78010
4.9830802556952625|79010
4.9830802556952625|80010
4.9830802556952625|81010
4.9830802556952625|82010
4.9830802556952625|83010
4.9830802556952625|84010
4.9830802556952625|85010
4.9830802556952625|86010
4.9830802556952625|87010
4.9830802556952625|88010
4.9830802556952625|89010
4.9830802556952625|90010
4.9830802556952625|91010
4.9830802556952625|92010
4.9830802556952625|93010
4.9830802556952625|94010
4.9830802556952625|95010
4.9830802556952625|96010
4.9830802556952625|97010
4.9830802556952625|98010
4.9830802556952625|99010
4.9830802556952625|100010
4.9830802556952625|101010
4.9830802556952625|102010
4.9830802556952625|103010
4.9830802556952625|104010
4.9830802556952625|105010
4.9830802556952625|106010
4.9830802556952625|107010
4.9830802556952625|108010
4.9830802556952625|109010
4.9830802556952625|110010
4.9830802556952625|111010
4.9830802556952625|112010
4.9830802556952625|113010
4.9830802556952625|114010
4.9830802556952625|115010
4.9830802556952625|116010
4.9830802556952625|117010
4.9830802556952625|118010
4.9830802556952625|119010
4.9830802556952625|120010
4.9830802556952625|121010
4.9830802556952625|122010
4.9830802556952625|123010
4.9830802556952625|124010
4.9830802556952625|125010
4.9830802556952625|126010
4.9830802556952625|127010
4.9830802556952625|128010
4.9830802556952625|129010
4.9830802556952625|130010
4.9830802556952625|131010
4.9830802556952625|132010
4.9830802556952625|133010
4.9830802556952625|134010
4.9830802556952625|135010
4.9830802556952625|136010
4.9830802556952625|137010
4.9830802556952625|138010
4.9830802556952625|139010
4.9830802556952625|140010
4.9830802556952625|141010
4.9830802556952625|142010
4.9830802556952625|143010
4.9830802556952625|144010
4.9830802556952625|145010
4.9830802556952625|146010
4.9830802556952625|147010
4.9830802556952625|148010
4.9830802556952625|149010
4.9830802556952625|150010
4.9830802556952625|151010
4.9830802556952625|152010
4.9830802556952625|153010
4.9830802556952625|154010
4.9830802556952625|155010
4.9830802556952625|156010
4.9830802556952625|157010
4.9830802556952625|158010
4.9830802556952625|159010
4.9830802556952625|160010
4.9830802556952625|161010
4.9830802556952625|162010
4.9830802556952625|163010
4.9830802556952625|164010
4.9830802556952625|165010
4.9830802556952625|166010
4.9830802556952625|167010
4.9830802556952625|168010
4.9830802556952625|169010
4.9830802556952625|170010
4.9830802556952625|171010
4.9830802556952625|172010
4.9830802556952625|173010
4.9830802556952625|174010
4.9830802556952625|175010
4.9830802556952625|176010
4.9830802556952625|177010
4.9830802556952625|178010
4.9830802556952625|179010
4.9830802556952625|180010
4.9830802556952625|181010
4.9830802556952625|182010
4.9830802556952625|183010
4.9830802556952625|184010
4.9830802556952625|185010
4.9830802556952625|186010
4.9830802556952625|187010
4.9830802556952625|188010
4.9830802556952625|189010
4.9830802556952625|190010
4.9830802556952625|191010
4.9830802556952625|192010
4.9830802556952625|193010
4.9830802556952625|194010
4.9830802556952625|195010
4.9830802556952625|196010
4.9830802556952625|197010
4.9830802556952625|198010
4.9830802556952625|199010
4.9830802556952625|200010
4.9830802556952625|201010
4.9830802556952625|202010
4.9830802556952625|203010
4.9830802556952625|204010
4.9830802556952625|205010
4.9830802556952625|206010
4.9830802556952625|207010
4.9830802556952625|208010
4.9830802556952625|209010
4.9830802556952625|210010
4.9830802556952625|211010
4.9830802556952625|212010
4.9830802556952625|213010
4.9830802556952625|214010
4.9830802556952625|215010
4.9830802556952625|216010
4.9830802556952625|217010
4.9830802556952625|218010
4.9830802556952625|219010
4.9830802556952625|220010
4.9830802556952625|221010
4.9830802556952625|222010
4.9830802556952625|223010
4.9830802556952625|224010
4.9830802556952625|225010
4.9830802556952625|226010
4.9830802556952625|227010
4.9830802556952625|228010
4.9830802556952625|229010
4.9830802556952625|230010
4.9830802556952625|231010
4.9830802556952625|232010
4.9830802556952625|233010
4.9830802556952625|234010
4.9830802556952625|235010
4.9830802556952625|236010
4.9830802556952625|237010
4.9830802556952625|238010
4.9830802556952625|239010
4.9830802556952625|240010
4.9830802556952625|241010
4.9830802556952625|242010
4.9830802556952625|243010
4.9830802556952625|244010
4.9830802556952625|245010
4.9830802556952625|246010
4.9830802556952625|247010
4.9830802556952625|248010
4.9830802556952625|249010
4.9830802556952625|250010
4.9830802556952625|251010
4.9830802556952625|252010
4.9830802556952625|253010
4.9830802556952625|254010
4.9830802556952625|255010
4.9830802556952625|256010
4.9830802556952625|257010
4.9830802556952625|258010
4.9830802556952625|259010
4.9830802556952625|260010
4.9830802556952625|261010
4.9830802556952625|262010
4.9830802556952625|263010
4.9830802556952625|264010
4.9830802556952625|265010
4.9830802556952625|266010
4.9830802556952625|267010
4.9830802556952625|268010
4.9830802556952625|269010
4.9830802556952625|270010
4.9830802556952625|271010
4.9830802556952625|272010
4.9830802556952625|273010
4.9830802556952625|274010
4.9830802556952625|275010
4.9830802556952625|276010
4.9830802556952625|277010
4.9830802556952625|278010
4.9830802556952625|279010
4.9830802556952625|280010
4.9830802556952625|281010
4.9830802556952625|282010
4.9830802556952625|283010
4.9830802556952625|284010
4.9830802556952625|285010
4.9830802556952625|286010
4.9830802556952625|287010
4.9830802556952625|288010
4.9830802556952625|289010
4.9830802556952625|290010
4.9830802556952625|291010
4.9830802556952625|292010
4.9830802556952625|293010
4.9830802556952625|294010
4.9830802556952625|295010
4.9830802556952625|296010
4.9830802556952625|297010
4.9830802556952625|298010
4.9830802556952625|299010
4.9830802556952625|300010
4.9830802556952625|301010
4.9830802556952625|302010
4.9830802556952625|303010
4.9830802556952625|304010
4.9830802556952625|305010
4.9830802556952625|306010
4.9830802556952625|307010
4.9830802556952625|308010
4.9830802556952625|309010
4.9830802556952625|310010
4.9830802556952625|311010
4.9830802556952625|312010
4.9830802556952625|313010
4.9830802556952625|314010
4.9830802556952625|315010
4.9830802556952625|316010
4.9830802556952625|317010
4.9830802556952625|318010
4.9830802556952625|319010
4.9830802556952625|320010
4.9830802556952625|321010
4.9830802556952625|322010
4.9830802556952625|323010
4.9830802556952625|324010
4.9830802556952625|325010
4.9830802556952625|326010
4.9830802556952625|327010
4.9830802556952625|328010
4.9830802556952625|329010
4.9830802556952625|330010
4.9830802556952625|331010
4.9830802556952625|332010
4.9830802556952625|333010
4.9830802556952625|334010
4.9830802556952625|335010
4.9830802556952625|336010
4.9830802556952625|337010
4.9830802556952625|338010
4.9830802556952625|339010
4.9830802556952625|340010
4.9830802556952625|341010
4.9830802556952625|342010
4.9830802556952625|343010
4.9830802556952625|344010
4.9830802556952625|345010
4.9830802556952625|346010
4.9830802556952625|347010
4.9830802556952625|348010
4.9830802556952625|349010
4.9830802556952625|350010
4.9830802556952625|351010
4.9830802556952625|352010
4.9830802556952625|353010
4.9830802556952625|354010
4.9830802556952625|355010
4.9830802556952625|356010
4.9830802556952625|357010
4.9830802556952625|358010
4.9830802556952625|359010
4.9830802556952625|360010
4.9830802556952625|361010
4.9830802556952625|362010
4.9830802556952625|363010
4.9830802556952625|364010
4.9830802556952625|365010
4.9830802556952625|366010
4.9830802556952625|367010
4.9830802556952625|368010
4.9830802556952625|369010
4.9830802556952625|370010
4.9830802556952625|371010
4.9830802556952625|372010
4.9830802556952625|373010
4.9830802556952625|374010
4.9830802556952625|375010
4.9830802556952625|376010
4.9830802556952625|377010
4.9830802556952625|378010
4.9830802556952625|379010
4.9830802556952625|380010
4.9830802556952625|381010
4.9830802556952625|382010
4.9830802556952625|383010
4.9830802556952625|384010
4.9830802556952625|385010
4.9830802556952625|386010
4.9830802556952625|387010
4.9830802556952625|388010
4.9830802556952625|389010
4.9830802556952625|390010
4.9830802556952625|391010
4.9830802556952625|392010
4.9830802556952625|393010
4.9830802556952625|394010
4.9830802556952625|395010
4.9830802556952625|396010
4.9830802556952625|397010
4.9830802556952625|398010
4.9830802556952625|399010
4.9830802556952625|400010
4.9830802556952625|401010
4.9830802556952625|402010
4.9830802556952625|403010
4.9830802556952625|404010
4.9830802556952625|405010
4.9830802556952625|406010
4.9830802556952625|407010
4.9830802556952625|408010
4.9830802556952625|409010
4.9830802556952625|410010
4.9830802556952625|411010
4.9830802556952625|412010
4.9830802556952625|413010
4.9830802556952625|414010
4.9830802556952625|415010
4.9830802556952625|416010
4.9830802556952625|417010
4.9830802556952625|418010
4.9830802556952625|419010
4.9830802556952625|420010
4.9830802556952625|421010
4.9830802556952625|422010
4.9830802556952625|423010
4.9830802556952625|424010
4.9830802556952625|425010
4.9830802556952625|426010
4.9830802556952625|427010
4.9830802556952625|428010
4.9830802556952625|429010
4.9830802556952625|430010
4.9830802556952625|431010
4.9830802556952625|432010
4.9830802556952625|433010
4.9830802556952625|434010
4.9830802556952625|435010
4.9830802556952625|436010
4.9830802556952625|437010
4.9830802556952625|438010
4.9830802556952625|439010
4.9830802556952625|440010
4.9830802556952625|441010
4.9830802556952625|442010
4.9830802556952625|443010
4.9830802556952625|444010
4.9830802556952625|445010
4.9830802556952625|446010
4.9830802556952625|447010
4.9830802556952625|448010
4.9830802556952625|449010
4.9830802556952625|450010
4.9830802556952625|451010
4.9830802556952625|452010
4.9830802556952625|453010
4.9830802556952625|454010
4.9830802556952625|455010
4.9830802556952625|456010
4.9830802556952625|457010
4.9830802556952625|458010
4.9830802556952625|459010
4.9830802556952625|460010
4.9830802556952625|461010
4.9830802556952625|462010
4.9830802556952625|463010
4.9830802556952625|464010
4.9830802556952625|465010
4.9830802556952625|466010
4.9830802556952625|467010
4.9830802556952625|468010
4.9830802556952625|469010
4.9830802556952625|470010
4.9830802556952625|471010
4.9830802556952625|472010
4.9830802556952625|473010
4.9830802556952625|474010
4.9830802556952625|475010
4.9830802556952625|476010
4.9830802556952625|477010
4.9830802556952625|478010
4.9830802556952625|479010
4.9830802556952625|480010
4.9830802556952625|481010
4.9830802556952625|482010
4.9830802556952625|483010
4.9830802556952625|484010
4.9830802556952625|485010
4.9830802556952625|486010
4.9830802556952625|487010
4.9830802556952625|488010
4.9830802556952625|489010
4.9830802556952625|490010
4.9830802556952625|491010
4.9830802556952625|492010
4.9830802556952625|493010
4.9830802556952625|494010
4.9830802556952625|495010
4.9830802556952625|496010
4.9830802556952625|497010
4.9830802556952625|498010
4.9830802556952625|499010
4.9830802556952625|500010
4.9830802556952625|501010
4.9830802556952625|502010
4.9830802556952625|503010
4.9830802556952625|504010
4.9830802556952625|505010
4.9830802556952625|506010
4.9830802556952625|507010
4.9830802556952625|508010
4.9830802556952625|509010
4.9830802556952625|510010
4.9830802556952625|511010
4.9830802556952625|512010
4.9830802556952625|513010
4.9830802556952625|514010
4.9830802556952625|515010
4.9830802556952625|516010
4.9830802556952625|517010
4.9830802556952625|518010
4.9830802556952625|519010
4.9830802556952625|520010
4.9830802556952625|521010
4.9830802556952625|522010
4.9830802556952625|523010
4.9830802556952625|524010
4.9830802556952625|525010
4.9830802556952625|526010
4.9830802556952625|527010
4.9830802556952625|528010
4.9830802556952625|529010
4.9830802556952625|530010
4.9830802556952625|531010
4.9830802556952625|532010
4.9830802556952625|533010
4.9830802556952625|534010
4.9830802556952625|535010
4.9830802556952625|536010
4.9830802556952625|537010
4.9830802556952625|538010
4.9830802556952625|539010
4.9830802556952625|540010
4.9830802556952625|541010
4.9830802556952625|542010
4.9830802556952625|543010
4.9830802556952625|544010
4.9830802556952625|545010
4.9830802556952625|546010
4.9830802556952625|547010
4.9830802556952625|548010
4.9830802556952625|549010
4.9830802556952625|550010
4.9830802556952625|551010
4.9830802556952625|552010
4.9830802556952625|553010
4.9830802556952625|554010
4.9830802556952625|555010
4.9830802556952625|556010
4.9830802556952625|557010
4.9830802556952625|558010
4.9830802556952625|559010
4.9830802556952625|560010
4.9830802556952625|561010
4.9830802556952625|562010
4.9830802556952625|563010
4.9830802556952625|564010
4.9830802556952625|565010
4.9830802556952625|566010
4.9830802556952625|567010
4.9830802556952625|568010
4.9830802556952625|569010
4.9830802556952625|570010
4.9830802556952625|571010
4.9830802556952625|572010
4.9830802556952625|573010
4.9830802556952625|574010
4.9830802556952625|575010
4.9830802556952625|576010
4.9830802556952625|577010
4.9830802556952625|578010
4.9830802556952625|579010
4.9830802556952625|580010
4.9830802556952625|581010
4.9830802556952625|582010
4.9830802556952625|583010
4.9830802556952625|584010
4.9830802556952625|585010
4.9830802556952625|586010
4.9830802556952625|587010
4.9830802556952625|588010
4.9830802556952625|589010
4.9830802556952625|590010
4.9830802556952625|591010
4.9830802556952625|592010
4.9830802556952625|593010
4.9830802556952625|594010
4.9830802556952625|595010
4.9830802556952625|596010
4.9830802556952625|597010
4.9830802556952625|598010
4.9830802556952625|599010
4.9830802556952625|600010
4.9830802556952625|601010
4.9830802556952625|602010
4.9830802556952625|603010
4.9830802556952625|604010
4.9830802556952625|605010
4.9830802556952625|606010
4.9830802556952625|607010
4.9830802556952625|608010
4.9830802556952625|609010
4.9830802556952625|610010
4.9830802556952625|611010
4.9830802556952625|612010
4.9830802556952625|613010
4.9830802556952625|614010
4.9830802556952625|615010
4.9830802556952625|616010
4.9830802556952625|617010
4.9830802556952625|618010
4.9830802556952625|619010
4.9830802556952625|620010
4.9830802556952625|621010
4.9830802556952625|622010
4.9830802556952625|623010
4.9830802556952625|624010
4.9830802556952625|625010
4.9830802556952625|626010
4.9830802556952625|627010
4.9830802556952625|628010
4.9830802556952625|629010
4.9830802556952625|630010
4.9830802556952625|631010
4.9830802556952625|632010
4.9830802556952625|633010
4.9830802556952625|634010
4.9830802556952625|635010
4.9830802556952625|636010
4.9830802556952625|637010
4.9830802556952625|638010
4.9830802556952625|639010
4.9830802556952625|640010
4.9830802556952625|641010
4.9830802556952625|642010
4.9830802556952625|643010
4.9830802556952625|644010
4.9830802556952625|645010
4.9830802556952625|646010
4.9830802556952625|647010
4.9830802556952625|648010
4.9830802556952625|649010
4.9830802556952625|650010
4.9830802556952625|651010
4.9830802556952625|652010
4.9830802556952625|653010
4.9830802556952625|654010
4.9830802556952625|655010
4.9830802556952625|656010
4.9830802556952625|657010
4.9830802556952625|658010
4.9830802556952625|659010
4.9830802556952625|660010
4.9830802556952625|661010
4.9830802556952625|662010
4.9830802556952625|663010
4.9830802556952625|664010
4.9830802556952625|665010
4.9830802556952625|666010
4.9830802556952625|667010
4.9830802556952625|668010
4.9830802556952625|669010
4.9830802556952625|670010
4.9830802556952625|671010
4.9830802556952625|672010
4.9830802556952625|673010
4.9830802556952625|674010
4.9830802556952625|675010
4.9830802556952625|676010
4.9830802556952625|677010
4.9830802556952625|678010
4.9830802556952625|679010
4.9830802556952625|680010
4.9830802556952625|681010
4.9830802556952625|682010
4.9830802556952625|683010
4.9830802556952625|684010
4.9830802556952625|685010
4.9830802556952625|686010
4.9830802556952625|687010
4.9830802556952625|688010
4.9830802556952625|689010
4.9830802556952625|690010
4.9830802556952625|691010
4.9830802556952625|692010
4.9830802556952625|693010
4.9830802556952625|694010
4.9830802556952625|695010
4.9830802556952625|696010
4.9830802556952625|697010
4.9830802556952625|698010
4.9830802556952625|699010
4.9830802556952625|700010
4.9830802556952625|701010
4.9830802556952625|702010
4.9830802556952625|703010
4.9830802556952625|704010
4.9830802556952625|705010
4.9830802556952625|706010
4.9830802556952625|707010
4.9830802556952625|708010
4.9830802556952625|709010
4.9830802556952625|710010
4.9830802556952625|711010
4.9830802556952625|712010
4.9830802556952625|713010
4.9830802556952625|714010
4.9830802556952625|715010
4.9830802556952625|716010
4.9830802556952625|717010
4.9830802556952625|718010
4.9830802556952625|719010
4.9830802556952625|720010
4.9830802556952625|721010
4.9830802556952625|722010
4.9830802556952625|723010
4.9830802556952625|724010
4.9830802556952625|725010
4.9830802556952625|726010
4.9830802556952625|727010
4.9830802556952625|728010
4.9830802556952625|729010
4.9830802556952625|730010
4.9830802556952625|731010
4.9830802556952625|732010
4.9830802556952625|733010
4.9830802556952625|734010
4.9830802556952625|735010
4.9830802556952625|736010
4.9830802556952625|737010
4.9830802556952625|738010
4.9830802556952625|739010
4.9830802556952625|740010
4.9830802556952625|741010
4.9830802556952625|742010
4.9830802556952625|743010
4.9830802556952625|744010
4.9830802556952625|745010
4.9830802556952625|746010
4.9830802556952625|747010
4.9830802556952625|748010
4.9830802556952625|749010
4.9830802556952625|750010
4.9830802556952625|751010
4.9830802556952625|752010
4.9830802556952625|753010
4.9830802556952625|754010
4.9830802556952625|755010
4.9830802556952625|756010
4.9830802556952625|757010
4.9830802556952625|758010
4.9830802556952625|759010
4.9830802556952625|760010
4.9830802556952625|761010
4.9830802556952625|762010
4.9830802556952625|763010
4.9830802556952625|764010
4.9830802556952625|765010
4.9830802556952625|766010
4.9830802556952625|767010
4.9830802556952625|768010
4.9830802556952625|769010
4.9830802556952625|770010
4.9830802556952625|771010
4.9830802556952625|772010
4.9830802556952625|773010
4.9830802556952625|774010
4.9830802556952625|775010
4.9830802556952625|776010
4.9830802556952625|777010
4.9830802556952625|778010
4.9830802556952625|779010
4.9830802556952625|780010
4.9830802556952625|781010
4.9830802556952625|782010
4.9830802556952625|783010
4.9830802556952625|784010
4.9830802556952625|785010
4.9830802556952625|786010
4.9830802556952625|787010
4.9830802556952625|788010
4.9830802556952625|789010
4.9830802556952625|790010
4.9830802556952625|791010
4.9830802556952625|792010
4.9830802556952625|793010
4.9830802556952625|794010
4.9830802556952625|795010
4.9830802556952625|796010
4.9830802556952625|797010
4.9830802556952625|798010
4.9830802556952625|799010
4.9830802556952625|800010
4.9830802556952625|801010
4.9830802556952625|802010
4.9830802556952625|803010
4.9830802556952625|804010
4.9830802556952625|805010
4.9830802556952625|806010
4.9830802556952625|807010
4.9830802556952625|808010
4.9830802556952625|809010
4.9830802556952625|810010
4.9830802556952625|811010
4.9830802556952625|812010
4.9830802556952625|813010
4.9830802556952625|814010
4.9830802556952625|815010
4.9830802556952625|816010
4.9830802556952625|817010
4.9830802556952625|818010
4.9830802556952625|819010
4.9830802556952625|820010
4.9830802556952625|821010
4.9830802556952625|822010
4.9830802556952625|823010
4.9830802556952625|824010
4.9830802556952625|825010
4.9830802556952625|826010
4.9830802556952625|827010
4.9830802556952625|828010
4.9830802556952625|829010
4.9830802556952625|830010
4.9830802556952625|831010
4.9830802556952625|832010
4.9830802556952625|833010
4.9830802556952625|834010
4.9830802556952625|835010
4.9830802556952625|836010
4.9830802556952625|837010
4.9830802556952625|838010
4.9830802556952625|839010
4.9830802556952625|840010
4.9830802556952625|841010
4.9830802556952625|842010
4.9830802556952625|843010
4.9830802556952625|844010
4.9830802556952625|845010
4.9830802556952625|846010
4.9830802556952625|847010
4.9830802556952625|848010
4.9830802556952625|849010
4.9830802556952625|850010
4.9830802556952625|851010
4.9830802556952625|852010
4.9830802556952625|853010
4.9830802556952625|854010
4.9830802556952625|855010
4.9830802556952625|856010
4.9830802556952625|857010
4.9830802556952625|858010
4.9830802556952625|859010
4.9830802556952625|860010
4.9830802556952625|861010
4.9830802556952625|862010
4.9830802556952625|863010
4.9830802556952625|864010
4.9830802556952625|865010
4.9830802556952625|866010
4.9830802556952625|867010
4.9830802556952625|868010
4.9830802556952625|869010
4.9830802556952625|870010
4.9830802556952625|871010
4.9830802556952625|872010
4.9830802556952625|873010
4.9830802556952625|874010
4.9830802556952625|875010
4.9830802556952625|876010
4.9830802556952625|877010
4.9830802556952625|878010
4.9830802556952625|879010
4.9830802556952625|880010
4.9830802556952625|881010
4.9830802556952625|882010
4.9830802556952625|883010
4.9830802556952625|884010
4.9830802556952625|885010
4.9830802556952625|886010
4.9830802556952625|887010
4.9830802556952625|888010
4.9830802556952625|889010
4.9830802556952625|890010
4.9830802556952625|891010
4.9830802556952625|892010
4.9830802556952625|893010
4.9830802556952625|894010
4.9830802556952625|895010
4.9830802556952625|896010
4.9830802556952625|897010
4.9830802556952625|898010
4.9830802556952625|899010
4.9830802556952625|900010
4.9830802556952625|901010
4.9830802556952625|902010
4.9830802556952625|903010
4.9830802556952625|904010
4.9830802556952625|905010
4.9830802556952625|906010
4.9830802556952625|907010
4.9830802556952625|908010
4.9830802556952625|909010
4.9830802556952625|910010
4.9830802556952625|911010
4.9830802556952625|912010
4.9830802556952625|913010
4.9830802556952625|914010
4.9830802556952625|915010
4.9830802556952625|916010
4.9830802556952625|917010
4.9830802556952625|918010
4.9830802556952625|919010
4.9830802556952625|920010
4.9830802556952625|921010
4.9830802556952625|922010
4.9830802556952625|923010
4.9830802556952625|924010
4.9830802556952625|925010
4.9830802556952625|926010
4.9830802556952625|927010
4.9830802556952625|928010
4.9830802556952625|929010
4.9830802556952625|930010
4.9830802556952625|931010
4.9830802556952625|932010
4.9830802556952625|933010
4.9830802556952625|934010
4.9830802556952625|935010
4.9830802556952625|936010
4.9830802556952625|937010
4.9830802556952625|938010
4.9830802556952625|939010
4.9830802556952625|940010
4.9830802556952625|941010
4.9830802556952625|942010
4.9830802556952625|943010
4.9830802556952625|944010
4.9830802556952625|945010
4.9830802556952625|946010
4.9830802556952625|947010
4.9830802556952625|948010
4.9830802556952625|949010
4.9830802556952625|950010
4.9830802556952625|951010
4.9830802556952625|952010
4.9830802556952625|953010
4.9830802556952625|954010
4.9830802556952625|955010
4.9830802556952625|956010
4.9830802556952625|957010
4.9830802556952625|958010
4.9830802556952625|959010
4.9830802556952625|960010
4.9830802556952625|961010
4.9830802556952625|962010
4.9830802556952625|963010
4.9830802556952625|964010
4.9830802556952625|965010
4.9830802556952625|966010
4.9830802556952625|967010
4.9830802556952625|968010
4.9830802556952625|969010
4.9830802556952625|970010
4.9830802556952625|971010
4.9830802556952625|972010
4.9830802556952625|973010
4.9830802556952625|974010
4.9830802556952625|975010
4.9830802556952625|976010
4.9830802556952625|977010
4.9830802556952625|978010
4.9830802556952625|979010
4.9830802556952625|980010
4.9830802556952625|981010
4.9830802556952625|982010
4.9830802556952625|983010
4.9830802556952625|984010
4.9830802556952625|985010
4.9830802556952625|986010
4.9830802556952625|987010
4.9830802556952625|988010
4.9830802556952625|989010
4.9830802556952625|990010
4.9830802556952625|991010
4.9830802556952625|992010
4.9830802556952625|993010
4.9830802556952625|994010
4.9830802556952625|995010
4.9830802556952625|996010
4.9830802556952625|997010
4.9830802556952625|998010
4.9830802556952625|999010
4.9830802556952625|1000010
