8.768988227306966|1010
7.6663889226649395|2010
7.3394478744259946|3010
6.439651304683733|4010
6.061905515963794|5010
5.817125345550575|6010
5.549482757760532|7010
5.489421714322095|8010
4.975065318488525|9010
4.708416440056994|10010
4.596063915948399|11010
4.556073478237344|12010
4.550633690999103|13010
4.5506104065517015|14010
4.5506104065517015|15010
4.540388201292366|16010
4.540386522087486|17010
4.540386522087486|18010
4.540386522087486|19010
4.538149306754072|20010
4.528026362575199|21010
4.528026362575199|22010
4.528026362575199|23010
4.528026362575199|24010
4.528026362575199|25010
4.528026362575199|26010
4.528026362575199|27010
4.528026362575199|28010
4.528026362575199|29010
4.528026362575199|30010
4.528026362575199|31010
4.528026362575199|32010
4.528026362575199|33010
4.528026362575199|34010
4.528026362575199|35010
4.528026362575199|36010
4.528026362575199|37010
4.528026362575199|38010
4.528026362575199|39010
4.528026362575199|40010
4.528026362575199|41010
4.528026362575199|42010
4.528026362575199|43010
4.528026362575199|44010
4.528026362575199|45010
4.528026362575199|46010
4.528026362575199|47010
4.528026362575199|48010
4.528026362575199|49010
4.528026362575199|50010
4.528026362575199|51010
4.528026362575199|52010
4.528026362575199|53010
4.528026362575199|54010
4.528026362575199|55010
4.528026362575199|56010
4.528026362575199|57010
4.528026362575199|58010
4.528026362575199|59010
4.528026362575199|60010
4.528026362575199|61010
4.528026362575199|62010
4.528026362575199|63010
4.528026362575199|64010
4.528026362575199|65010
4.528026362575199|66010
4.528026362575199|67010
4.528026362575199|68010
4.528026362575199|69010
4.528026362575199|70010
4.528026362575199|71010
4.528026362575199|72010
4.528026362575199|73010
4.528026362575199|74010
4.528026362575199|75010
4.528026362575199|76010
4.528026362575199|77010
4.528026362575199|78010
4.528026362575199|79010
4.528026362575199|80010
4.528026362575199|81010
4.528026362575199|82010
4.528026362575199|83010
4.528026362575199|84010
4.528026362575199|85010
4.528026362575199|86010
4.528026362575199|87010
4.528026362575199|88010
4.528026362575199|89010
4.528026362575199|90010
4.528026362575199|91010
4.528026362575199|92010
4.528026362575199|93010
4.528026362575199|94010
4.528026362575199|95010
4.528026362575199|96010
4.528026362575199|97010
4.528026362575199|98010
4.528026362575199|99010
4.528026362575199|100010
4.528026362575199|101010
4.528026362575199|102010
4.528026362575199|103010
4.528026362575199|104010
4.528026362575199|105010
4.528026362575199|106010
4.528026362575199|107010
4.528026362575199|108010
4.528026362575199|109010
4.528026362575199|110010
4.528026362575199|111010
4.528026362575199|112010
4.528026362575199|113010
4.528026362575199|114010
4.528026362575199|115010
4.528026362575199|116010
4.528026362575199|117010
4.528026362575199|118010
4.528026362575199|119010
4.528026362575199|120010
4.528026362575199|121010
4.528026362575199|122010
4.528026362575199|123010
4.528026362575199|124010
4.528026362575199|125010
4.528026362575199|126010
4.528026362575199|127010
4.528026362575199|128010
4.528026362575199|129010
4.528026362575199|130010
4.528026362575199|131010
4.528026362575199|132010
4.528026362575199|133010
4.528026362575199|134010
4.528026362575199|135010
4.528026362575199|136010
4.528026362575199|137010
4.528026362575199|138010
4.528026362575199|139010
4.528026362575199|140010
4.528026362575199|141010
4.528026362575199|142010
4.528026362575199|143010
4.528026362575199|144010
4.528026362575199|145010
4.528026362575199|146010
4.528026362575199|147010
4.528026362575199|148010
4.528026362575199|149010
4.528026362575199|150010
4.528026362575199|151010
4.528026362575199|152010
4.528026362575199|153010
4.528026362575199|154010
4.528026362575199|155010
4.528026362575199|156010
4.528026362575199|157010
4.528026362575199|158010
4.528026362575199|159010
4.528026362575199|160010
4.528026362575199|161010
4.528026362575199|162010
4.528026362575199|163010
4.528026362575199|164010
4.528026362575199|165010
4.528026362575199|166010
4.528026362575199|167010
4.528026362575199|168010
4.528026362575199|169010
4.528026362575199|170010
4.528026362575199|171010
4.528026362575199|172010
4.528026362575199|173010
4.528026362575199|174010
4.528026362575199|175010
4.528026362575199|176010
4.528026362575199|177010
4.528026362575199|178010
4.528026362575199|179010
4.528026362575199|180010
4.528026362575199|181010
4.528026362575199|182010
4.528026362575199|183010
4.528026362575199|184010
4.528026362575199|185010
4.528026362575199|186010
4.528026362575199|187010
4.528026362575199|188010
4.528026362575199|189010
4.528026362575199|190010
4.528026362575199|191010
4.528026362575199|192010
4.528026362575199|193010
4.528026362575199|194010
4.528026362575199|195010
4.528026362575199|196010
4.528026362575199|197010
4.528026362575199|198010
4.528026362575199|199010
4.528026362575199|200010
4.528026362575199|201010
4.528026362575199|202010
4.528026362575199|203010
4.528026362575199|204010
4.528026362575199|205010
4.528026362575199|206010
4.528026362575199|207010
4.528026362575199|208010
4.528026362575199|209010
4.528026362575199|210010
4.528026362575199|211010
4.528026362575199|212010
4.528026362575199|213010
4.528026362575199|214010
4.528026362575199|215010
4.528026362575199|216010
4.528026362575199|217010
4.528026362575199|218010
4.528026362575199|219010
4.528026362575199|220010
4.528026362575199|221010
4.528026362575199|222010
4.528026362575199|223010
4.528026362575199|224010
4.528026362575199|225010
4.528026362575199|226010
4.528026362575199|227010
4.528026362575199|228010
4.528026362575199|229010
4.528026362575199|230010
4.528026362575199|231010
4.528026362575199|232010
4.528026362575199|233010
4.528026362575199|234010
4.528026362575199|235010
4.528026362575199|236010
4.528026362575199|237010
4.528026362575199|238010
4.528026362575199|239010
4.528026362575199|240010
4.528026362575199|241010
4.528026362575199|242010
4.528026362575199|243010
4.528026362575199|244010
4.528026362575199|245010
4.528026362575199|246010
4.528026362575199|247010
4.528026362575199|248010
4.528026362575199|249010
4.528026362575199|250010
4.528026362575199|251010
4.528026362575199|252010
4.528026362575199|253010
4.528026362575199|254010
4.528026362575199|255010
4.528026362575199|256010
4.528026362575199|257010
4.528026362575199|258010
4.528026362575199|259010
4.528026362575199|260010
4.528026362575199|261010
4.528026362575199|262010
4.528026362575199|263010
4.528026362575199|264010
4.528026362575199|265010
4.528026362575199|266010
4.528026362575199|267010
4.528026362575199|268010
4.528026362575199|269010
4.528026362575199|270010
4.528026362575199|271010
4.528026362575199|272010
4.528026362575199|273010
4.528026362575199|274010
4.528026362575199|275010
4.528026362575199|276010
4.528026362575199|277010
4.528026362575199|278010
4.528026362575199|279010
4.528026362575199|280010
4.528026362575199|281010
4.528026362575199|282010
4.528026362575199|283010
4.528026362575199|284010
4.528026362575199|285010
4.528026362575199|286010
4.528026362575199|287010
4.528026362575199|288010
4.528026362575199|289010
4.528026362575199|290010
4.528026362575199|291010
4.528026362575199|292010
4.528026362575199|293010
4.528026362575199|294010
4.528026362575199|295010
4.528026362575199|296010
4.528026362575199|297010
4.528026362575199|298010
4.528026362575199|299010
4.528026362575199|300010
4.528026362575199|301010
4.528026362575199|302010
4.528026362575199|303010
4.528026362575199|304010
4.528026362575199|305010
4.528026362575199|306010
4.528026362575199|307010
4.528026362575199|308010
4.528026362575199|309010
4.528026362575199|310010
4.528026362575199|311010
4.528026362575199|312010
4.528026362575199|313010
4.528026362575199|314010
4.528026362575199|315010
4.528026362575199|316010
4.528026362575199|317010
4.528026362575199|318010
4.528026362575199|319010
4.528026362575199|320010
4.528026362575199|321010
4.528026362575199|322010
4.528026362575199|323010
4.528026362575199|324010
4.528026362575199|325010
4.528026362575199|326010
4.528026362575199|327010
4.528026362575199|328010
4.528026362575199|329010
4.528026362575199|330010
4.528026362575199|331010
4.528026362575199|332010
4.528026362575199|333010
4.528026362575199|334010
4.528026362575199|335010
4.528026362575199|336010
4.528026362575199|337010
4.528026362575199|338010
4.528026362575199|339010
4.528026362575199|340010
4.528026362575199|341010
4.528026362575199|342010
4.528026362575199|343010
4.528026362575199|344010
4.528026362575199|345010
4.528026362575199|346010
4.528026362575199|347010
4.528026362575199|348010
4.528026362575199|349010
4.528026362575199|350010
4.528026362575199|351010
4.528026362575199|352010
4.528026362575199|353010
4.528026362575199|354010
4.528026362575199|355010
4.528026362575199|356010
4.528026362575199|357010
4.528026362575199|358010
4.528026362575199|359010
4.528026362575199|360010
4.528026362575199|361010
4.528026362575199|362010
4.528026362575199|363010
4.528026362575199|364010
4.528026362575199|365010
4.528026362575199|366010
4.528026362575199|367010
4.528026362575199|368010
4.528026362575199|369010
4.528026362575199|370010
4.528026362575199|371010
4.528026362575199|372010
4.528026362575199|373010
4.528026362575199|374010
4.528026362575199|375010
4.528026362575199|376010
4.528026362575199|377010
4.528026362575199|378010
4.528026362575199|379010
4.528026362575199|380010
4.528026362575199|381010
4.528026362575199|382010
4.528026362575199|383010
4.528026362575199|384010
4.528026362575199|385010
4.528026362575199|386010
4.528026362575199|387010
4.528026362575199|388010
4.528026362575199|389010
4.528026362575199|390010
4.528026362575199|391010
4.528026362575199|392010
4.528026362575199|393010
4.528026362575199|394010
4.528026362575199|395010
4.528026362575199|396010
4.528026362575199|397010
4.528026362575199|398010
4.528026362575199|399010
4.528026362575199|400010
4.528026362575199|401010
4.528026362575199|402010
4.528026362575199|403010
4.528026362575199|404010
4.528026362575199|405010
4.528026362575199|406010
4.528026362575199|407010
4.528026362575199|408010
4.528026362575199|409010
4.528026362575199|410010
4.528026362575199|411010
4.528026362575199|412010
4.528026362575199|413010
4.528026362575199|414010
4.528026362575199|415010
4.528026362575199|416010
4.528026362575199|417010
4.528026362575199|418010
4.528026362575199|419010
4.528026362575199|420010
4.528026362575199|421010
4.528026362575199|422010
4.528026362575199|423010
4.528026362575199|424010
4.528026362575199|425010
4.528026362575199|426010
4.528026362575199|427010
4.528026362575199|428010
4.528026362575199|429010
4.528026362575199|430010
4.528026362575199|431010
4.528026362575199|432010
4.528026362575199|433010
4.528026362575199|434010
4.528026362575199|435010
4.528026362575199|436010
4.528026362575199|437010
4.528026362575199|438010
4.528026362575199|439010
4.528026362575199|440010
4.528026362575199|441010
4.528026362575199|442010
4.528026362575199|443010
4.528026362575199|444010
4.528026362575199|445010
4.528026362575199|446010
4.528026362575199|447010
4.528026362575199|448010
4.528026362575199|449010
4.528026362575199|450010
4.528026362575199|451010
4.528026362575199|452010
4.528026362575199|453010
4.528026362575199|454010
4.528026362575199|455010
4.528026362575199|456010
4.528026362575199|457010
4.528026362575199|458010
4.528026362575199|459010
4.528026362575199|460010
4.528026362575199|461010
4.528026362575199|462010
4.528026362575199|463010
4.528026362575199|464010
4.528026362575199|465010
4.528026362575199|466010
4.528026362575199|467010
4.528026362575199|468010
4.528026362575199|469010
4.528026362575199|470010
4.528026362575199|471010
4.528026362575199|472010
4.528026362575199|473010
4.528026362575199|474010
4.528026362575199|475010
4.528026362575199|476010
4.528026362575199|477010
4.528026362575199|478010
4.528026362575199|479010
4.528026362575199|480010
4.528026362575199|481010
4.528026362575199|482010
4.528026362575199|483010
4.528026362575199|484010
4.528026362575199|485010
4.528026362575199|486010
4.528026362575199|487010
4.528026362575199|488010
4.528026362575199|489010
4.528026362575199|490010
4.528026362575199|491010
4.528026362575199|492010
4.528026362575199|493010
4.528026362575199|494010
4.528026362575199|495010
4.528026362575199|496010
4.528026362575199|497010
4.528026362575199|498010
4.528026362575199|499010
4.528026362575199|500010
4.528026362575199|501010
4.528026362575199|502010
4.528026362575199|503010
4.528026362575199|504010
4.528026362575199|505010
4.528026362575199|506010
4.528026362575199|507010
4.528026362575199|508010
4.528026362575199|509010
4.528026362575199|510010
4.528026362575199|511010
4.528026362575199|512010
4.528026362575199|513010
4.528026362575199|514010
4.528026362575199|515010
4.528026362575199|516010
4.528026362575199|517010
4.528026362575199|518010
4.528026362575199|519010
4.528026362575199|520010
4.528026362575199|521010
4.528026362575199|522010
4.528026362575199|523010
4.528026362575199|524010
4.528026362575199|525010
4.528026362575199|526010
4.528026362575199|527010
4.528026362575199|528010
4.528026362575199|529010
4.528026362575199|530010
4.528026362575199|531010
4.528026362575199|532010
4.528026362575199|533010
4.528026362575199|534010
4.528026362575199|535010
4.528026362575199|536010
4.528026362575199|537010
4.528026362575199|538010
4.528026362575199|539010
4.528026362575199|540010
4.528026362575199|541010
4.528026362575199|542010
4.528026362575199|543010
4.528026362575199|544010
4.528026362575199|545010
4.528026362575199|546010
4.528026362575199|547010
4.528026362575199|548010
4.528026362575199|549010
4.528026362575199|550010
4.528026362575199|551010
4.528026362575199|552010
4.528026362575199|553010
4.528026362575199|554010
4.528026362575199|555010
4.528026362575199|556010
4.528026362575199|557010
4.528026362575199|558010
4.528026362575199|559010
4.528026362575199|560010
4.528026362575199|561010
4.528026362575199|562010
4.528026362575199|563010
4.528026362575199|564010
4.528026362575199|565010
4.528026362575199|566010
4.528026362575199|567010
4.528026362575199|568010
4.528026362575199|569010
4.528026362575199|570010
4.528026362575199|571010
4.528026362575199|572010
4.528026362575199|573010
4.528026362575199|574010
4.528026362575199|575010
4.528026362575199|576010
4.528026362575199|577010
4.528026362575199|578010
4.528026362575199|579010
4.528026362575199|580010
4.528026362575199|581010
4.528026362575199|582010
4.528026362575199|583010
4.528026362575199|584010
4.528026362575199|585010
4.528026362575199|586010
4.528026362575199|587010
4.528026362575199|588010
4.528026362575199|589010
4.528026362575199|590010
4.528026362575199|591010
4.528026362575199|592010
4.528026362575199|593010
4.528026362575199|594010
4.528026362575199|595010
4.528026362575199|596010
4.528026362575199|597010
4.528026362575199|598010
4.528026362575199|599010
4.528026362575199|600010
4.528026362575199|601010
4.528026362575199|602010
4.528026362575199|603010
4.528026362575199|604010
4.528026362575199|605010
4.528026362575199|606010
4.528026362575199|607010
4.528026362575199|608010
4.528026362575199|609010
4.528026362575199|610010
4.528026362575199|611010
4.528026362575199|612010
4.528026362575199|613010
4.528026362575199|614010
4.528026362575199|615010
4.528026362575199|616010
4.528026362575199|617010
4.528026362575199|618010
4.528026362575199|619010
4.528026362575199|620010
4.528026362575199|621010
4.528026362575199|622010
4.528026362575199|623010
4.528026362575199|624010
4.528026362575199|625010
4.528026362575199|626010
4.528026362575199|627010
4.528026362575199|628010
4.528026362575199|629010
4.528026362575199|630010
4.528026362575199|631010
4.528026362575199|632010
4.528026362575199|633010
4.528026362575199|634010
4.528026362575199|635010
4.528026362575199|636010
4.528026362575199|637010
4.528026362575199|638010
4.528026362575199|639010
4.528026362575199|640010
4.528026362575199|641010
4.528026362575199|642010
4.528026362575199|643010
4.528026362575199|644010
4.528026362575199|645010
4.528026362575199|646010
4.528026362575199|647010
4.528026362575199|648010
4.528026362575199|649010
4.528026362575199|650010
4.528026362575199|651010
4.528026362575199|652010
4.528026362575199|653010
4.528026362575199|654010
4.528026362575199|655010
4.528026362575199|656010
4.528026362575199|657010
4.528026362575199|658010
4.528026362575199|659010
4.528026362575199|660010
4.528026362575199|661010
4.528026362575199|662010
4.528026362575199|663010
4.528026362575199|664010
4.528026362575199|665010
4.528026362575199|666010
4.528026362575199|667010
4.528026362575199|668010
4.528026362575199|669010
4.528026362575199|670010
4.528026362575199|671010
4.528026362575199|672010
4.528026362575199|673010
4.528026362575199|674010
4.528026362575199|675010
4.528026362575199|676010
4.528026362575199|677010
4.528026362575199|678010
4.528026362575199|679010
4.528026362575199|680010
4.528026362575199|681010
4.528026362575199|682010
4.528026362575199|683010
4.528026362575199|684010
4.528026362575199|685010
4.528026362575199|686010
4.528026362575199|687010
4.528026362575199|688010
4.528026362575199|689010
4.528026362575199|690010
4.528026362575199|691010
4.528026362575199|692010
4.528026362575199|693010
4.528026362575199|694010
4.528026362575199|695010
4.528026362575199|696010
4.528026362575199|697010
4.528026362575199|698010
4.528026362575199|699010
4.528026362575199|700010
4.528026362575199|701010
4.528026362575199|702010
4.528026362575199|703010
4.528026362575199|704010
4.528026362575199|705010
4.528026362575199|706010
4.528026362575199|707010
4.528026362575199|708010
4.528026362575199|709010
4.528026362575199|710010
4.528026362575199|711010
4.528026362575199|712010
4.528026362575199|713010
4.528026362575199|714010
4.528026362575199|715010
4.528026362575199|716010
4.528026362575199|717010
4.528026362575199|718010
4.528026362575199|719010
4.528026362575199|720010
4.528026362575199|721010
4.528026362575199|722010
4.528026362575199|723010
4.528026362575199|724010
4.528026362575199|725010
4.528026362575199|726010
4.528026362575199|727010
4.528026362575199|728010
4.528026362575199|729010
4.528026362575199|730010
4.528026362575199|731010
4.528026362575199|732010
4.528026362575199|733010
4.528026362575199|734010
4.528026362575199|735010
4.528026362575199|736010
4.528026362575199|737010
4.528026362575199|738010
4.528026362575199|739010
4.528026362575199|740010
4.528026362575199|741010
4.528026362575199|742010
4.528026362575199|743010
4.528026362575199|744010
4.528026362575199|745010
4.528026362575199|746010
4.528026362575199|747010
4.528026362575199|748010
4.528026362575199|749010
4.528026362575199|750010
4.528026362575199|751010
4.528026362575199|752010
4.528026362575199|753010
4.528026362575199|754010
4.528026362575199|755010
4.528026362575199|756010
4.528026362575199|757010
4.528026362575199|758010
4.528026362575199|759010
4.528026362575199|760010
4.528026362575199|761010
4.528026362575199|762010
4.528026362575199|763010
4.528026362575199|764010
4.528026362575199|765010
4.528026362575199|766010
4.528026362575199|767010
4.528026362575199|768010
4.528026362575199|769010
4.528026362575199|770010
4.528026362575199|771010
4.528026362575199|772010
4.528026362575199|773010
4.528026362575199|774010
4.528026362575199|775010
4.528026362575199|776010
4.528026362575199|777010
4.528026362575199|778010
4.528026362575199|779010
4.528026362575199|780010
4.528026362575199|781010
4.528026362575199|782010
4.528026362575199|783010
4.528026362575199|784010
4.528026362575199|785010
4.528026362575199|786010
4.528026362575199|787010
4.528026362575199|788010
4.528026362575199|789010
4.528026362575199|790010
4.528026362575199|791010
4.528026362575199|792010
4.528026362575199|793010
4.528026362575199|794010
4.528026362575199|795010
4.528026362575199|796010
4.528026362575199|797010
4.528026362575199|798010
4.528026362575199|799010
4.528026362575199|800010
4.528026362575199|801010
4.528026362575199|802010
4.528026362575199|803010
4.528026362575199|804010
4.528026362575199|805010
4.528026362575199|806010
4.528026362575199|807010
4.528026362575199|808010
4.528026362575199|809010
4.528026362575199|810010
4.528026362575199|811010
4.528026362575199|812010
4.528026362575199|813010
4.528026362575199|814010
4.528026362575199|815010
4.528026362575199|816010
4.528026362575199|817010
4.528026362575199|818010
4.528026362575199|819010
4.528026362575199|820010
4.528026362575199|821010
4.528026362575199|822010
4.528026362575199|823010
4.528026362575199|824010
4.528026362575199|825010
4.528026362575199|826010
4.528026362575199|827010
4.528026362575199|828010
4.528026362575199|829010
4.528026362575199|830010
4.528026362575199|831010
4.528026362575199|832010
4.528026362575199|833010
4.528026362575199|834010
4.528026362575199|835010
4.528026362575199|836010
4.528026362575199|837010
4.528026362575199|838010
4.528026362575199|839010
4.528026362575199|840010
4.528026362575199|841010
4.528026362575199|842010
4.528026362575199|843010
4.528026362575199|844010
4.528026362575199|845010
4.528026362575199|846010
4.528026362575199|847010
4.528026362575199|848010
4.528026362575199|849010
4.528026362575199|850010
4.528026362575199|851010
4.528026362575199|852010
4.528026362575199|853010
4.528026362575199|854010
4.528026362575199|855010
4.528026362575199|856010
4.528026362575199|857010
4.528026362575199|858010
4.528026362575199|859010
4.528026362575199|860010
4.528026362575199|861010
4.528026362575199|862010
4.528026362575199|863010
4.528026362575199|864010
4.528026362575199|865010
4.528026362575199|866010
4.528026362575199|867010
4.528026362575199|868010
4.528026362575199|869010
4.528026362575199|870010
4.528026362575199|871010
4.528026362575199|872010
4.528026362575199|873010
4.528026362575199|874010
4.528026362575199|875010
4.528026362575199|876010
4.528026362575199|877010
4.528026362575199|878010
4.528026362575199|879010
4.528026362575199|880010
4.528026362575199|881010
4.528026362575199|882010
4.528026362575199|883010
4.528026362575199|884010
4.528026362575199|885010
4.528026362575199|886010
4.528026362575199|887010
4.528026362575199|888010
4.528026362575199|889010
4.528026362575199|890010
4.528026362575199|891010
4.528026362575199|892010
4.528026362575199|893010
4.528026362575199|894010
4.528026362575199|895010
4.528026362575199|896010
4.528026362575199|897010
4.528026362575199|898010
4.528026362575199|899010
4.528026362575199|900010
4.528026362575199|901010
4.528026362575199|902010
4.528026362575199|903010
4.528026362575199|904010
4.528026362575199|905010
4.528026362575199|906010
4.528026362575199|907010
4.528026362575199|908010
4.528026362575199|909010
4.528026362575199|910010
4.528026362575199|911010
4.528026362575199|912010
4.528026362575199|913010
4.528026362575199|914010
4.528026362575199|915010
4.528026362575199|916010
4.528026362575199|917010
4.528026362575199|918010
4.528026362575199|919010
4.528026362575199|920010
4.528026362575199|921010
4.528026362575199|922010
4.528026362575199|923010
4.528026362575199|924010
4.528026362575199|925010
4.528026362575199|926010
4.528026362575199|927010
4.528026362575199|928010
4.528026362575199|929010
4.528026362575199|930010
4.528026362575199|931010
4.528026362575199|932010
4.528026362575199|933010
4.528026362575199|934010
4.528026362575199|935010
4.528026362575199|936010
4.528026362575199|937010
4.528026362575199|938010
4.528026362575199|939010
4.528026362575199|940010
4.528026362575199|941010
4.528026362575199|942010
4.528026362575199|943010
4.528026362575199|944010
4.528026362575199|945010
4.528026362575199|946010
4.528026362575199|947010
4.528026362575199|948010
4.528026362575199|949010
4.528026362575199|950010
4.528026362575199|951010
4.528026362575199|952010
4.528026362575199|953010
4.528026362575199|954010
4.528026362575199|955010
4.528026362575199|956010
4.528026362575199|957010
4.528026362575199|958010
4.528026362575199|959010
4.528026362575199|960010
4.528026362575199|961010
4.528026362575199|962010
4.528026362575199|963010
4.528026362575199|964010
4.528026362575199|965010
4.528026362575199|966010
4.528026362575199|967010
4.528026362575199|968010
4.528026362575199|969010
4.528026362575199|970010
4.528026362575199|971010
4.528026362575199|972010
4.528026362575199|973010
4.528026362575199|974010
4.528026362575199|975010
4.528026362575199|976010
4.528026362575199|977010
4.528026362575199|978010
4.528026362575199|979010
4.528026362575199|980010
4.528026362575199|981010
4.528026362575199|982010
4.528026362575199|983010
4.528026362575199|984010
4.528026362575199|985010
4.528026362575199|986010
4.528026362575199|987010
4.528026362575199|988010
4.528026362575199|989010
4.528026362575199|990010
4.528026362575199|991010
4.528026362575199|992010
4.528026362575199|993010
4.528026362575199|994010
4.528026362575199|995010
4.528026362575199|996010
4.528026362575199|997010
4.528026362575199|998010
4.528026362575199|999010
4.528026362575199|1000010
