13.341880120330844|2000
12.566275698537627|3000
12.566275698537627|4000
12.110223451813852|5000
11.944846254573877|6000
11.85173768565833|7000
11.484698969946264|8000
11.28389237902627|9000
10.883378818780177|10000
10.694731608255724|11000
10.526176147170387|12000
10.380806126906846|13000
9.749255417110708|14000
9.749255417110708|15000
9.749255417110708|16000
9.659963237598763|17000
9.015547379321266|18000
9.015547379321266|19000
8.91089601695106|20000
8.91089601695106|21000
8.58275744494389|22000
8.58275744494389|23000
8.266444875564753|24000
8.266444875564753|25000
8.044039358383491|26000
8.044039358383491|27000
7.806921440239567|28000
7.806921440239567|29000
7.561338189210711|30000
7.561338189210711|31000
7.561338189210711|32000
7.43445492337377|33000
7.426435677080922|34000
7.257044922393776|35000
7.167867893197845|36000
7.167867893197845|37000
7.167856412288769|38000
7.079493286840334|39000
7.058232504804724|40000
7.029443413529777|41000
6.918122032402721|42000
6.918122032402721|43000
6.905368764895907|44000
6.7468327717270435|45000
6.630941252940466|46000
6.630941252940466|47000
6.630941252940466|48000
6.592526789962025|49000
6.5234247583639435|50000
6.5234247583639435|51000
6.500980931107709|52000
6.385515327817536|53000
6.251371306478291|54000
6.251371306478291|55000
6.159050148635371|56000
6.1423743761076475|57000
6.1423743761076475|58000
6.1423743761076475|59000
6.080410890917501|60000
6.015985363641223|61000
6.015985363641223|62000
5.954541813168805|63000
5.773736396142589|64000
5.773736396142589|65000
5.773736396142589|66000
5.713096282824401|67000
5.713096282824401|68000
5.543316660882852|69000
5.527529713588511|70000
5.527529713588511|71000
5.527529713588511|72000
5.498550242442932|73000
5.468040918892544|74000
5.4559077301067225|75000
5.4559077301067225|76000
5.445416953246127|77000
5.4102138085172475|78000
5.406578827724635|79000
5.377978699536061|80000
5.377978699536061|81000
5.377978699536061|82000
5.239182431508679|83000
5.239182431508679|84000
5.239182431508679|85000
5.239182431508679|86000
5.193458758758636|87000
5.193458758758636|88000
5.193458758758636|89000
5.193458758758636|90000
5.155049800818646|91000
5.155049800818646|92000
5.155049800818646|93000
5.077113718509198|94000
5.077113718509198|95000
5.077113718509198|96000
5.046293175345072|97000
4.994159236832001|98000
4.994159236832001|99000
4.994159236832001|100000
4.994159236832001|101000
4.979935443142377|102000
4.979935443142377|103000
4.979935443142377|104000
4.940420105109414|105000
4.93946463327214|106000
4.907099156944375|107000
4.907099156944375|108000
4.903544293996568|109000
4.878395170503279|110000
4.878395170503279|111000
4.844295920819641|112000
4.825026018829642|113000
4.825026018829642|114000
4.6614234311447476|115000
4.6614234311447476|116000
4.6614234311447476|117000
4.6614234311447476|118000
4.6614234311447476|119000
4.6614234311447476|120000
4.6236733545927|121000
4.579350293030014|122000
4.579350293030014|123000
4.553923994975169|124000
4.50705414374625|125000
4.50705414374625|126000
4.50705414374625|127000
4.505908456841026|128000
4.490988870649002|129000
4.474709892538499|130000
4.474709892538499|131000
4.434583460018275|132000
4.428587781847007|133000
4.428587781847007|134000
4.427760266179969|135000
4.395462715587861|136000
4.360947232116344|137000
4.360947232116344|138000
4.288479240990081|139000
4.288479240990081|140000
4.2884735632062005|141000
4.2884735632062005|142000
4.2884735632062005|143000
4.272625145987831|144000
4.249301677361511|145000
4.234740109267494|146000
4.234736694845448|147000
4.2339650243381|148000
4.2339650243381|149000
4.208059837143719|150000
4.189098232452483|151000
4.189098232452483|152000
4.187585167101128|153000
4.187585167101128|154000
4.187585167101128|155000
4.17295479543597|156000
4.168479053307104|157000
4.159936201077187|158000
4.159936201077187|159000
4.141908837893753|160000
4.141908837893753|161000
4.141908837893753|162000
4.1188886773166|163000
4.1188886773166|164000
4.1188886773166|165000
4.115906539890833|166000
4.114737145065793|167000
4.086359290830991|168000
4.086359290830991|169000
4.075958033527943|170000
4.075958033527943|171000
4.075958033527943|172000
4.075958033527943|173000
4.053736145620011|174000
4.044461198964549|175000
4.0438604111708|176000
4.027482748377651|177000
4.027482748377651|178000
4.027482748377651|179000
4.027482748377651|180000
4.027482748377651|181000
4.0172895061365885|182000
4.01275634933917|183000
4.01275634933917|184000
4.01275634933917|185000
3.985584656511209|186000
3.985584656511209|187000
3.9754519105607877|188000
3.9754519105607877|189000
3.9754519105607877|190000
3.9754519105607877|191000
3.9754519105607877|192000
3.971206744255334|193000
3.960808192265632|194000
3.960808192265632|195000
3.960808192265632|196000
3.960808192265632|197000
3.960808192265632|198000
3.950406934962583|199000
3.950406934962583|200000
3.950406934962583|201000
3.9500288314738725|202000
3.9464302800097566|203000
3.9464302800097566|204000
3.9464302800097566|205000
3.941721506450581|206000
3.941721506450581|207000
3.9377448514977544|208000
3.9333558110780804|209000
3.9333558110780804|210000
3.9333558110780804|211000
3.9272913539874192|212000
3.9272913539874192|213000
3.5441404773679888|214000
3.5441404773679888|215000
3.5441404773679888|216000
3.541190173231939|217000
3.5208824683045625|218000
3.5208824683045625|219000
3.5208824683045625|220000
3.510103107512803|221000
3.510103107512803|222000
3.510103107512803|223000
3.510103107512803|224000
3.510103107512803|225000
3.497402772429213|226000
3.4875563346495793|227000
3.4718110254591696|228000
3.4718110254591696|229000
3.4718110254591696|230000
3.4718110254591696|231000
3.4370916869864323|232000
3.4370916869864323|233000
3.4370916869864323|234000
3.4370916869864323|235000
3.426312326194673|236000
3.426312326194673|237000
3.426312326194673|238000
3.3970458647377013|239000
3.3970458647377013|240000
3.3970458647377013|241000
3.3970458647377013|242000
3.386266503945942|243000
3.386266503945942|244000
3.3568500447287315|245000
3.3568500447287315|246000
3.3568500447287315|247000
3.3568500447287315|248000
3.3568500447287315|249000
3.3470985202319428|250000
3.228489757290471|251000
3.228489757290471|252000
3.228489757290471|253000
3.228489757290471|254000
3.228489757290471|255000
3.228489757290471|256000
3.228489757290471|257000
3.1884961752490266|258000
3.1884961752490266|259000
3.1884961752490266|260000
3.1884961752490266|261000
3.1777215956017404|262000
3.1777215956017404|263000
3.177716814457267|264000
3.1777156554452075|265000
3.1777156554452075|266000
3.1777156554452075|267000
3.1777156554452075|268000
3.176899372259207|269000
3.167518775430082|270000
3.167518775430082|271000
3.167518775430082|272000
3.167518775430082|273000
3.1675176164180225|274000
3.1675176164180225|275000
3.1675176164180225|276000
3.166696552087549|277000
3.166696552087549|278000
3.166696552087549|279000
3.166696552087549|280000
3.140214848050305|281000
3.140214848050305|282000
3.140214848050305|283000
3.140214848050305|284000
3.140214848050305|285000
3.140214848050305|286000
3.140214848050305|287000
3.140214848050305|288000
3.140214848050305|289000
3.140214848050305|290000
3.140214848050305|291000
3.140214848050305|292000
3.140214848050305|293000
3.140214848050305|294000
3.140214848050305|295000
3.140214848050305|296000
3.140214848050305|297000
3.140214848050305|298000
3.140214848050305|299000
3.140214848050305|300000
3.140214848050305|301000
3.140214848050305|302000
3.140214848050305|303000
3.140214848050305|304000
3.140214848050305|305000
3.140214848050305|306000
3.140214848050305|307000
3.140214848050305|308000
3.140214848050305|309000
3.140214848050305|310000
3.140214848050305|311000
3.140214848050305|312000
3.140214848050305|313000
3.140214848050305|314000
3.140214848050305|315000
3.140214848050305|316000
3.140214848050305|317000
3.140214848050305|318000
3.140214848050305|319000
3.140214848050305|320000
3.140214848050305|321000
3.140214848050305|322000
3.140214848050305|323000
3.140214848050305|324000
3.140214848050305|325000
3.140214848050305|326000
3.140214848050305|327000
3.140214848050305|328000
3.140214848050305|329000
3.140214848050305|330000
3.140214848050305|331000
3.140214848050305|332000
3.140214848050305|333000
3.140214848050305|334000
3.140214848050305|335000
3.140214848050305|336000
3.140214848050305|337000
3.140214848050305|338000
3.140214848050305|339000
3.140214848050305|340000
3.140214848050305|341000
3.140214848050305|342000
3.140214848050305|343000
3.140214848050305|344000
3.140214848050305|345000
3.140214848050305|346000
3.140214848050305|347000
3.140214848050305|348000
3.140214848050305|349000
3.140214848050305|350000
3.140214848050305|351000
3.140214848050305|352000
3.140214848050305|353000
3.140214848050305|354000
3.140214848050305|355000
3.140214848050305|356000
3.140214848050305|357000
3.140214848050305|358000
3.140214848050305|359000
3.140214848050305|360000
3.140214848050305|361000
3.140214848050305|362000
3.140214848050305|363000
3.140214848050305|364000
3.140214848050305|365000
3.140214848050305|366000
3.140214848050305|367000
3.140214848050305|368000
3.140214848050305|369000
3.140214848050305|370000
3.140214848050305|371000
3.140214848050305|372000
3.140214848050305|373000
3.140214848050305|374000
3.140214848050305|375000
3.140214848050305|376000
3.140214848050305|377000
3.140214848050305|378000
3.140214848050305|379000
3.140214848050305|380000
3.140214848050305|381000
3.140214848050305|382000
3.140214848050305|383000
3.140214848050305|384000
3.140214848050305|385000
3.140214848050305|386000
3.140214848050305|387000
3.140214848050305|388000
3.140214848050305|389000
3.140214848050305|390000
3.140214848050305|391000
3.140214848050305|392000
3.140214848050305|393000
3.140214848050305|394000
3.140214848050305|395000
3.140214848050305|396000
3.140214848050305|397000
3.140214848050305|398000
3.140214848050305|399000
3.140214848050305|400000
3.140214848050305|401000
3.140214848050305|402000
3.140214848050305|403000
3.140214848050305|404000
3.140214848050305|405000
3.140214848050305|406000
3.140214848050305|407000
3.140214848050305|408000
3.140214848050305|409000
3.140214848050305|410000
3.140214848050305|411000
3.140214848050305|412000
3.140214848050305|413000
3.140214848050305|414000
3.140214848050305|415000
3.140214848050305|416000
3.140214848050305|417000
3.140214848050305|418000
3.140214848050305|419000
3.140214848050305|420000
3.140214848050305|421000
3.140214848050305|422000
3.140214848050305|423000
3.140214848050305|424000
3.140214848050305|425000
3.140214848050305|426000
3.140214848050305|427000
3.140214848050305|428000
3.140214848050305|429000
3.140214848050305|430000
3.140214848050305|431000
3.140214848050305|432000
3.140214848050305|433000
3.140214848050305|434000
3.140214848050305|435000
3.140214848050305|436000
3.140214848050305|437000
3.140214848050305|438000
3.140214848050305|439000
3.140214848050305|440000
3.140214848050305|441000
3.140214848050305|442000
3.140214848050305|443000
3.140214848050305|444000
3.140214848050305|445000
3.140214848050305|446000
3.140214848050305|447000
3.140214848050305|448000
3.140214848050305|449000
3.140214848050305|450000
3.140214848050305|451000
3.140214848050305|452000
3.140214848050305|453000
3.140214848050305|454000
3.140214848050305|455000
3.140214848050305|456000
3.140214848050305|457000
3.140214848050305|458000
3.140214848050305|459000
3.140214848050305|460000
3.140214848050305|461000
3.140214848050305|462000
3.140214848050305|463000
3.140214848050305|464000
3.140214848050305|465000
3.140214848050305|466000
3.140214848050305|467000
3.140214848050305|468000
3.140214848050305|469000
3.140214848050305|470000
3.140214848050305|471000
3.140214848050305|472000
3.140214848050305|473000
3.140214848050305|474000
3.140214848050305|475000
3.140214848050305|476000
3.140214848050305|477000
3.140214848050305|478000
3.140214848050305|479000
3.140214848050305|480000
3.140214848050305|481000
3.140214848050305|482000
3.140214848050305|483000
3.140214848050305|484000
3.140214848050305|485000
3.140214848050305|486000
3.140214848050305|487000
3.140214848050305|488000
3.140214848050305|489000
3.140214848050305|490000
3.140214848050305|491000
3.140214848050305|492000
3.140214848050305|493000
3.140214848050305|494000
3.140214848050305|495000
3.140214848050305|496000
3.140214848050305|497000
3.140214848050305|498000
3.140214848050305|499000
3.140214848050305|500000
3.140214848050305|501000
3.140214848050305|502000
3.140214848050305|503000
3.140214848050305|504000
3.140214848050305|505000
3.140214848050305|506000
3.140214848050305|507000
3.140214848050305|508000
3.140214848050305|509000
3.140214848050305|510000
3.140214848050305|511000
3.140214848050305|512000
3.140214848050305|513000
3.140214848050305|514000
3.140214848050305|515000
3.140214848050305|516000
3.140214848050305|517000
3.140214848050305|518000
3.140214848050305|519000
3.140214848050305|520000
3.140214848050305|521000
3.140214848050305|522000
3.140214848050305|523000
3.140214848050305|524000
3.140214848050305|525000
3.140214848050305|526000
3.140214848050305|527000
3.140214848050305|528000
3.140214848050305|529000
3.140214848050305|530000
3.140214848050305|531000
3.140214848050305|532000
3.140214848050305|533000
3.140214848050305|534000
3.140214848050305|535000
3.140214848050305|536000
3.140214848050305|537000
3.140214848050305|538000
3.140214848050305|539000
3.140214848050305|540000
3.140214848050305|541000
3.140214848050305|542000
3.140214848050305|543000
3.140214848050305|544000
3.140214848050305|545000
3.140214848050305|546000
3.140214848050305|547000
3.140214848050305|548000
3.140214848050305|549000
3.140214848050305|550000
3.140214848050305|551000
3.140214848050305|552000
3.140214848050305|553000
3.140214848050305|554000
3.140214848050305|555000
3.140214848050305|556000
3.140214848050305|557000
3.140214848050305|558000
3.140214848050305|559000
3.140214848050305|560000
3.140214848050305|561000
3.140214848050305|562000
3.140214848050305|563000
3.140214848050305|564000
3.140214848050305|565000
3.140214848050305|566000
3.140214848050305|567000
3.140214848050305|568000
3.140214848050305|569000
3.140214848050305|570000
3.140214848050305|571000
3.140214848050305|572000
3.140214848050305|573000
3.140214848050305|574000
3.140214848050305|575000
3.140214848050305|576000
3.140214848050305|577000
3.140214848050305|578000
3.140214848050305|579000
3.140214848050305|580000
3.140214848050305|581000
3.140214848050305|582000
3.140214848050305|583000
3.140214848050305|584000
3.140214848050305|585000
3.140214848050305|586000
3.140214848050305|587000
3.140214848050305|588000
3.140214848050305|589000
3.140214848050305|590000
3.140214848050305|591000
3.140214848050305|592000
3.140214848050305|593000
3.140214848050305|594000
3.140214848050305|595000
3.140214848050305|596000
3.140214848050305|597000
3.140214848050305|598000
3.140214848050305|599000
3.140214848050305|600000
3.140214848050305|601000
3.140214848050305|602000
3.140214848050305|603000
3.140214848050305|604000
3.140214848050305|605000
3.140214848050305|606000
3.140214848050305|607000
3.140214848050305|608000
3.140214848050305|609000
3.140214848050305|610000
3.140214848050305|611000
3.140214848050305|612000
3.140214848050305|613000
3.140214848050305|614000
3.140214848050305|615000
3.140214848050305|616000
3.140214848050305|617000
3.140214848050305|618000
3.140214848050305|619000
3.140214848050305|620000
3.140214848050305|621000
3.140214848050305|622000
3.140214848050305|623000
3.140214848050305|624000
3.140214848050305|625000
3.140214848050305|626000
3.140214848050305|627000
3.140214848050305|628000
3.140214848050305|629000
3.140214848050305|630000
3.140214848050305|631000
3.140214848050305|632000
3.140214848050305|633000
3.140214848050305|634000
3.140214848050305|635000
3.140214848050305|636000
3.140214848050305|637000
3.140214848050305|638000
3.140214848050305|639000
3.140214848050305|640000
3.140214848050305|641000
3.140214848050305|642000
3.140214848050305|643000
3.140214848050305|644000
3.140214848050305|645000
3.140214848050305|646000
3.140214848050305|647000
3.140214848050305|648000
3.140214848050305|649000
3.140214848050305|650000
3.140214848050305|651000
3.140214848050305|652000
3.140214848050305|653000
3.140214848050305|654000
3.140214848050305|655000
3.140214848050305|656000
3.140214848050305|657000
3.140214848050305|658000
3.140214848050305|659000
3.140214848050305|660000
3.140214848050305|661000
3.140214848050305|662000
3.140214848050305|663000
3.140214848050305|664000
3.140214848050305|665000
3.140214848050305|666000
3.140214848050305|667000
3.140214848050305|668000
3.140214848050305|669000
3.140214848050305|670000
3.140214848050305|671000
3.140214848050305|672000
3.140214848050305|673000
3.140214848050305|674000
3.140214848050305|675000
3.140214848050305|676000
3.140214848050305|677000
3.140214848050305|678000
3.140214848050305|679000
3.140214848050305|680000
3.140214848050305|681000
3.140214848050305|682000
3.140214848050305|683000
3.140214848050305|684000
3.140214848050305|685000
3.140214848050305|686000
3.140214848050305|687000
3.140214848050305|688000
3.140214848050305|689000
3.140214848050305|690000
3.140214848050305|691000
3.140214848050305|692000
3.140214848050305|693000
3.140214848050305|694000
3.140214848050305|695000
3.140214848050305|696000
3.140214848050305|697000
3.140214848050305|698000
3.140214848050305|699000
3.140214848050305|700000
3.140214848050305|701000
3.140214848050305|702000
3.140214848050305|703000
3.140214848050305|704000
3.140214848050305|705000
3.140214848050305|706000
3.140214848050305|707000
3.140214848050305|708000
3.140214848050305|709000
3.140214848050305|710000
3.140214848050305|711000
3.140214848050305|712000
3.140214848050305|713000
3.140214848050305|714000
3.140214848050305|715000
3.140214848050305|716000
3.140214848050305|717000
3.140214848050305|718000
3.140214848050305|719000
3.140214848050305|720000
3.140214848050305|721000
3.140214848050305|722000
3.140214848050305|723000
3.140214848050305|724000
3.140214848050305|725000
3.140214848050305|726000
3.140214848050305|727000
3.140214848050305|728000
3.140214848050305|729000
3.140214848050305|730000
3.140214848050305|731000
3.140214848050305|732000
3.140214848050305|733000
3.140214848050305|734000
3.140214848050305|735000
3.140214848050305|736000
3.140214848050305|737000
3.140214848050305|738000
3.140214848050305|739000
3.140214848050305|740000
3.140214848050305|741000
3.140214848050305|742000
3.140214848050305|743000
3.140214848050305|744000
3.140214848050305|745000
3.140214848050305|746000
3.140214848050305|747000
3.140214848050305|748000
3.140214848050305|749000
3.140214848050305|750000
3.140214848050305|751000
3.140214848050305|752000
3.140214848050305|753000
3.140214848050305|754000
3.140214848050305|755000
3.140214848050305|756000
3.140214848050305|757000
3.140214848050305|758000
3.140214848050305|759000
3.140214848050305|760000
3.140214848050305|761000
3.140214848050305|762000
3.140214848050305|763000
3.140214848050305|764000
3.140214848050305|765000
3.140214848050305|766000
3.140214848050305|767000
3.140214848050305|768000
3.140214848050305|769000
3.140214848050305|770000
3.140214848050305|771000
3.140214848050305|772000
3.140214848050305|773000
3.140214848050305|774000
3.140214848050305|775000
3.140214848050305|776000
3.140214848050305|777000
3.140214848050305|778000
3.140214848050305|779000
3.140214848050305|780000
3.140214848050305|781000
3.140214848050305|782000
3.140214848050305|783000
3.140214848050305|784000
3.140214848050305|785000
3.140214848050305|786000
3.140214848050305|787000
3.140214848050305|788000
3.140214848050305|789000
3.140214848050305|790000
3.140214848050305|791000
3.140214848050305|792000
3.140214848050305|793000
3.140214848050305|794000
3.140214848050305|795000
3.140214848050305|796000
3.140214848050305|797000
3.140214848050305|798000
3.140214848050305|799000
3.140214848050305|800000
3.140214848050305|801000
3.140214848050305|802000
3.140214848050305|803000
3.140214848050305|804000
3.140214848050305|805000
3.140214848050305|806000
3.140214848050305|807000
3.140214848050305|808000
3.140214848050305|809000
3.140214848050305|810000
3.140214848050305|811000
3.140214848050305|812000
3.140214848050305|813000
3.140214848050305|814000
3.140214848050305|815000
3.140214848050305|816000
3.140214848050305|817000
3.140214848050305|818000
3.140214848050305|819000
3.140214848050305|820000
3.140214848050305|821000
3.140214848050305|822000
3.140214848050305|823000
3.140214848050305|824000
3.140214848050305|825000
3.140214848050305|826000
3.140214848050305|827000
3.140214848050305|828000
3.140214848050305|829000
3.140214848050305|830000
3.140214848050305|831000
3.140214848050305|832000
3.140214848050305|833000
3.140214848050305|834000
3.140214848050305|835000
3.140214848050305|836000
3.140214848050305|837000
3.140214848050305|838000
3.140214848050305|839000
3.140214848050305|840000
3.140214848050305|841000
3.140214848050305|842000
3.140214848050305|843000
3.140214848050305|844000
3.140214848050305|845000
3.140214848050305|846000
3.140214848050305|847000
3.140214848050305|848000
3.140214848050305|849000
3.140214848050305|850000
3.140214848050305|851000
3.140214848050305|852000
3.140214848050305|853000
3.140214848050305|854000
3.140214848050305|855000
3.140214848050305|856000
3.140214848050305|857000
3.140214848050305|858000
3.140214848050305|859000
3.140214848050305|860000
3.140214848050305|861000
3.140214848050305|862000
3.140214848050305|863000
3.140214848050305|864000
3.140214848050305|865000
3.140214848050305|866000
3.140214848050305|867000
3.140214848050305|868000
3.140214848050305|869000
3.140214848050305|870000
3.140214848050305|871000
3.140214848050305|872000
3.140214848050305|873000
3.140214848050305|874000
3.140214848050305|875000
3.140214848050305|876000
3.140214848050305|877000
3.140214848050305|878000
3.140214848050305|879000
3.140214848050305|880000
3.140214848050305|881000
3.140214848050305|882000
3.140214848050305|883000
3.140214848050305|884000
3.140214848050305|885000
3.140214848050305|886000
3.140214848050305|887000
3.140214848050305|888000
3.140214848050305|889000
3.140214848050305|890000
3.140214848050305|891000
3.140214848050305|892000
3.140214848050305|893000
3.140214848050305|894000
3.140214848050305|895000
3.140214848050305|896000
3.140214848050305|897000
3.140214848050305|898000
3.140214848050305|899000
3.140214848050305|900000
3.140214848050305|901000
3.140214848050305|902000
3.140214848050305|903000
3.140214848050305|904000
3.140214848050305|905000
3.140214848050305|906000
3.140214848050305|907000
3.140214848050305|908000
3.140214848050305|909000
3.140214848050305|910000
3.140214848050305|911000
3.140214848050305|912000
3.140214848050305|913000
3.140214848050305|914000
3.140214848050305|915000
3.140214848050305|916000
3.140214848050305|917000
3.140214848050305|918000
3.140214848050305|919000
3.140214848050305|920000
3.140214848050305|921000
3.140214848050305|922000
3.140214848050305|923000
3.140214848050305|924000
3.140214848050305|925000
3.140214848050305|926000
3.140214848050305|927000
3.140214848050305|928000
3.140214848050305|929000
3.140214848050305|930000
3.140214848050305|931000
3.140214848050305|932000
3.140214848050305|933000
3.140214848050305|934000
3.140214848050305|935000
3.140214848050305|936000
3.140214848050305|937000
3.140214848050305|938000
3.140214848050305|939000
3.140214848050305|940000
3.140214848050305|941000
3.140214848050305|942000
3.140214848050305|943000
3.140214848050305|944000
3.140214848050305|945000
3.140214848050305|946000
3.140214848050305|947000
3.140214848050305|948000
3.140214848050305|949000
3.140214848050305|950000
3.140214848050305|951000
3.140214848050305|952000
3.140214848050305|953000
3.140214848050305|954000
3.140214848050305|955000
3.140214848050305|956000
3.140214848050305|957000
3.140214848050305|958000
3.140214848050305|959000
3.140214848050305|960000
3.140214848050305|961000
3.140214848050305|962000
3.140214848050305|963000
3.140214848050305|964000
3.140214848050305|965000
3.140214848050305|966000
3.140214848050305|967000
3.140214848050305|968000
3.140214848050305|969000
3.140214848050305|970000
3.140214848050305|971000
3.140214848050305|972000
3.140214848050305|973000
3.140214848050305|974000
3.140214848050305|975000
3.140214848050305|976000
3.140214848050305|977000
3.140214848050305|978000
3.140214848050305|979000
3.140214848050305|980000
3.140214848050305|981000
3.140214848050305|982000
3.140214848050305|983000
3.140214848050305|984000
3.140214848050305|985000
3.140214848050305|986000
3.140214848050305|987000
3.140214848050305|988000
3.140214848050305|989000
3.140214848050305|990000
3.140214848050305|991000
3.140214848050305|992000
3.140214848050305|993000
3.140214848050305|994000
3.140214848050305|995000
3.140214848050305|996000
3.140214848050305|997000
3.140214848050305|998000
3.140214848050305|999000
3.140214848050305|1000000
