13.681833330147516|2000
13.605713916682854|3000
13.412276774344821|4000
12.6587019868029|5000
12.245654390853531|6000
12.112416852247303|7000
11.728258284368094|8000
11.380677032025249|9000
11.206906224328618|10000
11.104957945833858|11000
10.825373228881807|12000
10.277449110565888|13000
10.191972711226231|14000
9.938944621880196|15000
9.938944621880196|16000
9.938944621880196|17000
9.290957899410637|18000
9.290957899410637|19000
9.004026866125749|20000
8.845477504426933|21000
8.827330021697|22000
8.717255100093816|23000
8.712556478849582|24000
8.567207572077566|25000
8.412867741534761|26000
8.299337831253775|27000
8.299337831253775|28000
8.050063112329825|29000
8.050063112329825|30000
8.013138065687276|31000
8.013138065687276|32000
7.860893805975348|33000
7.685153298817959|34000
7.685153298817959|35000
7.5612215447357825|36000
7.4756766745458085|37000
7.4756766745458085|38000
7.398549529191934|39000
7.247118315463444|40000
7.234684807159575|41000
7.104000025193007|42000
7.092980718707791|43000
7.017780543585578|44000
7.017780543585578|45000
7.017780543585578|46000
6.959128889275715|47000
6.684716714596215|48000
6.684716714596215|49000
6.684716714596215|50000
6.684716714596215|51000
6.622774558357947|52000
6.5496127981080505|53000
6.5496127981080505|54000
6.545317305498568|55000
6.487670641869783|56000
6.423557275423658|57000
6.4075657634313865|58000
6.4075657634313865|59000
6.396456103313925|60000
6.396456103313925|61000
5.857441069598721|62000
5.857441069598721|63000
5.769787293904748|64000
5.769787293904748|65000
5.769787293904747|66000
5.769787293904747|67000
5.769787293904747|68000
5.769787293904747|69000
5.560238886485829|70000
5.560238886485829|71000
5.560238886485829|72000
5.560238886485829|73000
5.550216974882421|74000
5.549691249019218|75000
5.527356985036119|76000
5.487827660583647|77000
5.487827660583647|78000
5.487827660583647|79000
5.487827660583647|80000
5.447573271810119|81000
5.441723809747446|82000
5.441723809747446|83000
5.427966524050968|84000
5.427966524050968|85000
5.41090150120054|86000
5.3303077825915794|87000
5.3303077825915794|88000
5.3303077825915794|89000
5.3303077825915794|90000
5.277962932478455|91000
5.275409675522895|92000
5.275409675522895|93000
5.275409675522895|94000
5.220586784926847|95000
5.220586784926847|96000
5.220586784926847|97000
5.220586784926847|98000
5.180597984029877|99000
5.180597984029877|100000
5.180597984029877|101000
5.1662310000975875|102000
5.157589778484253|103000
5.1524737144011095|104000
5.128729665333275|105000
5.125699876961193|106000
5.106550671441092|107000
5.106550671441092|108000
5.0767115123213165|109000
5.0767115123213165|110000
5.0767115123213165|111000
5.0767115123213165|112000
5.07009551603141|113000
5.052194886611833|114000
5.052194886611833|115000
5.0193353647697085|116000
5.0193353647697085|117000
5.0193353647697085|118000
5.0193353647697085|119000
4.999004579792101|120000
4.999004579792101|121000
4.999004579792101|122000
4.99338202216651|123000
4.99338202216651|124000
4.9915044413197265|125000
4.979855374272001|126000
4.9778649655010625|127000
4.973275106654763|128000
4.9719828206867085|129000
4.9719828206867085|130000
4.9719828206867085|131000
4.965031796064895|132000
4.960246150258775|133000
4.960246150258775|134000
4.954738650938931|135000
4.954738650938931|136000
4.946961250010696|137000
4.946961250010696|138000
4.939915365281168|139000
4.939915365281168|140000
4.931141309944447|141000
4.931141309944447|142000
4.931141309944447|143000
4.9268442190237804|144000
4.918516163801366|145000
4.918516163801366|146000
4.918516163801366|147000
4.918516163801366|148000
4.918516163801366|149000
4.917371458936726|150000
4.906737303512034|151000
4.906737303512034|152000
4.906737303512034|153000
4.905944421508463|154000
4.905944421508463|155000
4.905944421508463|156000
4.900127289188949|157000
4.897310167387536|158000
4.897310167387536|159000
4.897310167387536|160000
4.897310167387536|161000
4.897310167387536|162000
4.89244447306346|163000
4.887291864675147|164000
4.887291864675147|165000
4.887222036235823|166000
4.887222036235823|167000
4.882152483227624|168000
4.882152483227624|169000
4.882152483227624|170000
4.882152483227624|171000
4.882152483227624|172000
4.882152483227624|173000
4.882149123262852|174000
4.875130574519556|175000
4.875130574519556|176000
4.875130574519556|177000
4.875130574519556|178000
4.875130574519556|179000
4.875130574519556|180000
4.871814641179972|181000
4.871814641179972|182000
4.871814641179972|183000
4.871090380892125|184000
4.871090380892125|185000
4.8710895002269945|186000
4.8710895002269945|187000
4.87059790696593|188000
4.87059790696593|189000
4.87059790696593|190000
4.8686956730385855|191000
4.8686956730385855|192000
4.8665303731622656|193000
4.8665303731622656|194000
4.8665303731622656|195000
4.861279294114798|196000
4.861279294114798|197000
4.861279294114798|198000
4.861274720469398|199000
4.861274720469398|200000
4.861274720469398|201000
4.856719286384939|202000
4.856719286384939|203000
4.85671471273954|204000
4.85671471273954|205000
4.85671471273954|206000
4.85671471273954|207000
4.85671471273954|208000
4.85671471273954|209000
4.85671471273954|210000
4.85671471273954|211000
4.85671471273954|212000
4.856714174592921|213000
4.854680751349206|214000
4.854680751349206|215000
4.854680751349206|216000
4.854680751349206|217000
4.854680751349206|218000
4.854680751349206|219000
4.854680213202588|220000
4.852993052388261|221000
4.852993052388261|222000
4.852993052388261|223000
4.8529925142416435|224000
4.8529925142416435|225000
4.851260518512078|226000
4.851260518512078|227000
4.851260518512078|228000
4.851260518512078|229000
4.851260518512078|230000
4.851260518512078|231000
4.851260518512078|232000
4.851260518512078|233000
4.85125998036546|234000
4.85125998036546|235000
4.85125998036546|236000
4.85125998036546|237000
4.85125998036546|238000
4.85125998036546|239000
4.85125998036546|240000
4.85125998036546|241000
4.85125998036546|242000
4.85125998036546|243000
4.85125998036546|244000
4.85125998036546|245000
4.85125998036546|246000
4.85125998036546|247000
4.85125998036546|248000
4.85125998036546|249000
4.85125998036546|250000
4.85125998036546|251000
4.85125998036546|252000
4.85125998036546|253000
4.85125998036546|254000
4.85125998036546|255000
4.85125998036546|256000
4.85125998036546|257000
4.85125998036546|258000
4.85125998036546|259000
4.85125998036546|260000
4.85125998036546|261000
4.85125998036546|262000
4.85125998036546|263000
4.85125998036546|264000
4.85125998036546|265000
4.85125998036546|266000
4.85125998036546|267000
4.85125998036546|268000
4.85125998036546|269000
4.85125998036546|270000
4.85125998036546|271000
4.85125998036546|272000
4.85125998036546|273000
4.85125998036546|274000
4.85125998036546|275000
4.85125998036546|276000
4.85125998036546|277000
4.85125998036546|278000
4.85125998036546|279000
4.85125998036546|280000
4.85125998036546|281000
4.85125998036546|282000
4.85125998036546|283000
4.85125998036546|284000
4.85125998036546|285000
4.85125998036546|286000
4.85125998036546|287000
4.85125998036546|288000
4.85125998036546|289000
4.85125998036546|290000
4.85125998036546|291000
4.85125998036546|292000
4.85125998036546|293000
4.85125998036546|294000
4.85125998036546|295000
4.85125998036546|296000
4.85125998036546|297000
4.85125998036546|298000
4.85125998036546|299000
4.85125998036546|300000
4.85125998036546|301000
4.85125998036546|302000
4.85125998036546|303000
4.85125998036546|304000
4.85125998036546|305000
4.85125998036546|306000
4.85125998036546|307000
4.85125998036546|308000
4.85125998036546|309000
4.85125998036546|310000
4.85125998036546|311000
4.85125998036546|312000
4.85125998036546|313000
4.85125998036546|314000
4.85125998036546|315000
4.85125998036546|316000
4.85125998036546|317000
4.85125998036546|318000
4.85125998036546|319000
4.85125998036546|320000
4.85125998036546|321000
4.85125998036546|322000
4.85125998036546|323000
4.85125998036546|324000
4.85125998036546|325000
4.85125998036546|326000
4.85125998036546|327000
4.85125998036546|328000
4.85125998036546|329000
4.85125998036546|330000
4.85125998036546|331000
4.85125998036546|332000
4.85125998036546|333000
4.85125998036546|334000
4.85125998036546|335000
4.85125998036546|336000
4.85125998036546|337000
4.85125998036546|338000
4.85125998036546|339000
4.85125998036546|340000
4.85125998036546|341000
4.85125998036546|342000
4.85125998036546|343000
4.85125998036546|344000
4.85125998036546|345000
4.85125998036546|346000
4.85125998036546|347000
4.85125998036546|348000
4.85125998036546|349000
4.85125998036546|350000
4.85125998036546|351000
4.85125998036546|352000
4.85125998036546|353000
4.85125998036546|354000
4.85125998036546|355000
4.85125998036546|356000
4.85125998036546|357000
4.85125998036546|358000
4.85125998036546|359000
4.85125998036546|360000
4.85125998036546|361000
4.85125998036546|362000
4.85125998036546|363000
4.85125998036546|364000
4.85125998036546|365000
4.85125998036546|366000
4.85125998036546|367000
4.85125998036546|368000
4.85125998036546|369000
4.85125998036546|370000
4.85125998036546|371000
4.85125998036546|372000
4.85125998036546|373000
4.85125998036546|374000
4.85125998036546|375000
4.85125998036546|376000
4.85125998036546|377000
4.85125998036546|378000
4.85125998036546|379000
4.85125998036546|380000
4.85125998036546|381000
4.85125998036546|382000
4.85125998036546|383000
4.85125998036546|384000
4.85125998036546|385000
4.85125998036546|386000
4.85125998036546|387000
4.85125998036546|388000
4.85125998036546|389000
4.85125998036546|390000
4.85125998036546|391000
4.85125998036546|392000
4.85125998036546|393000
4.85125998036546|394000
4.85125998036546|395000
4.85125998036546|396000
4.85125998036546|397000
4.85125998036546|398000
4.85125998036546|399000
4.85125998036546|400000
4.85125998036546|401000
4.85125998036546|402000
4.85125998036546|403000
4.85125998036546|404000
4.85125998036546|405000
4.85125998036546|406000
4.85125998036546|407000
4.85125998036546|408000
4.85125998036546|409000
4.85125998036546|410000
4.85125998036546|411000
4.85125998036546|412000
4.85125998036546|413000
4.85125998036546|414000
4.85125998036546|415000
4.85125998036546|416000
4.85125998036546|417000
4.85125998036546|418000
4.85125998036546|419000
4.85125998036546|420000
4.85125998036546|421000
4.85125998036546|422000
4.85125998036546|423000
4.85125998036546|424000
4.85125998036546|425000
4.85125998036546|426000
4.85125998036546|427000
4.85125998036546|428000
4.85125998036546|429000
4.85125998036546|430000
4.85125998036546|431000
4.85125998036546|432000
4.85125998036546|433000
4.85125998036546|434000
4.85125998036546|435000
4.85125998036546|436000
4.85125998036546|437000
4.85125998036546|438000
4.85125998036546|439000
4.85125998036546|440000
4.85125998036546|441000
4.85125998036546|442000
4.85125998036546|443000
4.85125998036546|444000
4.85125998036546|445000
4.85125998036546|446000
4.85125998036546|447000
4.85125998036546|448000
4.85125998036546|449000
4.85125998036546|450000
4.85125998036546|451000
4.85125998036546|452000
4.85125998036546|453000
4.85125998036546|454000
4.85125998036546|455000
4.85125998036546|456000
4.85125998036546|457000
4.85125998036546|458000
4.85125998036546|459000
4.85125998036546|460000
4.85125998036546|461000
4.85125998036546|462000
4.85125998036546|463000
4.85125998036546|464000
4.85125998036546|465000
4.85125998036546|466000
4.85125998036546|467000
4.85125998036546|468000
4.85125998036546|469000
4.85125998036546|470000
4.85125998036546|471000
4.85125998036546|472000
4.85125998036546|473000
4.85125998036546|474000
4.85125998036546|475000
4.85125998036546|476000
4.85125998036546|477000
4.85125998036546|478000
4.85125998036546|479000
4.85125998036546|480000
4.85125998036546|481000
4.85125998036546|482000
4.85125998036546|483000
4.85125998036546|484000
4.85125998036546|485000
4.85125998036546|486000
4.85125998036546|487000
4.85125998036546|488000
4.85125998036546|489000
4.85125998036546|490000
4.85125998036546|491000
4.85125998036546|492000
4.85125998036546|493000
4.85125998036546|494000
4.85125998036546|495000
4.85125998036546|496000
4.85125998036546|497000
4.85125998036546|498000
4.85125998036546|499000
4.85125998036546|500000
4.85125998036546|501000
4.85125998036546|502000
4.85125998036546|503000
4.85125998036546|504000
4.85125998036546|505000
4.85125998036546|506000
4.85125998036546|507000
4.85125998036546|508000
4.85125998036546|509000
4.85125998036546|510000
4.85125998036546|511000
4.85125998036546|512000
4.85125998036546|513000
4.85125998036546|514000
4.85125998036546|515000
4.85125998036546|516000
4.85125998036546|517000
4.85125998036546|518000
4.85125998036546|519000
4.85125998036546|520000
4.85125998036546|521000
4.85125998036546|522000
4.85125998036546|523000
4.85125998036546|524000
4.85125998036546|525000
4.85125998036546|526000
4.85125998036546|527000
4.85125998036546|528000
4.85125998036546|529000
4.85125998036546|530000
4.85125998036546|531000
4.85125998036546|532000
4.85125998036546|533000
4.85125998036546|534000
4.85125998036546|535000
4.85125998036546|536000
4.85125998036546|537000
4.85125998036546|538000
4.85125998036546|539000
4.85125998036546|540000
4.85125998036546|541000
4.85125998036546|542000
4.85125998036546|543000
4.85125998036546|544000
4.85125998036546|545000
4.85125998036546|546000
4.85125998036546|547000
4.85125998036546|548000
4.85125998036546|549000
4.85125998036546|550000
4.85125998036546|551000
4.85125998036546|552000
4.85125998036546|553000
4.85125998036546|554000
4.85125998036546|555000
4.85125998036546|556000
4.85125998036546|557000
4.85125998036546|558000
4.85125998036546|559000
4.85125998036546|560000
4.85125998036546|561000
4.85125998036546|562000
4.85125998036546|563000
4.85125998036546|564000
4.85125998036546|565000
4.85125998036546|566000
4.85125998036546|567000
4.85125998036546|568000
4.85125998036546|569000
4.85125998036546|570000
4.85125998036546|571000
4.85125998036546|572000
4.85125998036546|573000
4.85125998036546|574000
4.85125998036546|575000
4.85125998036546|576000
4.85125998036546|577000
4.85125998036546|578000
4.85125998036546|579000
4.85125998036546|580000
4.85125998036546|581000
4.85125998036546|582000
4.85125998036546|583000
4.85125998036546|584000
4.85125998036546|585000
4.85125998036546|586000
4.85125998036546|587000
4.85125998036546|588000
4.85125998036546|589000
4.85125998036546|590000
4.85125998036546|591000
4.85125998036546|592000
4.85125998036546|593000
4.85125998036546|594000
4.85125998036546|595000
4.85125998036546|596000
4.85125998036546|597000
4.85125998036546|598000
4.85125998036546|599000
4.85125998036546|600000
4.85125998036546|601000
4.85125998036546|602000
4.85125998036546|603000
4.85125998036546|604000
4.85125998036546|605000
4.85125998036546|606000
4.85125998036546|607000
4.85125998036546|608000
4.85125998036546|609000
4.85125998036546|610000
4.85125998036546|611000
4.85125998036546|612000
4.85125998036546|613000
4.85125998036546|614000
4.85125998036546|615000
4.85125998036546|616000
4.85125998036546|617000
4.85125998036546|618000
4.85125998036546|619000
4.85125998036546|620000
4.85125998036546|621000
4.85125998036546|622000
4.85125998036546|623000
4.85125998036546|624000
4.85125998036546|625000
4.85125998036546|626000
4.85125998036546|627000
4.85125998036546|628000
4.85125998036546|629000
4.85125998036546|630000
4.85125998036546|631000
4.85125998036546|632000
4.85125998036546|633000
4.85125998036546|634000
4.85125998036546|635000
4.85125998036546|636000
4.85125998036546|637000
4.85125998036546|638000
4.85125998036546|639000
4.85125998036546|640000
4.85125998036546|641000
4.85125998036546|642000
4.85125998036546|643000
4.85125998036546|644000
4.85125998036546|645000
4.85125998036546|646000
4.85125998036546|647000
4.85125998036546|648000
4.85125998036546|649000
4.85125998036546|650000
4.85125998036546|651000
4.85125998036546|652000
4.85125998036546|653000
4.85125998036546|654000
4.85125998036546|655000
4.85125998036546|656000
4.85125998036546|657000
4.85125998036546|658000
4.85125998036546|659000
4.85125998036546|660000
4.85125998036546|661000
4.85125998036546|662000
4.85125998036546|663000
4.85125998036546|664000
4.85125998036546|665000
4.85125998036546|666000
4.85125998036546|667000
4.85125998036546|668000
4.85125998036546|669000
4.85125998036546|670000
4.85125998036546|671000
4.85125998036546|672000
4.85125998036546|673000
4.85125998036546|674000
4.85125998036546|675000
4.85125998036546|676000
4.85125998036546|677000
4.85125998036546|678000
4.85125998036546|679000
4.85125998036546|680000
4.85125998036546|681000
4.85125998036546|682000
4.85125998036546|683000
4.85125998036546|684000
4.85125998036546|685000
4.85125998036546|686000
4.85125998036546|687000
4.85125998036546|688000
4.85125998036546|689000
4.85125998036546|690000
4.85125998036546|691000
4.85125998036546|692000
4.85125998036546|693000
4.85125998036546|694000
4.85125998036546|695000
4.85125998036546|696000
4.85125998036546|697000
4.85125998036546|698000
4.85125998036546|699000
4.85125998036546|700000
4.85125998036546|701000
4.85125998036546|702000
4.85125998036546|703000
4.85125998036546|704000
4.85125998036546|705000
4.85125998036546|706000
4.85125998036546|707000
4.85125998036546|708000
4.85125998036546|709000
4.85125998036546|710000
4.85125998036546|711000
4.85125998036546|712000
4.85125998036546|713000
4.85125998036546|714000
4.85125998036546|715000
4.85125998036546|716000
4.85125998036546|717000
4.85125998036546|718000
4.85125998036546|719000
4.85125998036546|720000
4.85125998036546|721000
4.85125998036546|722000
4.85125998036546|723000
4.85125998036546|724000
4.85125998036546|725000
4.85125998036546|726000
4.85125998036546|727000
4.85125998036546|728000
4.85125998036546|729000
4.85125998036546|730000
4.85125998036546|731000
4.85125998036546|732000
4.85125998036546|733000
4.85125998036546|734000
4.85125998036546|735000
4.85125998036546|736000
4.85125998036546|737000
4.85125998036546|738000
4.85125998036546|739000
4.85125998036546|740000
4.85125998036546|741000
4.85125998036546|742000
4.85125998036546|743000
4.85125998036546|744000
4.85125998036546|745000
4.85125998036546|746000
4.85125998036546|747000
4.85125998036546|748000
4.85125998036546|749000
4.85125998036546|750000
4.85125998036546|751000
4.85125998036546|752000
4.85125998036546|753000
4.85125998036546|754000
4.85125998036546|755000
4.85125998036546|756000
4.85125998036546|757000
4.85125998036546|758000
4.85125998036546|759000
4.85125998036546|760000
4.85125998036546|761000
4.85125998036546|762000
4.85125998036546|763000
4.85125998036546|764000
4.85125998036546|765000
4.85125998036546|766000
4.85125998036546|767000
4.85125998036546|768000
4.85125998036546|769000
4.85125998036546|770000
4.85125998036546|771000
4.85125998036546|772000
4.85125998036546|773000
4.85125998036546|774000
4.85125998036546|775000
4.85125998036546|776000
4.85125998036546|777000
4.85125998036546|778000
4.85125998036546|779000
4.85125998036546|780000
4.85125998036546|781000
4.85125998036546|782000
4.85125998036546|783000
4.85125998036546|784000
4.85125998036546|785000
4.85125998036546|786000
4.85125998036546|787000
4.85125998036546|788000
4.85125998036546|789000
4.85125998036546|790000
4.85125998036546|791000
4.85125998036546|792000
4.85125998036546|793000
4.85125998036546|794000
4.85125998036546|795000
4.85125998036546|796000
4.85125998036546|797000
4.85125998036546|798000
4.85125998036546|799000
4.85125998036546|800000
4.85125998036546|801000
4.85125998036546|802000
4.85125998036546|803000
4.85125998036546|804000
4.85125998036546|805000
4.85125998036546|806000
4.85125998036546|807000
4.85125998036546|808000
4.85125998036546|809000
4.85125998036546|810000
4.85125998036546|811000
4.85125998036546|812000
4.85125998036546|813000
4.85125998036546|814000
4.85125998036546|815000
4.85125998036546|816000
4.85125998036546|817000
4.85125998036546|818000
4.85125998036546|819000
4.85125998036546|820000
4.85125998036546|821000
4.85125998036546|822000
4.85125998036546|823000
4.85125998036546|824000
4.85125998036546|825000
4.85125998036546|826000
4.85125998036546|827000
4.85125998036546|828000
4.85125998036546|829000
4.85125998036546|830000
4.85125998036546|831000
4.85125998036546|832000
4.85125998036546|833000
4.85125998036546|834000
4.85125998036546|835000
4.85125998036546|836000
4.85125998036546|837000
4.85125998036546|838000
4.85125998036546|839000
4.85125998036546|840000
4.85125998036546|841000
4.85125998036546|842000
4.85125998036546|843000
4.85125998036546|844000
4.85125998036546|845000
4.85125998036546|846000
4.85125998036546|847000
4.85125998036546|848000
4.85125998036546|849000
4.85125998036546|850000
4.85125998036546|851000
4.85125998036546|852000
4.85125998036546|853000
4.85125998036546|854000
4.85125998036546|855000
4.85125998036546|856000
4.85125998036546|857000
4.85125998036546|858000
4.85125998036546|859000
4.85125998036546|860000
4.85125998036546|861000
4.85125998036546|862000
4.85125998036546|863000
4.85125998036546|864000
4.85125998036546|865000
4.85125998036546|866000
4.85125998036546|867000
4.85125998036546|868000
4.85125998036546|869000
4.85125998036546|870000
4.85125998036546|871000
4.85125998036546|872000
4.85125998036546|873000
4.85125998036546|874000
4.85125998036546|875000
4.85125998036546|876000
4.85125998036546|877000
4.85125998036546|878000
4.85125998036546|879000
4.85125998036546|880000
4.85125998036546|881000
4.85125998036546|882000
4.85125998036546|883000
4.85125998036546|884000
4.85125998036546|885000
4.85125998036546|886000
4.85125998036546|887000
4.85125998036546|888000
4.85125998036546|889000
4.85125998036546|890000
4.85125998036546|891000
4.85125998036546|892000
4.85125998036546|893000
4.85125998036546|894000
4.85125998036546|895000
4.85125998036546|896000
4.85125998036546|897000
4.85125998036546|898000
4.85125998036546|899000
4.85125998036546|900000
4.85125998036546|901000
4.85125998036546|902000
4.85125998036546|903000
4.85125998036546|904000
4.85125998036546|905000
4.85125998036546|906000
4.85125998036546|907000
4.85125998036546|908000
4.85125998036546|909000
4.85125998036546|910000
4.85125998036546|911000
4.85125998036546|912000
4.85125998036546|913000
4.85125998036546|914000
4.85125998036546|915000
4.85125998036546|916000
4.85125998036546|917000
4.85125998036546|918000
4.85125998036546|919000
4.85125998036546|920000
4.85125998036546|921000
4.85125998036546|922000
4.85125998036546|923000
4.85125998036546|924000
4.85125998036546|925000
4.85125998036546|926000
4.85125998036546|927000
4.85125998036546|928000
4.85125998036546|929000
4.85125998036546|930000
4.85125998036546|931000
4.85125998036546|932000
4.85125998036546|933000
4.85125998036546|934000
4.85125998036546|935000
4.85125998036546|936000
4.85125998036546|937000
4.85125998036546|938000
4.85125998036546|939000
4.85125998036546|940000
4.85125998036546|941000
4.85125998036546|942000
4.85125998036546|943000
4.85125998036546|944000
4.85125998036546|945000
4.85125998036546|946000
4.85125998036546|947000
4.85125998036546|948000
4.85125998036546|949000
4.85125998036546|950000
4.85125998036546|951000
4.85125998036546|952000
4.85125998036546|953000
4.85125998036546|954000
4.85125998036546|955000
4.85125998036546|956000
4.85125998036546|957000
4.85125998036546|958000
4.85125998036546|959000
4.85125998036546|960000
4.85125998036546|961000
4.85125998036546|962000
4.85125998036546|963000
4.85125998036546|964000
4.85125998036546|965000
4.85125998036546|966000
4.85125998036546|967000
4.85125998036546|968000
4.85125998036546|969000
4.85125998036546|970000
4.85125998036546|971000
4.85125998036546|972000
4.85125998036546|973000
4.85125998036546|974000
4.85125998036546|975000
4.85125998036546|976000
4.85125998036546|977000
4.85125998036546|978000
4.85125998036546|979000
4.85125998036546|980000
4.85125998036546|981000
4.85125998036546|982000
4.85125998036546|983000
4.85125998036546|984000
4.85125998036546|985000
4.85125998036546|986000
4.85125998036546|987000
4.85125998036546|988000
4.85125998036546|989000
4.85125998036546|990000
4.85125998036546|991000
4.85125998036546|992000
4.85125998036546|993000
4.85125998036546|994000
4.85125998036546|995000
4.85125998036546|996000
4.85125998036546|997000
4.85125998036546|998000
4.85125998036546|999000
4.85125998036546|1000000
