21.132621779396203|2000
21.132621779396203|3000
19.915929421944714|4000
19.915929421944714|5000
19.571221134224356|6000
18.70758013122602|7000
18.70758013122602|8000
18.361813621500865|9000
17.836895110705623|10000
17.814987650364536|11000
17.610654088550646|12000
17.070804612501025|13000
17.033676426020794|14000
17.003243896077468|15000
16.42389010008116|16000
15.713487972814692|17000
15.4176572618677|18000
15.4176572618677|19000
15.133191966128669|20000
14.695309845988652|21000
14.487760331192908|22000
14.331722384928304|23000
14.022412953218387|24000
14.022412953218387|25000
13.963587347913323|26000
13.755092739540737|27000
13.618426011762637|28000
13.426642279821822|29000
13.389220345573037|30000
13.313830314475709|31000
13.04071426053633|32000
12.816097330628565|33000
12.718015787604111|34000
12.60641275459624|35000
12.448893763837724|36000
12.360381073920836|37000
12.360381073920836|38000
12.360381073920836|39000
11.963265899042737|40000
11.963265899042737|41000
11.593666259625577|42000
11.50264847518005|43000
11.50264847518005|44000
11.50264847518005|45000
11.50264847518005|46000
11.277820310159365|47000
11.277820310159365|48000
11.168341004468331|49000
11.168341004468331|50000
11.136402536825484|51000
10.988163283453314|52000
10.988163283453314|53000
10.834739400442201|54000
10.834739400442201|55000
10.818327834994042|56000
10.655704453775767|57000
10.620317983086034|58000
10.620317983086034|59000
10.612033262444937|60000
10.597266939816317|61000
10.484043818503123|62000
10.283696576919228|63000
10.283696576919228|64000
10.283696576919228|65000
10.133622553566639|66000
10.133622553566639|67000
10.133622553566639|68000
10.12282890505435|69000
10.08734226649459|70000
10.018777606135435|71000
10.018777606135435|72000
9.917313224984158|73000
9.917313224984158|74000
9.917313224984158|75000
9.879883486241297|76000
9.814270633875383|77000
9.770745982032775|78000
9.723599901236396|79000
9.721919987202863|80000
9.614964515457505|81000
9.614964515457505|82000
9.614964515457505|83000
9.614964515457505|84000
9.614964515457505|85000
9.582039686731617|86000
9.519614064787584|87000
9.458325773533424|88000
9.458325773533424|89000
9.458325773533424|90000
9.318523038126763|91000
9.318523038126763|92000
9.318523038126763|93000
9.318523038126763|94000
9.318523038126763|95000
9.27395636351192|96000
9.235518123758812|97000
9.056077565467357|98000
9.056061118165072|99000
9.056061118165072|100000
9.056061118165072|101000
9.056061118165072|102000
9.056061118165072|103000
8.960727114797438|104000
8.861301501868995|105000
8.779960331068569|106000
8.779960331068569|107000
8.779960331068569|108000
8.779960331068569|109000
8.778172311605438|110000
8.711005142328712|111000
8.711005142328712|112000
8.679602952262975|113000
8.679602952262975|114000
8.679602952262975|115000
8.679602952262975|116000
8.561397375678576|117000
8.561397375678576|118000
8.549598271391483|119000
8.549598271391483|120000
8.549598271391483|121000
8.541666680385605|122000
8.446316229715686|123000
8.423461103801209|124000
8.423461103801209|125000
8.323160135193643|126000
8.323160135193643|127000
8.323160135193643|128000
8.323160135193643|129000
8.297019418454703|130000
8.296358283636346|131000
8.163656912675192|132000
8.163656912675192|133000
8.134196632194826|134000
7.999430155416649|135000
7.999430155416649|136000
7.999430155416649|137000
7.999430155416649|138000
7.999430155416649|139000
7.999430155416649|140000
7.999430155416649|141000
7.999430155416649|142000
7.999430155416649|143000
7.976876452006704|144000
7.976876452006704|145000
7.879366290618213|146000
7.879366290618213|147000
7.879366290618213|148000
7.879366290618213|149000
7.879366290618213|150000
7.61617631771994|151000
7.61617631771994|152000
7.61617631771994|153000
7.61617631771994|154000
7.61617631771994|155000
7.539451539866237|156000
7.539451539866237|157000
7.539451539866237|158000
7.539451539866237|159000
7.539451539866237|160000
7.539451539866237|161000
7.539451539866237|162000
7.50999125938587|163000
7.50999125938587|164000
7.50999125938587|165000
7.50999125938587|166000
7.50999125938587|167000
7.50999125938587|168000
7.50999125938587|169000
7.4705788161692315|170000
7.4705788161692315|171000
7.4705788161692315|172000
7.4705788161692315|173000
7.469298970911671|174000
7.469298970911671|175000
7.469298970911671|176000
7.454902805654564|177000
7.454902805654564|178000
7.454902805654564|179000
7.454902805654564|180000
7.453622960397004|181000
7.441922615093388|182000
7.422690521396888|183000
7.422690521396888|184000
7.396089016444979|185000
7.396089016444979|186000
7.396089016444979|187000
7.396089016444979|188000
7.396089016444979|189000
7.29047517907734|190000
7.29047517907734|191000
7.29047517907734|192000
7.29047517907734|193000
7.29047517907734|194000
7.29047517907734|195000
7.28919533381978|196000
7.283017447105793|197000
7.283017447105793|198000
7.283017447105793|199000
7.283017447105793|200000
7.283017447105793|201000
7.281737601848233|202000
7.2665816696545775|203000
7.2665816696545775|204000
7.2665816696545775|205000
7.2665816696545775|206000
7.2665816696545775|207000
7.2665816696545775|208000
7.265301824397017|209000
7.265301824397017|210000
7.265301824397017|211000
7.262935830373616|212000
7.262935830373616|213000
7.262935830373616|214000
7.262935830373616|215000
7.261655985116056|216000
7.261655985116056|217000
7.261655985116056|218000
7.261655985116056|219000
7.261655985116056|220000
7.261655985116056|221000
7.261655985116056|222000
7.261655985116056|223000
7.261655985116056|224000
7.261655985116056|225000
7.261655985116056|226000
7.261655985116056|227000
7.261655985116056|228000
7.261655985116056|229000
7.261655985116056|230000
7.261655985116056|231000
7.261655985116056|232000
7.261655985116056|233000
7.261655985116056|234000
7.261655985116056|235000
7.261655985116056|236000
7.261655985116056|237000
7.261655985116056|238000
7.261655985116056|239000
7.261655985116056|240000
7.261655985116056|241000
7.261655985116056|242000
7.261655985116056|243000
7.261655985116056|244000
7.261655985116056|245000
7.261655985116056|246000
7.261655985116056|247000
7.261655985116056|248000
7.261655985116056|249000
7.261655985116056|250000
7.261655985116056|251000
7.261655985116056|252000
7.261655985116056|253000
7.261655985116056|254000
7.261655985116056|255000
7.261655985116056|256000
7.261655985116056|257000
7.261655985116056|258000
7.261655985116056|259000
7.261655985116056|260000
7.261655985116056|261000
7.261655985116056|262000
7.261655985116056|263000
7.261655985116056|264000
7.261655985116056|265000
7.261655985116056|266000
7.261655985116056|267000
7.261655985116056|268000
7.261655985116056|269000
7.261655985116056|270000
7.261655985116056|271000
7.261655985116056|272000
7.261655985116056|273000
7.261655985116056|274000
7.261655985116056|275000
7.261655985116056|276000
7.261655985116056|277000
7.261655985116056|278000
7.261655985116056|279000
7.261655985116056|280000
7.261655985116056|281000
7.261655985116056|282000
7.261655985116056|283000
7.261655985116056|284000
7.261655985116056|285000
7.261655985116056|286000
7.261655985116056|287000
7.261655985116056|288000
7.261655985116056|289000
7.261655985116056|290000
7.261655985116056|291000
7.261655985116056|292000
7.261655985116056|293000
7.261655985116056|294000
7.261655985116056|295000
7.261655985116056|296000
7.261655985116056|297000
7.261655985116056|298000
7.261655985116056|299000
7.261655985116056|300000
7.261655985116056|301000
7.261655985116056|302000
7.261655985116056|303000
7.261655985116056|304000
7.261655985116056|305000
7.261655985116056|306000
7.261655985116056|307000
7.261655985116056|308000
7.261655985116056|309000
7.261655985116056|310000
7.261655985116056|311000
7.261655985116056|312000
7.261655985116056|313000
7.261655985116056|314000
7.261655985116056|315000
7.261655985116056|316000
7.261655985116056|317000
7.261655985116056|318000
7.261655985116056|319000
7.261655985116056|320000
7.261655985116056|321000
7.261655985116056|322000
7.261655985116056|323000
7.261655985116056|324000
7.261655985116056|325000
7.261655985116056|326000
7.261655985116056|327000
7.261655985116056|328000
7.261655985116056|329000
7.261655985116056|330000
7.261655985116056|331000
7.261655985116056|332000
7.261655985116056|333000
7.261655985116056|334000
7.261655985116056|335000
7.261655985116056|336000
7.261655985116056|337000
7.261655985116056|338000
7.261655985116056|339000
7.261655985116056|340000
7.261655985116056|341000
7.261655985116056|342000
7.261655985116056|343000
7.261655985116056|344000
7.261655985116056|345000
7.261655985116056|346000
7.261655985116056|347000
7.261655985116056|348000
7.261655985116056|349000
7.261655985116056|350000
7.261655985116056|351000
7.261655985116056|352000
7.261655985116056|353000
7.261655985116056|354000
7.261655985116056|355000
7.261655985116056|356000
7.261655985116056|357000
7.261655985116056|358000
7.261655985116056|359000
7.261655985116056|360000
7.261655985116056|361000
7.261655985116056|362000
7.261655985116056|363000
7.261655985116056|364000
7.261655985116056|365000
7.261655985116056|366000
7.261655985116056|367000
7.261655985116056|368000
7.261655985116056|369000
7.261655985116056|370000
7.261655985116056|371000
7.261655985116056|372000
7.261655985116056|373000
7.261655985116056|374000
7.261655985116056|375000
7.261655985116056|376000
7.261655985116056|377000
7.261655985116056|378000
7.261655985116056|379000
7.261655985116056|380000
7.261655985116056|381000
7.261655985116056|382000
7.261655985116056|383000
7.261655985116056|384000
7.261655985116056|385000
7.261655985116056|386000
7.261655985116056|387000
7.261655985116056|388000
7.261655985116056|389000
7.261655985116056|390000
7.261655985116056|391000
7.261655985116056|392000
7.261655985116056|393000
7.261655985116056|394000
7.261655985116056|395000
7.261655985116056|396000
7.261655985116056|397000
7.261655985116056|398000
7.261655985116056|399000
7.261655985116056|400000
7.261655985116056|401000
7.261655985116056|402000
7.261655985116056|403000
7.261655985116056|404000
7.261655985116056|405000
7.261655985116056|406000
7.261655985116056|407000
7.261655985116056|408000
7.261655985116056|409000
7.261655985116056|410000
7.261655985116056|411000
7.261655985116056|412000
7.261655985116056|413000
7.261655985116056|414000
7.261655985116056|415000
7.261655985116056|416000
7.261655985116056|417000
7.261655985116056|418000
7.261655985116056|419000
7.261655985116056|420000
7.261655985116056|421000
7.261655985116056|422000
7.261655985116056|423000
7.261655985116056|424000
7.261655985116056|425000
7.261655985116056|426000
7.261655985116056|427000
7.261655985116056|428000
7.261655985116056|429000
7.261655985116056|430000
7.261655985116056|431000
7.261655985116056|432000
7.261655985116056|433000
7.261655985116056|434000
7.261655985116056|435000
7.261655985116056|436000
7.261655985116056|437000
7.261655985116056|438000
7.261655985116056|439000
7.261655985116056|440000
7.261655985116056|441000
7.261655985116056|442000
7.261655985116056|443000
7.261655985116056|444000
7.261655985116056|445000
7.261655985116056|446000
7.261655985116056|447000
7.261655985116056|448000
7.261655985116056|449000
7.261655985116056|450000
7.261655985116056|451000
7.261655985116056|452000
7.261655985116056|453000
7.261655985116056|454000
7.261655985116056|455000
7.261655985116056|456000
7.261655985116056|457000
7.261655985116056|458000
7.261655985116056|459000
7.261655985116056|460000
7.261655985116056|461000
7.261655985116056|462000
7.261655985116056|463000
7.261655985116056|464000
7.261655985116056|465000
7.261655985116056|466000
7.261655985116056|467000
7.261655985116056|468000
7.261655985116056|469000
7.261655985116056|470000
7.261655985116056|471000
7.261655985116056|472000
7.261655985116056|473000
7.261655985116056|474000
7.261655985116056|475000
7.261655985116056|476000
7.261655985116056|477000
7.261655985116056|478000
7.261655985116056|479000
7.261655985116056|480000
7.261655985116056|481000
7.261655985116056|482000
7.261655985116056|483000
7.261655985116056|484000
7.261655985116056|485000
7.261655985116056|486000
7.261655985116056|487000
7.261655985116056|488000
7.261655985116056|489000
7.261655985116056|490000
7.261655985116056|491000
7.261655985116056|492000
7.261655985116056|493000
7.261655985116056|494000
7.261655985116056|495000
7.261655985116056|496000
7.261655985116056|497000
7.261655985116056|498000
7.261655985116056|499000
7.261655985116056|500000
7.261655985116056|501000
7.261655985116056|502000
7.261655985116056|503000
7.261655985116056|504000
7.261655985116056|505000
7.261655985116056|506000
7.261655985116056|507000
7.261655985116056|508000
7.261655985116056|509000
7.261655985116056|510000
7.261655985116056|511000
7.261655985116056|512000
7.261655985116056|513000
7.261655985116056|514000
7.261655985116056|515000
7.261655985116056|516000
7.261655985116056|517000
7.261655985116056|518000
7.261655985116056|519000
7.261655985116056|520000
7.261655985116056|521000
7.261655985116056|522000
7.261655985116056|523000
7.261655985116056|524000
7.261655985116056|525000
7.261655985116056|526000
7.261655985116056|527000
7.261655985116056|528000
7.261655985116056|529000
7.261655985116056|530000
7.261655985116056|531000
7.261655985116056|532000
7.261655985116056|533000
7.261655985116056|534000
7.261655985116056|535000
7.261655985116056|536000
7.261655985116056|537000
7.261655985116056|538000
7.261655985116056|539000
7.261655985116056|540000
7.261655985116056|541000
7.261655985116056|542000
7.261655985116056|543000
7.261655985116056|544000
7.261655985116056|545000
7.261655985116056|546000
7.261655985116056|547000
7.261655985116056|548000
7.261655985116056|549000
7.261655985116056|550000
7.261655985116056|551000
7.261655985116056|552000
7.261655985116056|553000
7.261655985116056|554000
7.261655985116056|555000
7.261655985116056|556000
7.261655985116056|557000
7.261655985116056|558000
7.261655985116056|559000
7.261655985116056|560000
7.261655985116056|561000
7.261655985116056|562000
7.261655985116056|563000
7.261655985116056|564000
7.261655985116056|565000
7.261655985116056|566000
7.261655985116056|567000
7.261655985116056|568000
7.261655985116056|569000
7.261655985116056|570000
7.261655985116056|571000
7.261655985116056|572000
7.261655985116056|573000
7.261655985116056|574000
7.261655985116056|575000
7.261655985116056|576000
7.261655985116056|577000
7.261655985116056|578000
7.261655985116056|579000
7.261655985116056|580000
7.261655985116056|581000
7.261655985116056|582000
7.261655985116056|583000
7.261655985116056|584000
7.261655985116056|585000
7.261655985116056|586000
7.261655985116056|587000
7.261655985116056|588000
7.261655985116056|589000
7.261655985116056|590000
7.261655985116056|591000
7.261655985116056|592000
7.261655985116056|593000
7.261655985116056|594000
7.261655985116056|595000
7.261655985116056|596000
7.261655985116056|597000
7.261655985116056|598000
7.261655985116056|599000
7.261655985116056|600000
7.261655985116056|601000
7.261655985116056|602000
7.261655985116056|603000
7.261655985116056|604000
7.261655985116056|605000
7.261655985116056|606000
7.261655985116056|607000
7.261655985116056|608000
7.261655985116056|609000
7.261655985116056|610000
7.261655985116056|611000
7.261655985116056|612000
7.261655985116056|613000
7.261655985116056|614000
7.261655985116056|615000
7.261655985116056|616000
7.261655985116056|617000
7.261655985116056|618000
7.261655985116056|619000
7.261655985116056|620000
7.261655985116056|621000
7.261655985116056|622000
7.261655985116056|623000
7.261655985116056|624000
7.261655985116056|625000
7.261655985116056|626000
7.261655985116056|627000
7.261655985116056|628000
7.261655985116056|629000
7.261655985116056|630000
7.261655985116056|631000
7.261655985116056|632000
7.261655985116056|633000
7.261655985116056|634000
7.261655985116056|635000
7.261655985116056|636000
7.261655985116056|637000
7.261655985116056|638000
7.261655985116056|639000
7.261655985116056|640000
7.261655985116056|641000
7.261655985116056|642000
7.261655985116056|643000
7.261655985116056|644000
7.261655985116056|645000
7.261655985116056|646000
7.261655985116056|647000
7.261655985116056|648000
7.261655985116056|649000
7.261655985116056|650000
7.261655985116056|651000
7.261655985116056|652000
7.261655985116056|653000
7.261655985116056|654000
7.261655985116056|655000
7.261655985116056|656000
7.261655985116056|657000
7.261655985116056|658000
7.261655985116056|659000
7.261655985116056|660000
7.261655985116056|661000
7.261655985116056|662000
7.261655985116056|663000
7.261655985116056|664000
7.261655985116056|665000
7.261655985116056|666000
7.261655985116056|667000
7.261655985116056|668000
7.261655985116056|669000
7.261655985116056|670000
7.261655985116056|671000
7.261655985116056|672000
7.261655985116056|673000
7.261655985116056|674000
7.261655985116056|675000
7.261655985116056|676000
7.261655985116056|677000
7.261655985116056|678000
7.261655985116056|679000
7.261655985116056|680000
7.261655985116056|681000
7.261655985116056|682000
7.261655985116056|683000
7.261655985116056|684000
7.261655985116056|685000
7.261655985116056|686000
7.261655985116056|687000
7.261655985116056|688000
7.261655985116056|689000
7.261655985116056|690000
7.261655985116056|691000
7.261655985116056|692000
7.261655985116056|693000
7.261655985116056|694000
7.261655985116056|695000
7.261655985116056|696000
7.261655985116056|697000
7.261655985116056|698000
7.261655985116056|699000
7.261655985116056|700000
7.261655985116056|701000
7.261655985116056|702000
7.261655985116056|703000
7.261655985116056|704000
7.261655985116056|705000
7.261655985116056|706000
7.261655985116056|707000
7.261655985116056|708000
7.261655985116056|709000
7.261655985116056|710000
7.261655985116056|711000
7.261655985116056|712000
7.261655985116056|713000
7.261655985116056|714000
7.261655985116056|715000
7.261655985116056|716000
7.261655985116056|717000
7.261655985116056|718000
7.261655985116056|719000
7.261655985116056|720000
7.261655985116056|721000
7.261655985116056|722000
7.261655985116056|723000
7.261655985116056|724000
7.261655985116056|725000
7.261655985116056|726000
7.261655985116056|727000
7.261655985116056|728000
7.261655985116056|729000
7.261655985116056|730000
7.261655985116056|731000
7.261655985116056|732000
7.261655985116056|733000
7.261655985116056|734000
7.261655985116056|735000
7.261655985116056|736000
7.261655985116056|737000
7.261655985116056|738000
7.261655985116056|739000
7.261655985116056|740000
7.261655985116056|741000
7.261655985116056|742000
7.261655985116056|743000
7.261655985116056|744000
7.261655985116056|745000
7.261655985116056|746000
7.261655985116056|747000
7.261655985116056|748000
7.261655985116056|749000
7.261655985116056|750000
7.261655985116056|751000
7.261655985116056|752000
7.261655985116056|753000
7.261655985116056|754000
7.261655985116056|755000
7.261655985116056|756000
7.261655985116056|757000
7.261655985116056|758000
7.261655985116056|759000
7.261655985116056|760000
7.261655985116056|761000
7.261655985116056|762000
7.261655985116056|763000
7.261655985116056|764000
7.261655985116056|765000
7.261655985116056|766000
7.261655985116056|767000
7.261655985116056|768000
7.261655985116056|769000
7.261655985116056|770000
7.261655985116056|771000
7.261655985116056|772000
7.261655985116056|773000
7.261655985116056|774000
7.261655985116056|775000
7.261655985116056|776000
7.261655985116056|777000
7.261655985116056|778000
7.261655985116056|779000
7.261655985116056|780000
7.261655985116056|781000
7.261655985116056|782000
7.261655985116056|783000
7.261655985116056|784000
7.261655985116056|785000
7.261655985116056|786000
7.261655985116056|787000
7.261655985116056|788000
7.261655985116056|789000
7.261655985116056|790000
7.261655985116056|791000
7.261655985116056|792000
7.261655985116056|793000
7.261655985116056|794000
7.261655985116056|795000
7.261655985116056|796000
7.261655985116056|797000
7.261655985116056|798000
7.261655985116056|799000
7.261655985116056|800000
7.261655985116056|801000
7.261655985116056|802000
7.261655985116056|803000
7.261655985116056|804000
7.261655985116056|805000
7.261655985116056|806000
7.261655985116056|807000
7.261655985116056|808000
7.261655985116056|809000
7.261655985116056|810000
7.261655985116056|811000
7.261655985116056|812000
7.261655985116056|813000
7.261655985116056|814000
7.261655985116056|815000
7.261655985116056|816000
7.261655985116056|817000
7.261655985116056|818000
7.261655985116056|819000
7.261655985116056|820000
7.261655985116056|821000
7.261655985116056|822000
7.261655985116056|823000
7.261655985116056|824000
7.261655985116056|825000
7.261655985116056|826000
7.261655985116056|827000
7.261655985116056|828000
7.261655985116056|829000
7.261655985116056|830000
7.261655985116056|831000
7.261655985116056|832000
7.261655985116056|833000
7.261655985116056|834000
7.261655985116056|835000
7.261655985116056|836000
7.261655985116056|837000
7.261655985116056|838000
7.261655985116056|839000
7.261655985116056|840000
7.261655985116056|841000
7.261655985116056|842000
7.261655985116056|843000
7.261655985116056|844000
7.261655985116056|845000
7.261655985116056|846000
7.261655985116056|847000
7.261655985116056|848000
7.261655985116056|849000
7.261655985116056|850000
7.261655985116056|851000
7.261655985116056|852000
7.261655985116056|853000
7.261655985116056|854000
7.261655985116056|855000
7.261655985116056|856000
7.261655985116056|857000
7.261655985116056|858000
7.261655985116056|859000
7.261655985116056|860000
7.261655985116056|861000
7.261655985116056|862000
7.261655985116056|863000
7.261655985116056|864000
7.261655985116056|865000
7.261655985116056|866000
7.261655985116056|867000
7.261655985116056|868000
7.261655985116056|869000
7.261655985116056|870000
7.261655985116056|871000
7.261655985116056|872000
7.261655985116056|873000
7.261655985116056|874000
7.261655985116056|875000
7.261655985116056|876000
7.261655985116056|877000
7.261655985116056|878000
7.261655985116056|879000
7.261655985116056|880000
7.261655985116056|881000
7.261655985116056|882000
7.261655985116056|883000
7.261655985116056|884000
7.261655985116056|885000
7.261655985116056|886000
7.261655985116056|887000
7.261655985116056|888000
7.261655985116056|889000
7.261655985116056|890000
7.261655985116056|891000
7.261655985116056|892000
7.261655985116056|893000
7.261655985116056|894000
7.261655985116056|895000
7.261655985116056|896000
7.261655985116056|897000
7.261655985116056|898000
7.261655985116056|899000
7.261655985116056|900000
7.261655985116056|901000
7.261655985116056|902000
7.261655985116056|903000
7.261655985116056|904000
7.261655985116056|905000
7.261655985116056|906000
7.261655985116056|907000
7.261655985116056|908000
7.261655985116056|909000
7.261655985116056|910000
7.261655985116056|911000
7.261655985116056|912000
7.261655985116056|913000
7.261655985116056|914000
7.261655985116056|915000
7.261655985116056|916000
7.261655985116056|917000
7.261655985116056|918000
7.261655985116056|919000
7.261655985116056|920000
7.261655985116056|921000
7.261655985116056|922000
7.261655985116056|923000
7.261655985116056|924000
7.261655985116056|925000
7.261655985116056|926000
7.261655985116056|927000
7.261655985116056|928000
7.261655985116056|929000
7.261655985116056|930000
7.261655985116056|931000
7.261655985116056|932000
7.261655985116056|933000
7.261655985116056|934000
7.261655985116056|935000
7.261655985116056|936000
7.261655985116056|937000
7.261655985116056|938000
7.261655985116056|939000
7.261655985116056|940000
7.261655985116056|941000
7.261655985116056|942000
7.261655985116056|943000
7.261655985116056|944000
7.261655985116056|945000
7.261655985116056|946000
7.261655985116056|947000
7.261655985116056|948000
7.261655985116056|949000
7.261655985116056|950000
7.261655985116056|951000
7.261655985116056|952000
7.261655985116056|953000
7.261655985116056|954000
7.261655985116056|955000
7.261655985116056|956000
7.261655985116056|957000
7.261655985116056|958000
7.261655985116056|959000
7.261655985116056|960000
7.261655985116056|961000
7.261655985116056|962000
7.261655985116056|963000
7.261655985116056|964000
7.261655985116056|965000
7.261655985116056|966000
7.261655985116056|967000
7.261655985116056|968000
7.261655985116056|969000
7.261655985116056|970000
7.261655985116056|971000
7.261655985116056|972000
7.261655985116056|973000
7.261655985116056|974000
7.261655985116056|975000
7.261655985116056|976000
7.261655985116056|977000
7.261655985116056|978000
7.261655985116056|979000
7.261655985116056|980000
7.261655985116056|981000
7.261655985116056|982000
7.261655985116056|983000
7.261655985116056|984000
7.261655985116056|985000
7.261655985116056|986000
7.261655985116056|987000
7.261655985116056|988000
7.261655985116056|989000
7.261655985116056|990000
7.261655985116056|991000
7.261655985116056|992000
7.261655985116056|993000
7.261655985116056|994000
7.261655985116056|995000
7.261655985116056|996000
7.261655985116056|997000
7.261655985116056|998000
7.261655985116056|999000
7.261655985116056|1000000
