21.05627482273092|2000
20.246444991139885|3000
20.246444991139885|4000
19.559347583541268|5000
18.841153698076443|6000
18.841153698076443|7000
18.78308207420105|8000
18.729710070624353|9000
18.087030276233342|10000
17.988471231141673|11000
17.26672339115688|12000
17.26672339115688|13000
17.142225798301055|14000
16.64076519322186|15000
16.374618360559175|16000
16.374618360559175|17000
15.77068710040877|18000
15.77068710040877|19000
15.622958783751827|20000
15.474788804227838|21000
15.43128798864361|22000
15.038615073553197|23000
15.038615073553197|24000
14.930929961146376|25000
14.307880100554243|26000
14.14888110935232|27000
14.14888110935232|28000
14.025181897266698|29000
14.025181897266698|30000
14.013765018913631|31000
13.755666843100293|32000
13.537552307395394|33000
13.537552307395394|34000
13.380936355631896|35000
13.380936355631896|36000
13.154881962806659|37000
13.116124169625692|38000
13.116124169625692|39000
13.044208089066284|40000
12.81282256195303|41000
12.805335948850612|42000
12.57273614345359|43000
12.561967672201119|44000
12.561967672201119|45000
12.561967672201119|46000
12.441797439436753|47000
12.260033698839303|48000
12.139481761155473|49000
12.116925135690064|50000
12.116925135690064|51000
11.983992298826749|52000
11.841286078182565|53000
11.841286078182565|54000
11.779447238101184|55000
11.51791049611341|56000
11.51791049611341|57000
11.51791049611341|58000
11.51791049611341|59000
11.379494221677692|60000
11.379494221677692|61000
11.379494221677692|62000
11.298491305224255|63000
11.298491305224255|64000
11.249751019226649|65000
11.073043530720208|66000
11.073043530720208|67000
11.073043530720208|68000
11.008897765723328|69000
10.914974978180188|70000
10.853624339831052|71000
10.853624339831052|72000
10.853624339831052|73000
10.853624339831052|74000
10.614882535363341|75000
10.614882535363341|76000
10.612800280579133|77000
10.576837108206709|78000
10.538155066205077|79000
10.402957597088276|80000
10.402957597088276|81000
10.402957597088276|82000
10.269600623938564|83000
10.269600623938564|84000
10.269600623938564|85000
10.269600623938564|86000
10.269600623938564|87000
10.269600623938564|88000
10.269600623938564|89000
10.067356908516116|90000
10.067356908516116|91000
10.067356908516116|92000
10.067356908516116|93000
10.067356908516116|94000
10.067356908516116|95000
9.945487841368875|96000
9.945487841368875|97000
9.945487841368875|98000
9.945487841368875|99000
9.933999935366401|100000
9.933999935366401|101000
9.933999935366401|102000
9.914786800141895|103000
9.81213086821916|104000
9.81213086821916|105000
9.81213086821916|106000
9.81213086821916|107000
9.789851555818585|108000
9.778518445023577|109000
9.730258564422599|110000
9.730258564422599|111000
9.707966538639582|112000
9.693534447748464|113000
9.693534447748464|114000
9.685687226239006|115000
9.62609423484302|116000
9.62609423484302|117000
9.62609423484302|118000
9.62609423484302|119000
9.62609423484302|120000
9.608252565523115|121000
9.608252565523115|122000
9.592424536586384|123000
9.592424536586384|124000
9.580414617011767|125000
9.546744918755131|126000
9.546744918755131|127000
9.546744918755131|128000
9.546744918755131|129000
9.542368481141349|130000
9.542368481141349|131000
9.487003430526809|132000
9.487003430526809|133000
9.487003430526809|134000
9.487003430526809|135000
9.461373126602128|136000
9.461373126602128|137000
9.461373126602128|138000
9.452289457245262|139000
9.452289457245262|140000
9.452289457245262|141000
9.452289457245262|142000
9.452161692530444|143000
9.443603844356181|144000
9.443603844356181|145000
9.427760703406545|146000
9.427760703406545|147000
9.427760703406545|148000
9.427760703406545|149000
9.424311959554357|150000
9.424311959554357|151000
9.401750166716457|152000
9.398207359997649|153000
9.398207359997649|154000
9.322291187837074|155000
9.322291187837074|156000
9.322291187837074|157000
9.299755416469845|158000
9.299755416469845|159000
9.220822446613859|160000
9.220822446613859|161000
9.220822446613859|162000
9.220822446613859|163000
9.220822446613859|164000
9.220822446613859|165000
9.220822446613859|166000
9.220822446613859|167000
9.220822446613859|168000
9.214200228102245|169000
9.214200228102245|170000
9.205024864052222|171000
9.205024864052222|172000
9.205024864052222|173000
9.187210023418276|174000
9.187210023418276|175000
9.187210023418276|176000
9.180587804906661|177000
9.180587804906661|178000
9.180587804906661|179000
9.180587804906661|180000
9.180587804906661|181000
9.171412440856637|182000
9.158670929238681|183000
9.158670929238681|184000
9.158670929238681|185000
9.158670929238681|186000
9.158670929238681|187000
9.158670929238681|188000
9.158670929238681|189000
9.158670929238681|190000
9.158670929238681|191000
9.158670929238681|192000
9.158670929238681|193000
9.158670929238681|194000
9.158670929238681|195000
9.15011704293441|196000
9.15011704293441|197000
9.15011704293441|198000
9.15011704293441|199000
9.15011704293441|200000
9.15011704293441|201000
9.15011704293441|202000
9.15011704293441|203000
9.15011704293441|204000
9.15011704293441|205000
9.15011704293441|206000
9.15011704293441|207000
9.148837197676851|208000
9.148837197676851|209000
9.148837197676851|210000
9.148837197676851|211000
9.148837197676851|212000
9.148837197676851|213000
9.148837197676851|214000
9.148837197676851|215000
9.148837197676851|216000
9.148837197676851|217000
9.148837197676851|218000
9.148837197676851|219000
9.148837197676851|220000
9.148837197676851|221000
9.148837197676851|222000
9.148837197676851|223000
9.148837197676851|224000
9.148837197676851|225000
9.148837197676851|226000
9.148837197676851|227000
9.148837197676851|228000
9.148837197676851|229000
9.148837197676851|230000
9.148837197676851|231000
9.148837197676851|232000
9.148837197676851|233000
9.148837197676851|234000
9.148837197676851|235000
9.148837197676851|236000
9.148837197676851|237000
9.148837197676851|238000
9.148837197676851|239000
9.148837197676851|240000
9.148837197676851|241000
9.148837197676851|242000
9.148837197676851|243000
9.148837197676851|244000
9.148837197676851|245000
9.148837197676851|246000
9.148837197676851|247000
9.148837197676851|248000
9.148837197676851|249000
9.148837197676851|250000
9.148837197676851|251000
9.148837197676851|252000
9.148837197676851|253000
9.148837197676851|254000
9.148837197676851|255000
9.148837197676851|256000
9.148837197676851|257000
9.148837197676851|258000
9.148837197676851|259000
9.148837197676851|260000
9.148837197676851|261000
9.148837197676851|262000
9.148837197676851|263000
9.148837197676851|264000
9.148837197676851|265000
9.148837197676851|266000
9.148837197676851|267000
9.148837197676851|268000
9.148837197676851|269000
9.148837197676851|270000
9.148837197676851|271000
9.148837197676851|272000
9.148837197676851|273000
9.148837197676851|274000
9.148837197676851|275000
9.148837197676851|276000
9.148837197676851|277000
9.148837197676851|278000
9.148837197676851|279000
9.148837197676851|280000
9.148837197676851|281000
9.148837197676851|282000
9.148837197676851|283000
9.148837197676851|284000
9.148837197676851|285000
9.148837197676851|286000
9.148837197676851|287000
9.148837197676851|288000
9.148837197676851|289000
9.148837197676851|290000
9.148837197676851|291000
9.148837197676851|292000
9.148837197676851|293000
9.148837197676851|294000
9.148837197676851|295000
9.148837197676851|296000
9.148837197676851|297000
9.148837197676851|298000
9.148837197676851|299000
9.148837197676851|300000
9.148837197676851|301000
9.148837197676851|302000
9.148837197676851|303000
9.148837197676851|304000
9.148837197676851|305000
9.148837197676851|306000
9.148837197676851|307000
9.148837197676851|308000
9.148837197676851|309000
9.148837197676851|310000
9.148837197676851|311000
9.148837197676851|312000
9.148837197676851|313000
9.148837197676851|314000
9.148837197676851|315000
9.148837197676851|316000
9.148837197676851|317000
9.148837197676851|318000
9.148837197676851|319000
9.148837197676851|320000
9.148837197676851|321000
9.148837197676851|322000
9.148837197676851|323000
9.148837197676851|324000
9.148837197676851|325000
9.148837197676851|326000
9.148837197676851|327000
9.148837197676851|328000
9.148837197676851|329000
9.148837197676851|330000
9.148837197676851|331000
9.148837197676851|332000
9.148837197676851|333000
9.148837197676851|334000
9.148837197676851|335000
9.148837197676851|336000
9.148837197676851|337000
9.148837197676851|338000
9.148837197676851|339000
9.148837197676851|340000
9.148837197676851|341000
9.148837197676851|342000
9.148837197676851|343000
9.148837197676851|344000
9.148837197676851|345000
9.148837197676851|346000
9.148837197676851|347000
9.148837197676851|348000
9.148837197676851|349000
9.148837197676851|350000
9.148837197676851|351000
9.148837197676851|352000
9.148837197676851|353000
9.148837197676851|354000
9.148837197676851|355000
9.148837197676851|356000
9.148837197676851|357000
9.148837197676851|358000
9.148837197676851|359000
9.148837197676851|360000
9.148837197676851|361000
9.148837197676851|362000
9.148837197676851|363000
9.148837197676851|364000
9.148837197676851|365000
9.148837197676851|366000
9.148837197676851|367000
9.148837197676851|368000
9.148837197676851|369000
9.148837197676851|370000
9.148837197676851|371000
9.148837197676851|372000
9.148837197676851|373000
9.148837197676851|374000
9.148837197676851|375000
9.148837197676851|376000
9.148837197676851|377000
9.148837197676851|378000
9.148837197676851|379000
9.148837197676851|380000
9.148837197676851|381000
9.148837197676851|382000
9.148837197676851|383000
9.148837197676851|384000
9.148837197676851|385000
9.148837197676851|386000
9.148837197676851|387000
9.148837197676851|388000
9.148837197676851|389000
9.148837197676851|390000
9.148837197676851|391000
9.148837197676851|392000
9.148837197676851|393000
9.148837197676851|394000
9.148837197676851|395000
9.148837197676851|396000
9.148837197676851|397000
9.148837197676851|398000
9.148837197676851|399000
9.148837197676851|400000
9.148837197676851|401000
9.148837197676851|402000
9.148837197676851|403000
9.148837197676851|404000
9.148837197676851|405000
9.148837197676851|406000
9.148837197676851|407000
9.148837197676851|408000
9.148837197676851|409000
9.148837197676851|410000
9.148837197676851|411000
9.148837197676851|412000
9.148837197676851|413000
9.148837197676851|414000
9.148837197676851|415000
9.148837197676851|416000
9.148837197676851|417000
9.148837197676851|418000
9.148837197676851|419000
9.148837197676851|420000
9.148837197676851|421000
9.148837197676851|422000
9.148837197676851|423000
9.148837197676851|424000
9.148837197676851|425000
9.148837197676851|426000
9.148837197676851|427000
9.148837197676851|428000
9.148837197676851|429000
9.148837197676851|430000
9.148837197676851|431000
9.148837197676851|432000
9.148837197676851|433000
9.148837197676851|434000
9.148837197676851|435000
9.148837197676851|436000
9.148837197676851|437000
9.148837197676851|438000
9.148837197676851|439000
9.148837197676851|440000
9.148837197676851|441000
9.148837197676851|442000
9.148837197676851|443000
9.148837197676851|444000
9.148837197676851|445000
9.148837197676851|446000
9.148837197676851|447000
9.148837197676851|448000
9.148837197676851|449000
9.148837197676851|450000
9.148837197676851|451000
9.148837197676851|452000
9.148837197676851|453000
9.148837197676851|454000
9.148837197676851|455000
9.148837197676851|456000
9.148837197676851|457000
9.148837197676851|458000
9.148837197676851|459000
9.148837197676851|460000
9.148837197676851|461000
9.148837197676851|462000
9.148837197676851|463000
9.148837197676851|464000
9.148837197676851|465000
9.148837197676851|466000
9.148837197676851|467000
9.148837197676851|468000
9.148837197676851|469000
9.148837197676851|470000
9.148837197676851|471000
9.148837197676851|472000
9.148837197676851|473000
9.148837197676851|474000
9.148837197676851|475000
9.148837197676851|476000
9.148837197676851|477000
9.148837197676851|478000
9.148837197676851|479000
9.148837197676851|480000
9.148837197676851|481000
9.148837197676851|482000
9.148837197676851|483000
9.148837197676851|484000
9.148837197676851|485000
9.148837197676851|486000
9.148837197676851|487000
9.148837197676851|488000
9.148837197676851|489000
9.148837197676851|490000
9.148837197676851|491000
9.148837197676851|492000
9.148837197676851|493000
9.148837197676851|494000
9.148837197676851|495000
9.148837197676851|496000
9.148837197676851|497000
9.148837197676851|498000
9.148837197676851|499000
9.148837197676851|500000
9.148837197676851|501000
9.148837197676851|502000
9.148837197676851|503000
9.148837197676851|504000
9.148837197676851|505000
9.148837197676851|506000
9.148837197676851|507000
9.148837197676851|508000
9.148837197676851|509000
9.148837197676851|510000
9.148837197676851|511000
9.148837197676851|512000
9.148837197676851|513000
9.148837197676851|514000
9.148837197676851|515000
9.148837197676851|516000
9.148837197676851|517000
9.148837197676851|518000
9.148837197676851|519000
9.148837197676851|520000
9.148837197676851|521000
9.148837197676851|522000
9.148837197676851|523000
9.148837197676851|524000
9.148837197676851|525000
9.148837197676851|526000
9.148837197676851|527000
9.148837197676851|528000
9.148837197676851|529000
9.148837197676851|530000
9.148837197676851|531000
9.148837197676851|532000
9.148837197676851|533000
9.148837197676851|534000
9.148837197676851|535000
9.148837197676851|536000
9.148837197676851|537000
9.148837197676851|538000
9.148837197676851|539000
9.148837197676851|540000
9.148837197676851|541000
9.148837197676851|542000
9.148837197676851|543000
9.148837197676851|544000
9.148837197676851|545000
9.148837197676851|546000
9.148837197676851|547000
9.148837197676851|548000
9.148837197676851|549000
9.148837197676851|550000
9.148837197676851|551000
9.148837197676851|552000
9.148837197676851|553000
9.148837197676851|554000
9.148837197676851|555000
9.148837197676851|556000
9.148837197676851|557000
9.148837197676851|558000
9.148837197676851|559000
9.148837197676851|560000
9.148837197676851|561000
9.148837197676851|562000
9.148837197676851|563000
9.148837197676851|564000
9.148837197676851|565000
9.148837197676851|566000
9.148837197676851|567000
9.148837197676851|568000
9.148837197676851|569000
9.148837197676851|570000
9.148837197676851|571000
9.148837197676851|572000
9.148837197676851|573000
9.148837197676851|574000
9.148837197676851|575000
9.148837197676851|576000
9.148837197676851|577000
9.148837197676851|578000
9.148837197676851|579000
9.148837197676851|580000
9.148837197676851|581000
9.148837197676851|582000
9.148837197676851|583000
9.148837197676851|584000
9.148837197676851|585000
9.148837197676851|586000
9.148837197676851|587000
9.148837197676851|588000
9.148837197676851|589000
9.148837197676851|590000
9.148837197676851|591000
9.148837197676851|592000
9.148837197676851|593000
9.148837197676851|594000
9.148837197676851|595000
9.148837197676851|596000
9.148837197676851|597000
9.148837197676851|598000
9.148837197676851|599000
9.148837197676851|600000
9.148837197676851|601000
9.148837197676851|602000
9.148837197676851|603000
9.148837197676851|604000
9.148837197676851|605000
9.148837197676851|606000
9.148837197676851|607000
9.148837197676851|608000
9.148837197676851|609000
9.148837197676851|610000
9.148837197676851|611000
9.148837197676851|612000
9.148837197676851|613000
9.148837197676851|614000
9.148837197676851|615000
9.148837197676851|616000
9.148837197676851|617000
9.148837197676851|618000
9.148837197676851|619000
9.148837197676851|620000
9.148837197676851|621000
9.148837197676851|622000
9.148837197676851|623000
9.148837197676851|624000
9.148837197676851|625000
9.148837197676851|626000
9.148837197676851|627000
9.148837197676851|628000
9.148837197676851|629000
9.148837197676851|630000
9.148837197676851|631000
9.148837197676851|632000
9.148837197676851|633000
9.148837197676851|634000
9.148837197676851|635000
9.148837197676851|636000
9.148837197676851|637000
9.148837197676851|638000
9.148837197676851|639000
9.148837197676851|640000
9.148837197676851|641000
9.148837197676851|642000
9.148837197676851|643000
9.148837197676851|644000
9.148837197676851|645000
9.148837197676851|646000
9.148837197676851|647000
9.148837197676851|648000
9.148837197676851|649000
9.148837197676851|650000
9.148837197676851|651000
9.148837197676851|652000
9.148837197676851|653000
9.148837197676851|654000
9.148837197676851|655000
9.148837197676851|656000
9.148837197676851|657000
9.148837197676851|658000
9.148837197676851|659000
9.148837197676851|660000
9.148837197676851|661000
9.148837197676851|662000
9.148837197676851|663000
9.148837197676851|664000
9.148837197676851|665000
9.148837197676851|666000
9.148837197676851|667000
9.148837197676851|668000
9.148837197676851|669000
9.148837197676851|670000
9.148837197676851|671000
9.148837197676851|672000
9.148837197676851|673000
9.148837197676851|674000
9.148837197676851|675000
9.148837197676851|676000
9.148837197676851|677000
9.148837197676851|678000
9.148837197676851|679000
9.148837197676851|680000
9.148837197676851|681000
9.148837197676851|682000
9.148837197676851|683000
9.148837197676851|684000
9.148837197676851|685000
9.148837197676851|686000
9.148837197676851|687000
9.148837197676851|688000
9.148837197676851|689000
9.148837197676851|690000
9.148837197676851|691000
9.148837197676851|692000
9.148837197676851|693000
9.148837197676851|694000
9.148837197676851|695000
9.148837197676851|696000
9.148837197676851|697000
9.148837197676851|698000
9.148837197676851|699000
9.148837197676851|700000
9.148837197676851|701000
9.148837197676851|702000
9.148837197676851|703000
9.148837197676851|704000
9.148837197676851|705000
9.148837197676851|706000
9.148837197676851|707000
9.148837197676851|708000
9.148837197676851|709000
9.148837197676851|710000
9.148837197676851|711000
9.148837197676851|712000
9.148837197676851|713000
9.148837197676851|714000
9.148837197676851|715000
9.148837197676851|716000
9.148837197676851|717000
9.148837197676851|718000
9.148837197676851|719000
9.148837197676851|720000
9.148837197676851|721000
9.148837197676851|722000
9.148837197676851|723000
9.148837197676851|724000
9.148837197676851|725000
9.148837197676851|726000
9.148837197676851|727000
9.148837197676851|728000
9.148837197676851|729000
9.148837197676851|730000
9.148837197676851|731000
9.148837197676851|732000
9.148837197676851|733000
9.148837197676851|734000
9.148837197676851|735000
9.148837197676851|736000
9.148837197676851|737000
9.148837197676851|738000
9.148837197676851|739000
9.148837197676851|740000
9.148837197676851|741000
9.148837197676851|742000
9.148837197676851|743000
9.148837197676851|744000
9.148837197676851|745000
9.148837197676851|746000
9.148837197676851|747000
9.148837197676851|748000
9.148837197676851|749000
9.148837197676851|750000
9.148837197676851|751000
9.148837197676851|752000
9.148837197676851|753000
9.148837197676851|754000
9.148837197676851|755000
9.148837197676851|756000
9.148837197676851|757000
9.148837197676851|758000
9.148837197676851|759000
9.148837197676851|760000
9.148837197676851|761000
9.148837197676851|762000
9.148837197676851|763000
9.148837197676851|764000
9.148837197676851|765000
9.148837197676851|766000
9.148837197676851|767000
9.148837197676851|768000
9.148837197676851|769000
9.148837197676851|770000
9.148837197676851|771000
9.148837197676851|772000
9.148837197676851|773000
9.148837197676851|774000
9.148837197676851|775000
9.148837197676851|776000
9.148837197676851|777000
9.148837197676851|778000
9.148837197676851|779000
9.148837197676851|780000
9.148837197676851|781000
9.148837197676851|782000
9.148837197676851|783000
9.148837197676851|784000
9.148837197676851|785000
9.148837197676851|786000
9.148837197676851|787000
9.148837197676851|788000
9.148837197676851|789000
9.148837197676851|790000
9.148837197676851|791000
9.148837197676851|792000
9.148837197676851|793000
9.148837197676851|794000
9.148837197676851|795000
9.148837197676851|796000
9.148837197676851|797000
9.148837197676851|798000
9.148837197676851|799000
9.148837197676851|800000
9.148837197676851|801000
9.148837197676851|802000
9.148837197676851|803000
9.148837197676851|804000
9.148837197676851|805000
9.148837197676851|806000
9.148837197676851|807000
9.148837197676851|808000
9.148837197676851|809000
9.148837197676851|810000
9.148837197676851|811000
9.148837197676851|812000
9.148837197676851|813000
9.148837197676851|814000
9.148837197676851|815000
9.148837197676851|816000
9.148837197676851|817000
9.148837197676851|818000
9.148837197676851|819000
9.148837197676851|820000
9.148837197676851|821000
9.148837197676851|822000
9.148837197676851|823000
9.148837197676851|824000
9.148837197676851|825000
9.148837197676851|826000
9.148837197676851|827000
9.148837197676851|828000
9.148837197676851|829000
9.148837197676851|830000
9.148837197676851|831000
9.148837197676851|832000
9.148837197676851|833000
9.148837197676851|834000
9.148837197676851|835000
9.148837197676851|836000
9.148837197676851|837000
9.148837197676851|838000
9.148837197676851|839000
9.148837197676851|840000
9.148837197676851|841000
9.148837197676851|842000
9.148837197676851|843000
9.148837197676851|844000
9.148837197676851|845000
9.148837197676851|846000
9.148837197676851|847000
9.148837197676851|848000
9.148837197676851|849000
9.148837197676851|850000
9.148837197676851|851000
9.148837197676851|852000
9.148837197676851|853000
9.148837197676851|854000
9.148837197676851|855000
9.148837197676851|856000
9.148837197676851|857000
9.148837197676851|858000
9.148837197676851|859000
9.148837197676851|860000
9.148837197676851|861000
9.148837197676851|862000
9.148837197676851|863000
9.148837197676851|864000
9.148837197676851|865000
9.148837197676851|866000
9.148837197676851|867000
9.148837197676851|868000
9.148837197676851|869000
9.148837197676851|870000
9.148837197676851|871000
9.148837197676851|872000
9.148837197676851|873000
9.148837197676851|874000
9.148837197676851|875000
9.148837197676851|876000
9.148837197676851|877000
9.148837197676851|878000
9.148837197676851|879000
9.148837197676851|880000
9.148837197676851|881000
9.148837197676851|882000
9.148837197676851|883000
9.148837197676851|884000
9.148837197676851|885000
9.148837197676851|886000
9.148837197676851|887000
9.148837197676851|888000
9.148837197676851|889000
9.148837197676851|890000
9.148837197676851|891000
9.148837197676851|892000
9.148837197676851|893000
9.148837197676851|894000
9.148837197676851|895000
9.148837197676851|896000
9.148837197676851|897000
9.148837197676851|898000
9.148837197676851|899000
9.148837197676851|900000
9.148837197676851|901000
9.148837197676851|902000
9.148837197676851|903000
9.148837197676851|904000
9.148837197676851|905000
9.148837197676851|906000
9.148837197676851|907000
9.148837197676851|908000
9.148837197676851|909000
9.148837197676851|910000
9.148837197676851|911000
9.148837197676851|912000
9.148837197676851|913000
9.148837197676851|914000
9.148837197676851|915000
9.148837197676851|916000
9.148837197676851|917000
9.148837197676851|918000
9.148837197676851|919000
9.148837197676851|920000
9.148837197676851|921000
9.148837197676851|922000
9.148837197676851|923000
9.148837197676851|924000
9.148837197676851|925000
9.148837197676851|926000
9.148837197676851|927000
9.148837197676851|928000
9.148837197676851|929000
9.148837197676851|930000
9.148837197676851|931000
9.148837197676851|932000
9.148837197676851|933000
9.148837197676851|934000
9.148837197676851|935000
9.148837197676851|936000
9.148837197676851|937000
9.148837197676851|938000
9.148837197676851|939000
9.148837197676851|940000
9.148837197676851|941000
9.148837197676851|942000
9.148837197676851|943000
9.148837197676851|944000
9.148837197676851|945000
9.148837197676851|946000
9.148837197676851|947000
9.148837197676851|948000
9.148837197676851|949000
9.148837197676851|950000
9.148837197676851|951000
9.148837197676851|952000
9.148837197676851|953000
9.148837197676851|954000
9.148837197676851|955000
9.148837197676851|956000
9.148837197676851|957000
9.148837197676851|958000
9.148837197676851|959000
9.148837197676851|960000
9.148837197676851|961000
9.148837197676851|962000
9.148837197676851|963000
9.148837197676851|964000
9.148837197676851|965000
9.148837197676851|966000
9.148837197676851|967000
9.148837197676851|968000
9.148837197676851|969000
9.148837197676851|970000
9.148837197676851|971000
9.148837197676851|972000
9.148837197676851|973000
9.148837197676851|974000
9.148837197676851|975000
9.148837197676851|976000
9.148837197676851|977000
9.148837197676851|978000
9.148837197676851|979000
9.148837197676851|980000
9.148837197676851|981000
9.148837197676851|982000
9.148837197676851|983000
9.148837197676851|984000
9.148837197676851|985000
9.148837197676851|986000
9.148837197676851|987000
9.148837197676851|988000
9.148837197676851|989000
9.148837197676851|990000
9.148837197676851|991000
9.148837197676851|992000
9.148837197676851|993000
9.148837197676851|994000
9.148837197676851|995000
9.148837197676851|996000
9.148837197676851|997000
9.148837197676851|998000
9.148837197676851|999000
9.148837197676851|1000000
