21.083198131385377|2000
21.059332507087966|3000
19.770701044092863|4000
19.633539955395097|5000
19.12491230810791|6000
18.944378892536886|7000
18.441815563816785|8000
18.04137471140935|9000
17.7740762269432|10000
16.54576657420598|11000
16.54576657420598|12000
16.448478764335697|13000
16.15733121428806|14000
16.088521326482887|15000
15.918410157653335|16000
15.22177175259508|17000
15.22177175259508|18000
14.705121003289387|19000
14.452306469893765|20000
13.983903207664655|21000
13.983903207664655|22000
13.476446734707702|23000
13.476446734707702|24000
13.041067574030714|25000
12.93317480301301|26000
12.93317480301301|27000
12.650261500879639|28000
12.650261500879639|29000
12.650261500879639|30000
12.026886671152544|31000
12.026886671152544|32000
12.026886671152544|33000
12.026886671152544|34000
12.026886671152544|35000
11.701528784540175|36000
11.701528784540175|37000
11.488962822262746|38000
11.488962822262746|39000
11.25438235179338|40000
11.25438235179338|41000
11.25438235179338|42000
11.25438235179338|43000
11.041816389515954|44000
11.041816389515954|45000
10.991801749841585|46000
10.748189796005983|47000
10.748189796005983|48000
10.748189796005983|49000
10.748189796005983|50000
10.59196570858287|51000
10.59196570858287|52000
10.55725984503784|53000
10.354809854218564|54000
10.354809854218564|55000
10.248953395206343|56000
10.248953395206343|57000
10.248953395206343|58000
10.142353405848022|59000
10.142353405848022|60000
10.142353405848022|61000
10.069059732140694|62000
10.069059732140694|63000
10.069059732140694|64000
10.048246456706254|65000
9.785262385776546|66000
9.785262385776546|67000
9.785262385776546|68000
9.785262385776546|69000
9.785262385776546|70000
9.785262385776546|71000
9.695673190828563|72000
9.663083169621663|73000
9.63854583568447|74000
9.63854583568447|75000
9.63854583568447|76000
9.589073201470242|77000
9.571047127437703|78000
9.571047127437703|79000
9.571047127437703|80000
9.571047127437703|81000
9.418989376329302|82000
9.418989376329302|83000
9.418989376329302|84000
9.355622358256939|85000
9.355622358256939|86000
9.355622358256939|87000
9.299012644984526|88000
9.274775597402884|89000
9.274775597402884|90000
9.209133154373955|91000
9.16199377597509|92000
9.16199377597509|93000
9.16199377597509|94000
9.108724724941563|95000
9.108724724941563|96000
9.108724724941563|97000
9.108724724941563|98000
9.108724724941563|99000
9.079394423365422|100000
9.079394423365422|101000
9.079394423365422|102000
9.042948258858063|103000
9.042948258858063|104000
9.026622918988242|105000
9.013617957281921|106000
9.013617957281921|107000
9.013617957281921|108000
8.909310598224481|109000
8.909310598224481|110000
8.909310598224481|111000
8.909310598224481|112000
8.909310598224481|113000
8.909310598224481|114000
8.816254720444705|115000
8.816254720444705|116000
8.816254720444705|117000
8.790762627763801|118000
8.790762627763801|119000
8.790762627763801|120000
8.790762627763801|121000
8.73365536783504|122000
8.73365536783504|123000
8.73365536783504|124000
8.73365536783504|125000
8.73365536783504|126000
8.73365536783504|127000
8.726197635863494|128000
8.726197635863494|129000
8.68088386345786|130000
8.68088386345786|131000
8.68088386345786|132000
8.68088386345786|133000
8.68088386345786|134000
8.68088386345786|135000
8.657198319700347|136000
8.657198319700347|137000
8.657198319700347|138000
8.657198319700347|139000
8.657198319700347|140000
8.649802436748297|141000
8.63357462496233|142000
8.63357462496233|143000
8.63357462496233|144000
8.63357462496233|145000
8.63357462496233|146000
8.626116892990785|147000
8.626116892990785|148000
8.625020738658057|149000
8.625020738658057|150000
8.625020738658057|151000
8.625020738658057|152000
8.625020738658057|153000
8.625020738658057|154000
8.617563006686511|155000
8.617563006686511|156000
8.617563006686511|157000
8.617563006686511|158000
8.617563006686511|159000
8.617563006686511|160000
8.617563006686511|161000
8.61372696018305|162000
8.61372696018305|163000
8.61372696018305|164000
8.61372696018305|165000
8.61372696018305|166000
8.61372696018305|167000
8.61372696018305|168000
8.61372696018305|169000
8.575499612251363|170000
8.575499612251363|171000
8.575499612251363|172000
8.575499612251363|173000
8.575499612251363|174000
8.575499612251363|175000
8.575499612251363|176000
8.575499612251363|177000
8.575499612251363|178000
8.575499612251363|179000
8.575499612251363|180000
8.575499612251363|181000
8.575499612251363|182000
8.575499612251363|183000
8.575499612251363|184000
8.575499612251363|185000
8.575499612251363|186000
8.575499612251363|187000
8.575499612251363|188000
8.575499612251363|189000
8.575499612251363|190000
8.575499612251363|191000
8.575499612251363|192000
8.575499612251363|193000
8.575499612251363|194000
8.575499612251363|195000
8.575499612251363|196000
8.575499612251363|197000
8.575499612251363|198000
8.575499612251363|199000
8.575499612251363|200000
8.575499612251363|201000
8.575499612251363|202000
8.575499612251363|203000
8.575499612251363|204000
8.575499612251363|205000
8.575499612251363|206000
8.575499612251363|207000
8.575499612251363|208000
8.575499612251363|209000
8.575499612251363|210000
8.575499612251363|211000
8.575499612251363|212000
8.575499612251363|213000
8.575499612251363|214000
8.575499612251363|215000
8.575499612251363|216000
8.575499612251363|217000
8.575499612251363|218000
8.575499612251363|219000
8.575499612251363|220000
8.575499612251363|221000
8.575499612251363|222000
8.575499612251363|223000
8.575499612251363|224000
8.575499612251363|225000
8.575499612251363|226000
8.575499612251363|227000
8.575499612251363|228000
8.575499612251363|229000
8.575499612251363|230000
8.575499612251363|231000
8.575499612251363|232000
8.575499612251363|233000
8.575499612251363|234000
8.575499612251363|235000
8.575499612251363|236000
8.575499612251363|237000
8.575499612251363|238000
8.575499612251363|239000
8.575499612251363|240000
8.575499612251363|241000
8.575499612251363|242000
8.575499612251363|243000
8.575499612251363|244000
8.575499612251363|245000
8.575499612251363|246000
8.575499612251363|247000
8.575499612251363|248000
8.575499612251363|249000
8.575499612251363|250000
8.575499612251363|251000
8.575499612251363|252000
8.575499612251363|253000
8.575499612251363|254000
8.575499612251363|255000
8.575499612251363|256000
8.575499612251363|257000
8.575499612251363|258000
8.575499612251363|259000
8.575499612251363|260000
8.575499612251363|261000
8.575499612251363|262000
8.575499612251363|263000
8.575499612251363|264000
8.575499612251363|265000
8.575499612251363|266000
8.575499612251363|267000
8.575499612251363|268000
8.575499612251363|269000
8.575499612251363|270000
8.575499612251363|271000
8.575499612251363|272000
8.575499612251363|273000
8.575499612251363|274000
8.575499612251363|275000
8.575499612251363|276000
8.575499612251363|277000
8.575499612251363|278000
8.575499612251363|279000
8.575499612251363|280000
8.575499612251363|281000
8.575499612251363|282000
8.575499612251363|283000
8.575499612251363|284000
8.575499612251363|285000
8.575499612251363|286000
8.575499612251363|287000
8.575499612251363|288000
8.575499612251363|289000
8.575499612251363|290000
8.575499612251363|291000
8.575499612251363|292000
8.575499612251363|293000
8.575499612251363|294000
8.575499612251363|295000
8.575499612251363|296000
8.575499612251363|297000
8.575499612251363|298000
8.575499612251363|299000
8.575499612251363|300000
8.575499612251363|301000
8.575499612251363|302000
8.575499612251363|303000
8.575499612251363|304000
8.575499612251363|305000
8.575499612251363|306000
8.575499612251363|307000
8.575499612251363|308000
8.575499612251363|309000
8.575499612251363|310000
8.575499612251363|311000
8.575499612251363|312000
8.575499612251363|313000
8.575499612251363|314000
8.575499612251363|315000
8.575499612251363|316000
8.575499612251363|317000
8.575499612251363|318000
8.575499612251363|319000
8.575499612251363|320000
8.575499612251363|321000
8.575499612251363|322000
8.575499612251363|323000
8.575499612251363|324000
8.575499612251363|325000
8.575499612251363|326000
8.575499612251363|327000
8.575499612251363|328000
8.575499612251363|329000
8.575499612251363|330000
8.575499612251363|331000
8.575499612251363|332000
8.575499612251363|333000
8.575499612251363|334000
8.575499612251363|335000
8.575499612251363|336000
8.575499612251363|337000
8.575499612251363|338000
8.575499612251363|339000
8.575499612251363|340000
8.575499612251363|341000
8.575499612251363|342000
8.575499612251363|343000
8.575499612251363|344000
8.575499612251363|345000
8.575499612251363|346000
8.575499612251363|347000
8.575499612251363|348000
8.575499612251363|349000
8.575499612251363|350000
8.575499612251363|351000
8.575499612251363|352000
8.575499612251363|353000
8.575499612251363|354000
8.575499612251363|355000
8.575499612251363|356000
8.575499612251363|357000
8.575499612251363|358000
8.575499612251363|359000
8.575499612251363|360000
8.575499612251363|361000
8.575499612251363|362000
8.575499612251363|363000
8.575499612251363|364000
8.575499612251363|365000
8.575499612251363|366000
8.575499612251363|367000
8.575499612251363|368000
8.575499612251363|369000
8.575499612251363|370000
8.575499612251363|371000
8.575499612251363|372000
8.575499612251363|373000
8.575499612251363|374000
8.575499612251363|375000
8.575499612251363|376000
8.575499612251363|377000
8.575499612251363|378000
8.575499612251363|379000
8.575499612251363|380000
8.575499612251363|381000
8.575499612251363|382000
8.575499612251363|383000
8.575499612251363|384000
8.575499612251363|385000
8.575499612251363|386000
8.575499612251363|387000
8.575499612251363|388000
8.575499612251363|389000
8.575499612251363|390000
8.575499612251363|391000
8.575499612251363|392000
8.575499612251363|393000
8.575499612251363|394000
8.575499612251363|395000
8.575499612251363|396000
8.575499612251363|397000
8.575499612251363|398000
8.575499612251363|399000
8.575499612251363|400000
8.575499612251363|401000
8.575499612251363|402000
8.575499612251363|403000
8.575499612251363|404000
8.575499612251363|405000
8.575499612251363|406000
8.575499612251363|407000
8.575499612251363|408000
8.575499612251363|409000
8.575499612251363|410000
8.575499612251363|411000
8.575499612251363|412000
8.575499612251363|413000
8.575499612251363|414000
8.575499612251363|415000
8.575499612251363|416000
8.575499612251363|417000
8.575499612251363|418000
8.575499612251363|419000
8.575499612251363|420000
8.575499612251363|421000
8.575499612251363|422000
8.575499612251363|423000
8.575499612251363|424000
8.575499612251363|425000
8.575499612251363|426000
8.575499612251363|427000
8.575499612251363|428000
8.575499612251363|429000
8.575499612251363|430000
8.575499612251363|431000
8.575499612251363|432000
8.575499612251363|433000
8.575499612251363|434000
8.575499612251363|435000
8.575499612251363|436000
8.575499612251363|437000
8.575499612251363|438000
8.575499612251363|439000
8.575499612251363|440000
8.575499612251363|441000
8.575499612251363|442000
8.575499612251363|443000
8.575499612251363|444000
8.575499612251363|445000
8.575499612251363|446000
8.575499612251363|447000
8.575499612251363|448000
8.575499612251363|449000
8.575499612251363|450000
8.575499612251363|451000
8.575499612251363|452000
8.575499612251363|453000
8.575499612251363|454000
8.575499612251363|455000
8.575499612251363|456000
8.575499612251363|457000
8.575499612251363|458000
8.575499612251363|459000
8.575499612251363|460000
8.575499612251363|461000
8.575499612251363|462000
8.575499612251363|463000
8.575499612251363|464000
8.575499612251363|465000
8.575499612251363|466000
8.575499612251363|467000
8.575499612251363|468000
8.575499612251363|469000
8.575499612251363|470000
8.575499612251363|471000
8.575499612251363|472000
8.575499612251363|473000
8.575499612251363|474000
8.575499612251363|475000
8.575499612251363|476000
8.575499612251363|477000
8.575499612251363|478000
8.575499612251363|479000
8.575499612251363|480000
8.575499612251363|481000
8.575499612251363|482000
8.575499612251363|483000
8.575499612251363|484000
8.575499612251363|485000
8.575499612251363|486000
8.575499612251363|487000
8.575499612251363|488000
8.575499612251363|489000
8.575499612251363|490000
8.575499612251363|491000
8.575499612251363|492000
8.575499612251363|493000
8.575499612251363|494000
8.575499612251363|495000
8.575499612251363|496000
8.575499612251363|497000
8.575499612251363|498000
8.575499612251363|499000
8.575499612251363|500000
8.575499612251363|501000
8.575499612251363|502000
8.575499612251363|503000
8.575499612251363|504000
8.575499612251363|505000
8.575499612251363|506000
8.575499612251363|507000
8.575499612251363|508000
8.575499612251363|509000
8.575499612251363|510000
8.575499612251363|511000
8.575499612251363|512000
8.575499612251363|513000
8.575499612251363|514000
8.575499612251363|515000
8.575499612251363|516000
8.575499612251363|517000
8.575499612251363|518000
8.575499612251363|519000
8.575499612251363|520000
8.575499612251363|521000
8.575499612251363|522000
8.575499612251363|523000
8.575499612251363|524000
8.575499612251363|525000
8.575499612251363|526000
8.575499612251363|527000
8.575499612251363|528000
8.575499612251363|529000
8.575499612251363|530000
8.575499612251363|531000
8.575499612251363|532000
8.575499612251363|533000
8.575499612251363|534000
8.575499612251363|535000
8.575499612251363|536000
8.575499612251363|537000
8.575499612251363|538000
8.575499612251363|539000
8.575499612251363|540000
8.575499612251363|541000
8.575499612251363|542000
8.575499612251363|543000
8.575499612251363|544000
8.575499612251363|545000
8.575499612251363|546000
8.575499612251363|547000
8.575499612251363|548000
8.575499612251363|549000
8.575499612251363|550000
8.575499612251363|551000
8.575499612251363|552000
8.575499612251363|553000
8.575499612251363|554000
8.575499612251363|555000
8.575499612251363|556000
8.575499612251363|557000
8.575499612251363|558000
8.575499612251363|559000
8.575499612251363|560000
8.575499612251363|561000
8.575499612251363|562000
8.575499612251363|563000
8.575499612251363|564000
8.575499612251363|565000
8.575499612251363|566000
8.575499612251363|567000
8.575499612251363|568000
8.575499612251363|569000
8.575499612251363|570000
8.575499612251363|571000
8.575499612251363|572000
8.575499612251363|573000
8.575499612251363|574000
8.575499612251363|575000
8.575499612251363|576000
8.575499612251363|577000
8.575499612251363|578000
8.575499612251363|579000
8.575499612251363|580000
8.575499612251363|581000
8.575499612251363|582000
8.575499612251363|583000
8.575499612251363|584000
8.575499612251363|585000
8.575499612251363|586000
8.575499612251363|587000
8.575499612251363|588000
8.575499612251363|589000
8.575499612251363|590000
8.575499612251363|591000
8.575499612251363|592000
8.575499612251363|593000
8.575499612251363|594000
8.575499612251363|595000
8.575499612251363|596000
8.575499612251363|597000
8.575499612251363|598000
8.575499612251363|599000
8.575499612251363|600000
8.575499612251363|601000
8.575499612251363|602000
8.575499612251363|603000
8.575499612251363|604000
8.575499612251363|605000
8.575499612251363|606000
8.575499612251363|607000
8.575499612251363|608000
8.575499612251363|609000
8.575499612251363|610000
8.575499612251363|611000
8.575499612251363|612000
8.575499612251363|613000
8.575499612251363|614000
8.575499612251363|615000
8.575499612251363|616000
8.575499612251363|617000
8.575499612251363|618000
8.575499612251363|619000
8.575499612251363|620000
8.575499612251363|621000
8.575499612251363|622000
8.575499612251363|623000
8.575499612251363|624000
8.575499612251363|625000
8.575499612251363|626000
8.575499612251363|627000
8.575499612251363|628000
8.575499612251363|629000
8.575499612251363|630000
8.575499612251363|631000
8.575499612251363|632000
8.575499612251363|633000
8.575499612251363|634000
8.575499612251363|635000
8.575499612251363|636000
8.575499612251363|637000
8.575499612251363|638000
8.575499612251363|639000
8.575499612251363|640000
8.575499612251363|641000
8.575499612251363|642000
8.575499612251363|643000
8.575499612251363|644000
8.575499612251363|645000
8.575499612251363|646000
8.575499612251363|647000
8.575499612251363|648000
8.575499612251363|649000
8.575499612251363|650000
8.575499612251363|651000
8.575499612251363|652000
8.575499612251363|653000
8.575499612251363|654000
8.575499612251363|655000
8.575499612251363|656000
8.575499612251363|657000
8.575499612251363|658000
8.575499612251363|659000
8.575499612251363|660000
8.575499612251363|661000
8.575499612251363|662000
8.575499612251363|663000
8.575499612251363|664000
8.575499612251363|665000
8.575499612251363|666000
8.575499612251363|667000
8.575499612251363|668000
8.575499612251363|669000
8.575499612251363|670000
8.575499612251363|671000
8.575499612251363|672000
8.575499612251363|673000
8.575499612251363|674000
8.575499612251363|675000
8.575499612251363|676000
8.575499612251363|677000
8.575499612251363|678000
8.575499612251363|679000
8.575499612251363|680000
8.575499612251363|681000
8.575499612251363|682000
8.575499612251363|683000
8.575499612251363|684000
8.575499612251363|685000
8.575499612251363|686000
8.575499612251363|687000
8.575499612251363|688000
8.575499612251363|689000
8.575499612251363|690000
8.575499612251363|691000
8.575499612251363|692000
8.575499612251363|693000
8.575499612251363|694000
8.575499612251363|695000
8.575499612251363|696000
8.575499612251363|697000
8.575499612251363|698000
8.575499612251363|699000
8.575499612251363|700000
8.575499612251363|701000
8.575499612251363|702000
8.575499612251363|703000
8.575499612251363|704000
8.575499612251363|705000
8.575499612251363|706000
8.575499612251363|707000
8.575499612251363|708000
8.575499612251363|709000
8.575499612251363|710000
8.575499612251363|711000
8.575499612251363|712000
8.575499612251363|713000
8.575499612251363|714000
8.575499612251363|715000
8.575499612251363|716000
8.575499612251363|717000
8.575499612251363|718000
8.575499612251363|719000
8.575499612251363|720000
8.575499612251363|721000
8.575499612251363|722000
8.575499612251363|723000
8.575499612251363|724000
8.575499612251363|725000
8.575499612251363|726000
8.575499612251363|727000
8.575499612251363|728000
8.575499612251363|729000
8.575499612251363|730000
8.575499612251363|731000
8.575499612251363|732000
8.575499612251363|733000
8.575499612251363|734000
8.575499612251363|735000
8.575499612251363|736000
8.575499612251363|737000
8.575499612251363|738000
8.575499612251363|739000
8.575499612251363|740000
8.575499612251363|741000
8.575499612251363|742000
8.575499612251363|743000
8.575499612251363|744000
8.575499612251363|745000
8.575499612251363|746000
8.575499612251363|747000
8.575499612251363|748000
8.575499612251363|749000
8.575499612251363|750000
8.575499612251363|751000
8.575499612251363|752000
8.575499612251363|753000
8.575499612251363|754000
8.575499612251363|755000
8.575499612251363|756000
8.575499612251363|757000
8.575499612251363|758000
8.575499612251363|759000
8.575499612251363|760000
8.575499612251363|761000
8.575499612251363|762000
8.575499612251363|763000
8.575499612251363|764000
8.575499612251363|765000
8.575499612251363|766000
8.575499612251363|767000
8.575499612251363|768000
8.575499612251363|769000
8.575499612251363|770000
8.575499612251363|771000
8.575499612251363|772000
8.575499612251363|773000
8.575499612251363|774000
8.575499612251363|775000
8.575499612251363|776000
8.575499612251363|777000
8.575499612251363|778000
8.575499612251363|779000
8.575499612251363|780000
8.575499612251363|781000
8.575499612251363|782000
8.575499612251363|783000
8.575499612251363|784000
8.575499612251363|785000
8.575499612251363|786000
8.575499612251363|787000
8.575499612251363|788000
8.575499612251363|789000
8.575499612251363|790000
8.575499612251363|791000
8.575499612251363|792000
8.575499612251363|793000
8.575499612251363|794000
8.575499612251363|795000
8.575499612251363|796000
8.575499612251363|797000
8.575499612251363|798000
8.575499612251363|799000
8.575499612251363|800000
8.575499612251363|801000
8.575499612251363|802000
8.575499612251363|803000
8.575499612251363|804000
8.575499612251363|805000
8.575499612251363|806000
8.575499612251363|807000
8.575499612251363|808000
8.575499612251363|809000
8.575499612251363|810000
8.575499612251363|811000
8.575499612251363|812000
8.575499612251363|813000
8.575499612251363|814000
8.575499612251363|815000
8.575499612251363|816000
8.575499612251363|817000
8.575499612251363|818000
8.575499612251363|819000
8.575499612251363|820000
8.575499612251363|821000
8.575499612251363|822000
8.575499612251363|823000
8.575499612251363|824000
8.575499612251363|825000
8.575499612251363|826000
8.575499612251363|827000
8.575499612251363|828000
8.575499612251363|829000
8.575499612251363|830000
8.575499612251363|831000
8.575499612251363|832000
8.575499612251363|833000
8.575499612251363|834000
8.575499612251363|835000
8.575499612251363|836000
8.575499612251363|837000
8.575499612251363|838000
8.575499612251363|839000
8.575499612251363|840000
8.575499612251363|841000
8.575499612251363|842000
8.575499612251363|843000
8.575499612251363|844000
8.575499612251363|845000
8.575499612251363|846000
8.575499612251363|847000
8.575499612251363|848000
8.575499612251363|849000
8.575499612251363|850000
8.575499612251363|851000
8.575499612251363|852000
8.575499612251363|853000
8.575499612251363|854000
8.575499612251363|855000
8.575499612251363|856000
8.575499612251363|857000
8.575499612251363|858000
8.575499612251363|859000
8.575499612251363|860000
8.575499612251363|861000
8.575499612251363|862000
8.575499612251363|863000
8.575499612251363|864000
8.575499612251363|865000
8.575499612251363|866000
8.575499612251363|867000
8.575499612251363|868000
8.575499612251363|869000
8.575499612251363|870000
8.575499612251363|871000
8.575499612251363|872000
8.575499612251363|873000
8.575499612251363|874000
8.575499612251363|875000
8.575499612251363|876000
8.575499612251363|877000
8.575499612251363|878000
8.575499612251363|879000
8.575499612251363|880000
8.575499612251363|881000
8.575499612251363|882000
8.575499612251363|883000
8.575499612251363|884000
8.575499612251363|885000
8.575499612251363|886000
8.575499612251363|887000
8.575499612251363|888000
8.575499612251363|889000
8.575499612251363|890000
8.575499612251363|891000
8.575499612251363|892000
8.575499612251363|893000
8.575499612251363|894000
8.575499612251363|895000
8.575499612251363|896000
8.575499612251363|897000
8.575499612251363|898000
8.575499612251363|899000
8.575499612251363|900000
8.575499612251363|901000
8.575499612251363|902000
8.575499612251363|903000
8.575499612251363|904000
8.575499612251363|905000
8.575499612251363|906000
8.575499612251363|907000
8.575499612251363|908000
8.575499612251363|909000
8.575499612251363|910000
8.575499612251363|911000
8.575499612251363|912000
8.575499612251363|913000
8.575499612251363|914000
8.575499612251363|915000
8.575499612251363|916000
8.575499612251363|917000
8.575499612251363|918000
8.575499612251363|919000
8.575499612251363|920000
8.575499612251363|921000
8.575499612251363|922000
8.575499612251363|923000
8.575499612251363|924000
8.575499612251363|925000
8.575499612251363|926000
8.575499612251363|927000
8.575499612251363|928000
8.575499612251363|929000
8.575499612251363|930000
8.575499612251363|931000
8.575499612251363|932000
8.575499612251363|933000
8.575499612251363|934000
8.575499612251363|935000
8.575499612251363|936000
8.575499612251363|937000
8.575499612251363|938000
8.575499612251363|939000
8.575499612251363|940000
8.575499612251363|941000
8.575499612251363|942000
8.575499612251363|943000
8.575499612251363|944000
8.575499612251363|945000
8.575499612251363|946000
8.575499612251363|947000
8.575499612251363|948000
8.575499612251363|949000
8.575499612251363|950000
8.575499612251363|951000
8.575499612251363|952000
8.575499612251363|953000
8.575499612251363|954000
8.575499612251363|955000
8.575499612251363|956000
8.575499612251363|957000
8.575499612251363|958000
8.575499612251363|959000
8.575499612251363|960000
8.575499612251363|961000
8.575499612251363|962000
8.575499612251363|963000
8.575499612251363|964000
8.575499612251363|965000
8.575499612251363|966000
8.575499612251363|967000
8.575499612251363|968000
8.575499612251363|969000
8.575499612251363|970000
8.575499612251363|971000
8.575499612251363|972000
8.575499612251363|973000
8.575499612251363|974000
8.575499612251363|975000
8.575499612251363|976000
8.575499612251363|977000
8.575499612251363|978000
8.575499612251363|979000
8.575499612251363|980000
8.575499612251363|981000
8.575499612251363|982000
8.575499612251363|983000
8.575499612251363|984000
8.575499612251363|985000
8.575499612251363|986000
8.575499612251363|987000
8.575499612251363|988000
8.575499612251363|989000
8.575499612251363|990000
8.575499612251363|991000
8.575499612251363|992000
8.575499612251363|993000
8.575499612251363|994000
8.575499612251363|995000
8.575499612251363|996000
8.575499612251363|997000
8.575499612251363|998000
8.575499612251363|999000
8.575499612251363|1000000
