21.356697174479805|2000
20.808102516480172|3000
20.299816122973187|4000
20.264485944335473|5000
19.56044109521499|6000
19.49534213436835|7000
19.03122351335889|8000
18.620249183261492|9000
18.311843816041666|10000
18.311843816041666|11000
17.611198425488965|12000
17.611198425488965|13000
17.02436626307842|14000
16.619573048847705|15000
16.619573048847705|16000
16.433344765517678|17000
16.409449253945763|18000
16.302514200290464|19000
15.819244508050732|20000
15.763068670648796|21000
15.506846879277578|22000
15.36964693429726|23000
15.244990338308245|24000
15.244990338308245|25000
14.843241958277309|26000
14.763467268559713|27000
14.289989116748202|28000
14.289989116748202|29000
14.289989116748202|30000
14.109052736909423|31000
14.109052736909423|32000
13.792961240125004|33000
13.697439069814115|34000
13.471471639445154|35000
13.380310036443689|36000
12.951039996734874|37000
12.951039996734874|38000
12.951039996734874|39000
12.75933894899198|40000
12.741076285685224|41000
12.624037291763218|42000
12.553811191258955|43000
12.410590469744378|44000
12.410590469744378|45000
12.12743114341833|46000
12.12743114341833|47000
12.12743114341833|48000
12.001488534596257|49000
12.001488534596257|50000
11.963900055014385|51000
11.903621285611843|52000
11.807956266503192|53000
11.807956266503192|54000
11.807956266503192|55000
11.690773619930273|56000
11.584146408696707|57000
11.584146408696707|58000
11.584146408696707|59000
11.537554534912193|60000
11.52244125561735|61000
11.21975288832114|62000
11.21975288832114|63000
11.153360786758796|64000
11.153360786758796|65000
11.012550396230615|66000
11.012550396230615|67000
10.959421016815952|68000
10.959421016815952|69000
10.959421016815952|70000
10.959421016815952|71000
10.87580212045922|72000
10.798470185771537|73000
10.625142744086752|74000
10.625142744086752|75000
10.625142744086752|76000
10.548971177943605|77000
10.548971177943605|78000
10.26493540206643|79000
10.26493540206643|80000
10.26493540206643|81000
10.26493540206643|82000
10.252468180079317|83000
10.110474577481599|84000
10.057732909975904|85000
10.057732909975904|86000
9.903272085391073|87000
9.903272085391073|88000
9.86619688190886|89000
9.86619688190886|90000
9.86619688190886|91000
9.857509435056942|92000
9.852029724602938|93000
9.832544138067469|94000
9.670562430666338|95000
9.670562430666338|96000
9.670562430666338|97000
9.670562430666338|98000
9.670562430666338|99000
9.581535375279433|100000
9.57279737703224|101000
9.57279737703224|102000
9.57279737703224|103000
9.57279737703224|104000
9.57279737703224|105000
9.57279737703224|106000
9.553772262644834|107000
9.52742556235776|108000
9.483770321645332|109000
9.483770321645332|110000
9.483770321645332|111000
9.432067002496732|112000
9.432067002496732|113000
9.432067002496732|114000
9.432067002496732|115000
9.432067002496732|116000
9.432067002496732|117000
9.432067002496732|118000
9.419615612851466|119000
9.380049921312255|120000
9.380049921312255|121000
9.380049921312255|122000
9.380049921312255|123000
9.380049921312255|124000
9.380049921312255|125000
9.361494101764302|126000
9.361494101764302|127000
9.361494101764302|128000
9.350683110995975|129000
9.350683110995975|130000
9.350683110995975|131000
9.347157636687939|132000
9.339495734266423|133000
9.339495734266423|134000
9.339495734266423|135000
9.335886112889925|136000
9.321680071419406|137000
9.310492694689854|138000
9.310492694689854|139000
9.310492694689854|140000
9.310492694689854|141000
9.306883073313356|142000
9.306883073313356|143000
9.306883073313356|144000
8.894133712381873|145000
8.894133712381873|146000
8.894133712381873|147000
8.894133712381873|148000
8.894133712381873|149000
8.894133712381873|150000
8.894133712381873|151000
8.894133712381873|152000
8.793806713064255|153000
8.793806713064255|154000
8.793806713064255|155000
8.793806713064255|156000
8.793806713064255|157000
8.793806713064255|158000
8.793806713064255|159000
8.793806713064255|160000
8.793806713064255|161000
8.793806713064255|162000
8.782619336334704|163000
8.756737646062144|164000
8.756737646062144|165000
8.756737646062144|166000
8.756737646062144|167000
8.756737646062144|168000
8.745550269332591|169000
8.745550269332591|170000
8.745550269332591|171000
8.745550269332591|172000
8.745550269332591|173000
8.745550269332591|174000
8.745550269332591|175000
8.741940647956094|176000
8.741940647956094|177000
8.741940647956094|178000
8.741940647956094|179000
8.741940647956094|180000
8.741940647956094|181000
8.741940647956094|182000
8.741940647956094|183000
8.741940647956094|184000
8.741940647956094|185000
8.741940647956094|186000
8.741940647956094|187000
8.741940647956094|188000
8.741940647956094|189000
8.741940647956094|190000
8.741940647956094|191000
8.741940647956094|192000
8.741940647956094|193000
8.741940647956094|194000
8.741940647956094|195000
8.741940647956094|196000
8.741940647956094|197000
8.741940647956094|198000
8.741940647956094|199000
8.741940647956094|200000
8.741940647956094|201000
8.741940647956094|202000
8.741940647956094|203000
8.741940647956094|204000
8.741940647956094|205000
8.741940647956094|206000
8.741940647956094|207000
8.741940647956094|208000
8.741940647956094|209000
8.741940647956094|210000
8.741940647956094|211000
8.741940647956094|212000
8.741940647956094|213000
8.741940647956094|214000
8.741940647956094|215000
8.741940647956094|216000
8.741940647956094|217000
8.741940647956094|218000
8.741940647956094|219000
8.741940647956094|220000
8.741940647956094|221000
8.741940647956094|222000
8.741940647956094|223000
8.741940647956094|224000
8.741940647956094|225000
8.741940647956094|226000
8.741940647956094|227000
8.741940647956094|228000
8.741940647956094|229000
8.741940647956094|230000
8.741940647956094|231000
8.741940647956094|232000
8.741940647956094|233000
8.741940647956094|234000
8.741940647956094|235000
8.741940647956094|236000
8.741940647956094|237000
8.741940647956094|238000
8.741940647956094|239000
8.741940647956094|240000
8.741940647956094|241000
8.741940647956094|242000
8.741940647956094|243000
8.741940647956094|244000
8.741940647956094|245000
8.741940647956094|246000
8.741940647956094|247000
8.741940647956094|248000
8.741940647956094|249000
8.741940647956094|250000
8.741940647956094|251000
8.741940647956094|252000
8.741940647956094|253000
8.741940647956094|254000
8.741940647956094|255000
8.741940647956094|256000
8.741940647956094|257000
8.741940647956094|258000
8.741940647956094|259000
8.741940647956094|260000
8.741940647956094|261000
8.741940647956094|262000
8.741940647956094|263000
8.741940647956094|264000
8.741940647956094|265000
8.741940647956094|266000
8.741940647956094|267000
8.741940647956094|268000
8.741940647956094|269000
8.741940647956094|270000
8.741940647956094|271000
8.741940647956094|272000
8.741940647956094|273000
8.741940647956094|274000
8.741940647956094|275000
8.741940647956094|276000
8.741940647956094|277000
8.741940647956094|278000
8.741940647956094|279000
8.741940647956094|280000
8.741940647956094|281000
8.741940647956094|282000
8.741940647956094|283000
8.741940647956094|284000
8.741940647956094|285000
8.741940647956094|286000
8.741940647956094|287000
8.741940647956094|288000
8.741940647956094|289000
8.741940647956094|290000
8.741940647956094|291000
8.741940647956094|292000
8.741940647956094|293000
8.741940647956094|294000
8.741940647956094|295000
8.741940647956094|296000
8.741940647956094|297000
8.741940647956094|298000
8.741940647956094|299000
8.741940647956094|300000
8.741940647956094|301000
8.741940647956094|302000
8.741940647956094|303000
8.741940647956094|304000
8.741940647956094|305000
8.741940647956094|306000
8.741940647956094|307000
8.741940647956094|308000
8.741940647956094|309000
8.741940647956094|310000
8.741940647956094|311000
8.741940647956094|312000
8.741940647956094|313000
8.741940647956094|314000
8.741940647956094|315000
8.741940647956094|316000
8.741940647956094|317000
8.741940647956094|318000
8.741940647956094|319000
8.741940647956094|320000
8.741940647956094|321000
8.741940647956094|322000
8.741940647956094|323000
8.741940647956094|324000
8.741940647956094|325000
8.741940647956094|326000
8.741940647956094|327000
8.741940647956094|328000
8.741940647956094|329000
8.741940647956094|330000
8.741940647956094|331000
8.741940647956094|332000
8.741940647956094|333000
8.741940647956094|334000
8.741940647956094|335000
8.741940647956094|336000
8.741940647956094|337000
8.741940647956094|338000
8.741940647956094|339000
8.741940647956094|340000
8.741940647956094|341000
8.741940647956094|342000
8.741940647956094|343000
8.741940647956094|344000
8.741940647956094|345000
8.741940647956094|346000
8.741940647956094|347000
8.741940647956094|348000
8.741940647956094|349000
8.741940647956094|350000
8.741940647956094|351000
8.741940647956094|352000
8.741940647956094|353000
8.741940647956094|354000
8.741940647956094|355000
8.741940647956094|356000
8.741940647956094|357000
8.741940647956094|358000
8.741940647956094|359000
8.741940647956094|360000
8.741940647956094|361000
8.741940647956094|362000
8.741940647956094|363000
8.741940647956094|364000
8.741940647956094|365000
8.741940647956094|366000
8.741940647956094|367000
8.741940647956094|368000
8.741940647956094|369000
8.741940647956094|370000
8.741940647956094|371000
8.741940647956094|372000
8.741940647956094|373000
8.741940647956094|374000
8.741940647956094|375000
8.741940647956094|376000
8.741940647956094|377000
8.741940647956094|378000
8.741940647956094|379000
8.741940647956094|380000
8.741940647956094|381000
8.741940647956094|382000
8.741940647956094|383000
8.741940647956094|384000
8.741940647956094|385000
8.741940647956094|386000
8.741940647956094|387000
8.741940647956094|388000
8.741940647956094|389000
8.741940647956094|390000
8.741940647956094|391000
8.741940647956094|392000
8.741940647956094|393000
8.741940647956094|394000
8.741940647956094|395000
8.741940647956094|396000
8.741940647956094|397000
8.741940647956094|398000
8.741940647956094|399000
8.741940647956094|400000
8.741940647956094|401000
8.741940647956094|402000
8.741940647956094|403000
8.741940647956094|404000
8.741940647956094|405000
8.741940647956094|406000
8.741940647956094|407000
8.741940647956094|408000
8.741940647956094|409000
8.741940647956094|410000
8.741940647956094|411000
8.741940647956094|412000
8.741940647956094|413000
8.741940647956094|414000
8.741940647956094|415000
8.741940647956094|416000
8.741940647956094|417000
8.741940647956094|418000
8.741940647956094|419000
8.741940647956094|420000
8.741940647956094|421000
8.741940647956094|422000
8.741940647956094|423000
8.741940647956094|424000
8.741940647956094|425000
8.741940647956094|426000
8.741940647956094|427000
8.741940647956094|428000
8.741940647956094|429000
8.741940647956094|430000
8.741940647956094|431000
8.741940647956094|432000
8.741940647956094|433000
8.741940647956094|434000
8.741940647956094|435000
8.741940647956094|436000
8.741940647956094|437000
8.741940647956094|438000
8.741940647956094|439000
8.741940647956094|440000
8.741940647956094|441000
8.741940647956094|442000
8.741940647956094|443000
8.741940647956094|444000
8.741940647956094|445000
8.741940647956094|446000
8.741940647956094|447000
8.741940647956094|448000
8.741940647956094|449000
8.741940647956094|450000
8.741940647956094|451000
8.741940647956094|452000
8.741940647956094|453000
8.741940647956094|454000
8.741940647956094|455000
8.741940647956094|456000
8.741940647956094|457000
8.741940647956094|458000
8.741940647956094|459000
8.741940647956094|460000
8.741940647956094|461000
8.741940647956094|462000
8.741940647956094|463000
8.741940647956094|464000
8.741940647956094|465000
8.741940647956094|466000
8.741940647956094|467000
8.741940647956094|468000
8.741940647956094|469000
8.741940647956094|470000
8.741940647956094|471000
8.741940647956094|472000
8.741940647956094|473000
8.741940647956094|474000
8.741940647956094|475000
8.741940647956094|476000
8.741940647956094|477000
8.741940647956094|478000
8.741940647956094|479000
8.741940647956094|480000
8.741940647956094|481000
8.741940647956094|482000
8.741940647956094|483000
8.741940647956094|484000
8.741940647956094|485000
8.741940647956094|486000
8.741940647956094|487000
8.741940647956094|488000
8.741940647956094|489000
8.741940647956094|490000
8.741940647956094|491000
8.741940647956094|492000
8.741940647956094|493000
8.741940647956094|494000
8.741940647956094|495000
8.741940647956094|496000
8.741940647956094|497000
8.741940647956094|498000
8.741940647956094|499000
8.741940647956094|500000
8.741940647956094|501000
8.741940647956094|502000
8.741940647956094|503000
8.741940647956094|504000
8.741940647956094|505000
8.741940647956094|506000
8.741940647956094|507000
8.741940647956094|508000
8.741940647956094|509000
8.741940647956094|510000
8.741940647956094|511000
8.741940647956094|512000
8.741940647956094|513000
8.741940647956094|514000
8.741940647956094|515000
8.741940647956094|516000
8.741940647956094|517000
8.741940647956094|518000
8.741940647956094|519000
8.741940647956094|520000
8.741940647956094|521000
8.741940647956094|522000
8.741940647956094|523000
8.741940647956094|524000
8.741940647956094|525000
8.741940647956094|526000
8.741940647956094|527000
8.741940647956094|528000
8.741940647956094|529000
8.741940647956094|530000
8.741940647956094|531000
8.741940647956094|532000
8.741940647956094|533000
8.741940647956094|534000
8.741940647956094|535000
8.741940647956094|536000
8.741940647956094|537000
8.741940647956094|538000
8.741940647956094|539000
8.741940647956094|540000
8.741940647956094|541000
8.741940647956094|542000
8.741940647956094|543000
8.741940647956094|544000
8.741940647956094|545000
8.741940647956094|546000
8.741940647956094|547000
8.741940647956094|548000
8.741940647956094|549000
8.741940647956094|550000
8.741940647956094|551000
8.741940647956094|552000
8.741940647956094|553000
8.741940647956094|554000
8.741940647956094|555000
8.741940647956094|556000
8.741940647956094|557000
8.741940647956094|558000
8.741940647956094|559000
8.741940647956094|560000
8.741940647956094|561000
8.741940647956094|562000
8.741940647956094|563000
8.741940647956094|564000
8.741940647956094|565000
8.741940647956094|566000
8.741940647956094|567000
8.741940647956094|568000
8.741940647956094|569000
8.741940647956094|570000
8.741940647956094|571000
8.741940647956094|572000
8.741940647956094|573000
8.741940647956094|574000
8.741940647956094|575000
8.741940647956094|576000
8.741940647956094|577000
8.741940647956094|578000
8.741940647956094|579000
8.741940647956094|580000
8.741940647956094|581000
8.741940647956094|582000
8.741940647956094|583000
8.741940647956094|584000
8.741940647956094|585000
8.741940647956094|586000
8.741940647956094|587000
8.741940647956094|588000
8.741940647956094|589000
8.741940647956094|590000
8.741940647956094|591000
8.741940647956094|592000
8.741940647956094|593000
8.741940647956094|594000
8.741940647956094|595000
8.741940647956094|596000
8.741940647956094|597000
8.741940647956094|598000
8.741940647956094|599000
8.741940647956094|600000
8.741940647956094|601000
8.741940647956094|602000
8.741940647956094|603000
8.741940647956094|604000
8.741940647956094|605000
8.741940647956094|606000
8.741940647956094|607000
8.741940647956094|608000
8.741940647956094|609000
8.741940647956094|610000
8.741940647956094|611000
8.741940647956094|612000
8.741940647956094|613000
8.741940647956094|614000
8.741940647956094|615000
8.741940647956094|616000
8.741940647956094|617000
8.741940647956094|618000
8.741940647956094|619000
8.741940647956094|620000
8.741940647956094|621000
8.741940647956094|622000
8.741940647956094|623000
8.741940647956094|624000
8.741940647956094|625000
8.741940647956094|626000
8.741940647956094|627000
8.741940647956094|628000
8.741940647956094|629000
8.741940647956094|630000
8.741940647956094|631000
8.741940647956094|632000
8.741940647956094|633000
8.741940647956094|634000
8.741940647956094|635000
8.741940647956094|636000
8.741940647956094|637000
8.741940647956094|638000
8.741940647956094|639000
8.741940647956094|640000
8.741940647956094|641000
8.741940647956094|642000
8.741940647956094|643000
8.741940647956094|644000
8.741940647956094|645000
8.741940647956094|646000
8.741940647956094|647000
8.741940647956094|648000
8.741940647956094|649000
8.741940647956094|650000
8.741940647956094|651000
8.741940647956094|652000
8.741940647956094|653000
8.741940647956094|654000
8.741940647956094|655000
8.741940647956094|656000
8.741940647956094|657000
8.741940647956094|658000
8.741940647956094|659000
8.741940647956094|660000
8.741940647956094|661000
8.741940647956094|662000
8.741940647956094|663000
8.741940647956094|664000
8.741940647956094|665000
8.741940647956094|666000
8.741940647956094|667000
8.741940647956094|668000
8.741940647956094|669000
8.741940647956094|670000
8.741940647956094|671000
8.741940647956094|672000
8.741940647956094|673000
8.741940647956094|674000
8.741940647956094|675000
8.741940647956094|676000
8.741940647956094|677000
8.741940647956094|678000
8.741940647956094|679000
8.741940647956094|680000
8.741940647956094|681000
8.741940647956094|682000
8.741940647956094|683000
8.741940647956094|684000
8.741940647956094|685000
8.741940647956094|686000
8.741940647956094|687000
8.741940647956094|688000
8.741940647956094|689000
8.741940647956094|690000
8.741940647956094|691000
8.741940647956094|692000
8.741940647956094|693000
8.741940647956094|694000
8.741940647956094|695000
8.741940647956094|696000
8.741940647956094|697000
8.741940647956094|698000
8.741940647956094|699000
8.741940647956094|700000
8.741940647956094|701000
8.741940647956094|702000
8.741940647956094|703000
8.741940647956094|704000
8.741940647956094|705000
8.741940647956094|706000
8.741940647956094|707000
8.741940647956094|708000
8.741940647956094|709000
8.741940647956094|710000
8.741940647956094|711000
8.741940647956094|712000
8.741940647956094|713000
8.741940647956094|714000
8.741940647956094|715000
8.741940647956094|716000
8.741940647956094|717000
8.741940647956094|718000
8.741940647956094|719000
8.741940647956094|720000
8.741940647956094|721000
8.741940647956094|722000
8.741940647956094|723000
8.741940647956094|724000
8.741940647956094|725000
8.741940647956094|726000
8.741940647956094|727000
8.741940647956094|728000
8.741940647956094|729000
8.741940647956094|730000
8.741940647956094|731000
8.741940647956094|732000
8.741940647956094|733000
8.741940647956094|734000
8.741940647956094|735000
8.741940647956094|736000
8.741940647956094|737000
8.741940647956094|738000
8.741940647956094|739000
8.741940647956094|740000
8.741940647956094|741000
8.741940647956094|742000
8.741940647956094|743000
8.741940647956094|744000
8.741940647956094|745000
8.741940647956094|746000
8.741940647956094|747000
8.741940647956094|748000
8.741940647956094|749000
8.741940647956094|750000
8.741940647956094|751000
8.741940647956094|752000
8.741940647956094|753000
8.741940647956094|754000
8.741940647956094|755000
8.741940647956094|756000
8.741940647956094|757000
8.741940647956094|758000
8.741940647956094|759000
8.741940647956094|760000
8.741940647956094|761000
8.741940647956094|762000
8.741940647956094|763000
8.741940647956094|764000
8.741940647956094|765000
8.741940647956094|766000
8.741940647956094|767000
8.741940647956094|768000
8.741940647956094|769000
8.741940647956094|770000
8.741940647956094|771000
8.741940647956094|772000
8.741940647956094|773000
8.741940647956094|774000
8.741940647956094|775000
8.741940647956094|776000
8.741940647956094|777000
8.741940647956094|778000
8.741940647956094|779000
8.741940647956094|780000
8.741940647956094|781000
8.741940647956094|782000
8.741940647956094|783000
8.741940647956094|784000
8.741940647956094|785000
8.741940647956094|786000
8.741940647956094|787000
8.741940647956094|788000
8.741940647956094|789000
8.741940647956094|790000
8.741940647956094|791000
8.741940647956094|792000
8.741940647956094|793000
8.741940647956094|794000
8.741940647956094|795000
8.741940647956094|796000
8.741940647956094|797000
8.741940647956094|798000
8.741940647956094|799000
8.741940647956094|800000
8.741940647956094|801000
8.741940647956094|802000
8.741940647956094|803000
8.741940647956094|804000
8.741940647956094|805000
8.741940647956094|806000
8.741940647956094|807000
8.741940647956094|808000
8.741940647956094|809000
8.741940647956094|810000
8.741940647956094|811000
8.741940647956094|812000
8.741940647956094|813000
8.741940647956094|814000
8.741940647956094|815000
8.741940647956094|816000
8.741940647956094|817000
8.741940647956094|818000
8.741940647956094|819000
8.741940647956094|820000
8.741940647956094|821000
8.741940647956094|822000
8.741940647956094|823000
8.741940647956094|824000
8.741940647956094|825000
8.741940647956094|826000
8.741940647956094|827000
8.741940647956094|828000
8.741940647956094|829000
8.741940647956094|830000
8.741940647956094|831000
8.741940647956094|832000
8.741940647956094|833000
8.741940647956094|834000
8.741940647956094|835000
8.741940647956094|836000
8.741940647956094|837000
8.741940647956094|838000
8.741940647956094|839000
8.741940647956094|840000
8.741940647956094|841000
8.741940647956094|842000
8.741940647956094|843000
8.741940647956094|844000
8.741940647956094|845000
8.741940647956094|846000
8.741940647956094|847000
8.741940647956094|848000
8.741940647956094|849000
8.741940647956094|850000
8.741940647956094|851000
8.741940647956094|852000
8.741940647956094|853000
8.741940647956094|854000
8.741940647956094|855000
8.741940647956094|856000
8.741940647956094|857000
8.741940647956094|858000
8.741940647956094|859000
8.741940647956094|860000
8.741940647956094|861000
8.741940647956094|862000
8.741940647956094|863000
8.741940647956094|864000
8.741940647956094|865000
8.741940647956094|866000
8.741940647956094|867000
8.741940647956094|868000
8.741940647956094|869000
8.741940647956094|870000
8.741940647956094|871000
8.741940647956094|872000
8.741940647956094|873000
8.741940647956094|874000
8.741940647956094|875000
8.741940647956094|876000
8.741940647956094|877000
8.741940647956094|878000
8.741940647956094|879000
8.741940647956094|880000
8.741940647956094|881000
8.741940647956094|882000
8.741940647956094|883000
8.741940647956094|884000
8.741940647956094|885000
8.741940647956094|886000
8.741940647956094|887000
8.741940647956094|888000
8.741940647956094|889000
8.741940647956094|890000
8.741940647956094|891000
8.741940647956094|892000
8.741940647956094|893000
8.741940647956094|894000
8.741940647956094|895000
8.741940647956094|896000
8.741940647956094|897000
8.741940647956094|898000
8.741940647956094|899000
8.741940647956094|900000
8.741940647956094|901000
8.741940647956094|902000
8.741940647956094|903000
8.741940647956094|904000
8.741940647956094|905000
8.741940647956094|906000
8.741940647956094|907000
8.741940647956094|908000
8.741940647956094|909000
8.741940647956094|910000
8.741940647956094|911000
8.741940647956094|912000
8.741940647956094|913000
8.741940647956094|914000
8.741940647956094|915000
8.741940647956094|916000
8.741940647956094|917000
8.741940647956094|918000
8.741940647956094|919000
8.741940647956094|920000
8.741940647956094|921000
8.741940647956094|922000
8.741940647956094|923000
8.741940647956094|924000
8.741940647956094|925000
8.741940647956094|926000
8.741940647956094|927000
8.741940647956094|928000
8.741940647956094|929000
8.741940647956094|930000
8.741940647956094|931000
8.741940647956094|932000
8.741940647956094|933000
8.741940647956094|934000
8.741940647956094|935000
8.741940647956094|936000
8.741940647956094|937000
8.741940647956094|938000
8.741940647956094|939000
8.741940647956094|940000
8.741940647956094|941000
8.741940647956094|942000
8.741940647956094|943000
8.741940647956094|944000
8.741940647956094|945000
8.741940647956094|946000
8.741940647956094|947000
8.741940647956094|948000
8.741940647956094|949000
8.741940647956094|950000
8.741940647956094|951000
8.741940647956094|952000
8.741940647956094|953000
8.741940647956094|954000
8.741940647956094|955000
8.741940647956094|956000
8.741940647956094|957000
8.741940647956094|958000
8.741940647956094|959000
8.741940647956094|960000
8.741940647956094|961000
8.741940647956094|962000
8.741940647956094|963000
8.741940647956094|964000
8.741940647956094|965000
8.741940647956094|966000
8.741940647956094|967000
8.741940647956094|968000
8.741940647956094|969000
8.741940647956094|970000
8.741940647956094|971000
8.741940647956094|972000
8.741940647956094|973000
8.741940647956094|974000
8.741940647956094|975000
8.741940647956094|976000
8.741940647956094|977000
8.741940647956094|978000
8.741940647956094|979000
8.741940647956094|980000
8.741940647956094|981000
8.741940647956094|982000
8.741940647956094|983000
8.741940647956094|984000
8.741940647956094|985000
8.741940647956094|986000
8.741940647956094|987000
8.741940647956094|988000
8.741940647956094|989000
8.741940647956094|990000
8.741940647956094|991000
8.741940647956094|992000
8.741940647956094|993000
8.741940647956094|994000
8.741940647956094|995000
8.741940647956094|996000
8.741940647956094|997000
8.741940647956094|998000
8.741940647956094|999000
8.741940647956094|1000000
