21.59299706387803|2000
20.372938246354366|3000
20.372938246354366|4000
20.372938246354366|5000
19.720618987104935|6000
19.304225208065787|7000
18.92232707514559|8000
18.08886540005757|9000
18.054041605196232|10000
17.39913880792691|11000
17.35238964565699|12000
17.07193139872669|13000
15.97565124339864|14000
15.97565124339864|15000
15.97565124339864|16000
15.97565124339864|17000
15.865369387331157|18000
15.469290572026724|19000
15.352845668025417|20000
15.00967341465895|21000
14.572045353997925|22000
14.376774384854404|23000
14.376774384854404|24000
14.376774384854404|25000
14.16160474433369|26000
14.090416405436056|27000
14.065009424482165|28000
13.882380558533272|29000
13.791704438194953|30000
13.774718810585187|31000
13.15999939352103|32000
13.15999939352103|33000
13.15999939352103|34000
13.109322742771562|35000
13.109322742771562|36000
12.872259545952458|37000
12.872259545952458|38000
12.755480295073083|39000
12.755480295073083|40000
12.549206933608355|41000
12.11811356177707|42000
12.11811356177707|43000
12.11811356177707|44000
12.030520777561838|45000
12.030520777561838|46000
12.030520777561838|47000
12.030520777561838|48000
11.91345900184826|49000
11.91345900184826|50000
11.792501150015575|51000
11.792501150015575|52000
11.774277925725267|53000
11.760154938312132|54000
11.644540931230951|55000
11.644540931230951|56000
11.644540931230951|57000
11.452058889136614|58000
11.452058889136614|59000
11.452058889136614|60000
11.452058889136614|61000
11.272717764220326|62000
11.272717764220326|63000
11.256465130059556|64000
11.256465130059556|65000
11.231632168173372|66000
11.034044110429882|67000
11.034044110429882|68000
11.034044110429882|69000
11.034044110429882|70000
11.013313878366978|71000
10.926886387352738|72000
10.926886387352738|73000
10.926886387352738|74000
10.861886635130253|75000
10.814043151279222|76000
10.814043151279222|77000
10.814043151279222|78000
10.706885428202074|79000
10.706885428202074|80000
10.706885428202074|81000
10.706885428202074|82000
10.706885428202074|83000
10.659041751944748|84000
10.625838603689767|85000
10.619251804559243|86000
10.619251804559243|87000
10.619251804559243|88000
10.588662393368665|89000
10.483138269519586|90000
10.483138269519586|91000
10.483138269519586|92000
10.483138269519586|93000
10.271186717338816|94000
10.271186717338816|95000
10.271186717338816|96000
10.271186717338816|97000
10.271186717338816|98000
10.271186717338816|99000
10.268788971334732|100000
10.25048013303403|101000
10.209432636769208|102000
10.209432636769208|103000
10.209432636769208|104000
10.209432636769208|105000
10.20311347125491|106000
10.20311347125491|107000
10.18310243757686|108000
10.108671527143834|109000
10.108671527143834|110000
10.108671527143834|111000
10.108671527143834|112000
10.108671527143834|113000
10.108671527143834|114000
10.034919214169888|115000
10.021037903501002|116000
10.021037903501002|117000
10.021037903501002|118000
9.966092789423506|119000
9.94034713169224|120000
9.94034713169224|121000
9.94034713169224|122000
9.923790074631912|123000
9.923790074631912|124000
9.923790074631912|125000
9.902383528347972|126000
9.902383528347972|127000
9.867275390029167|128000
9.867275390029167|129000
9.832325316969516|130000
9.832325316969516|131000
9.785949934806048|132000
9.785949934806048|133000
9.785949934806048|134000
9.785949934806048|135000
9.785949934806048|136000
9.785647109192054|137000
9.775261829797499|138000
9.755497107976772|139000
9.755497107976772|140000
9.755497107976772|141000
9.750607510838565|142000
9.640017655446004|143000
9.640017655446004|144000
9.640017655446004|145000
9.640017655446004|146000
9.61031399197724|147000
9.584212555539974|148000
9.584212555539974|149000
9.584212555539974|150000
9.57634099158485|151000
9.57634099158485|152000
9.57634099158485|153000
9.546637328116086|154000
9.546637328116086|155000
9.513498162431624|156000
9.513498162431624|157000
9.513498162431624|158000
9.513498162431624|159000
9.463106710883837|160000
9.463106710883837|161000
9.463106710883837|162000
9.463106710883837|163000
9.463106710883837|164000
9.463106710883837|165000
9.45786464071625|166000
9.45560647972141|167000
9.450443078475773|168000
9.450443078475773|169000
9.450443078475773|170000
9.433857805948167|171000
9.433857805948167|172000
9.42635757478574|173000
9.42635757478574|174000
9.42635757478574|175000
9.42635757478574|176000
9.42157742958882|177000
9.42157742958882|178000
9.411311543184842|179000
9.411311543184842|180000
9.40613896178929|181000
9.40613896178929|182000
9.40613896178929|183000
9.40613896178929|184000
9.39587307538531|185000
9.39587307538531|186000
9.39587307538531|187000
9.39587307538531|188000
9.39587307538531|189000
9.39587307538531|190000
9.39587307538531|191000
9.388316118634872|192000
9.388316118634872|193000
9.388316118634872|194000
9.388316118634872|195000
9.388316118634872|196000
9.388316118634872|197000
9.383074048467286|198000
9.383074048467286|199000
9.383074048467286|200000
9.383074048467286|201000
9.383074048467286|202000
9.383074048467286|203000
9.383074048467286|204000
9.383074048467286|205000
9.383074048467286|206000
9.383074048467286|207000
9.380676302463202|208000
9.380676302463202|209000
9.380676302463202|210000
9.322571579302108|211000
9.322571579302108|212000
9.322571579302108|213000
9.322571579302108|214000
9.322571579302108|215000
9.322571579302108|216000
9.322571579302108|217000
9.322571579302108|218000
9.322571579302108|219000
9.320173833298023|220000
9.320173833298023|221000
9.319909254942221|222000
9.319909254942221|223000
9.319909254942221|224000
9.319909254942221|225000
9.319909254942221|226000
9.319909254942221|227000
9.319909254942221|228000
9.317511508938136|229000
9.317511508938136|230000
9.317511508938136|231000
9.317511508938136|232000
9.317511508938136|233000
9.317511508938136|234000
9.317511508938136|235000
9.317511508938136|236000
9.317511508938136|237000
9.317511508938136|238000
9.317511508938136|239000
9.317511508938136|240000
9.317511508938136|241000
9.317511508938136|242000
9.317511508938136|243000
9.317511508938136|244000
9.317511508938136|245000
9.317511508938136|246000
9.317511508938136|247000
9.317511508938136|248000
9.317511508938136|249000
9.317511508938136|250000
9.317511508938136|251000
9.317511508938136|252000
9.317511508938136|253000
9.317511508938136|254000
9.317511508938136|255000
9.317511508938136|256000
9.317511508938136|257000
9.317511508938136|258000
9.317511508938136|259000
9.317511508938136|260000
9.317511508938136|261000
9.317511508938136|262000
9.317511508938136|263000
9.317511508938136|264000
9.317511508938136|265000
9.317511508938136|266000
9.317511508938136|267000
9.317511508938136|268000
9.317511508938136|269000
9.317511508938136|270000
9.317511508938136|271000
9.317511508938136|272000
9.317511508938136|273000
9.317511508938136|274000
9.317511508938136|275000
9.317511508938136|276000
9.317511508938136|277000
9.317511508938136|278000
9.317511508938136|279000
9.317511508938136|280000
9.317511508938136|281000
9.317511508938136|282000
9.317511508938136|283000
9.317511508938136|284000
9.317511508938136|285000
9.317511508938136|286000
9.317511508938136|287000
9.317511508938136|288000
9.317511508938136|289000
9.317511508938136|290000
9.317511508938136|291000
9.317511508938136|292000
9.317511508938136|293000
9.317511508938136|294000
9.317511508938136|295000
9.317511508938136|296000
9.317511508938136|297000
9.317511508938136|298000
9.317511508938136|299000
9.317511508938136|300000
9.317511508938136|301000
9.317511508938136|302000
9.317511508938136|303000
9.317511508938136|304000
9.317511508938136|305000
9.317511508938136|306000
9.317511508938136|307000
9.317511508938136|308000
9.317511508938136|309000
9.317511508938136|310000
9.317511508938136|311000
9.317511508938136|312000
9.317511508938136|313000
9.317511508938136|314000
9.317511508938136|315000
9.317511508938136|316000
9.317511508938136|317000
9.317511508938136|318000
9.317511508938136|319000
9.317511508938136|320000
9.317511508938136|321000
9.317511508938136|322000
9.317511508938136|323000
9.317511508938136|324000
9.317511508938136|325000
9.317511508938136|326000
9.317511508938136|327000
9.317511508938136|328000
9.317511508938136|329000
9.317511508938136|330000
9.317511508938136|331000
9.317511508938136|332000
9.317511508938136|333000
9.317511508938136|334000
9.317511508938136|335000
9.317511508938136|336000
9.317511508938136|337000
9.317511508938136|338000
9.317511508938136|339000
9.317511508938136|340000
9.317511508938136|341000
9.317511508938136|342000
9.317511508938136|343000
9.317511508938136|344000
9.317511508938136|345000
9.317511508938136|346000
9.317511508938136|347000
9.317511508938136|348000
9.317511508938136|349000
9.317511508938136|350000
9.317511508938136|351000
9.317511508938136|352000
9.317511508938136|353000
9.317511508938136|354000
9.317511508938136|355000
9.317511508938136|356000
9.317511508938136|357000
9.317511508938136|358000
9.317511508938136|359000
9.317511508938136|360000
9.317511508938136|361000
9.317511508938136|362000
9.317511508938136|363000
9.317511508938136|364000
9.317511508938136|365000
9.317511508938136|366000
9.317511508938136|367000
9.317511508938136|368000
9.317511508938136|369000
9.317511508938136|370000
9.317511508938136|371000
9.317511508938136|372000
9.317511508938136|373000
9.317511508938136|374000
9.317511508938136|375000
9.317511508938136|376000
9.317511508938136|377000
9.317511508938136|378000
9.317511508938136|379000
9.317511508938136|380000
9.317511508938136|381000
9.317511508938136|382000
9.317511508938136|383000
9.317511508938136|384000
9.317511508938136|385000
9.317511508938136|386000
9.317511508938136|387000
9.317511508938136|388000
9.317511508938136|389000
9.317511508938136|390000
9.317511508938136|391000
9.317511508938136|392000
9.317511508938136|393000
9.317511508938136|394000
9.317511508938136|395000
9.317511508938136|396000
9.317511508938136|397000
9.317511508938136|398000
9.317511508938136|399000
9.317511508938136|400000
9.317511508938136|401000
9.317511508938136|402000
9.317511508938136|403000
9.317511508938136|404000
9.317511508938136|405000
9.317511508938136|406000
9.317511508938136|407000
9.317511508938136|408000
9.317511508938136|409000
9.317511508938136|410000
9.317511508938136|411000
9.317511508938136|412000
9.317511508938136|413000
9.317511508938136|414000
9.317511508938136|415000
9.317511508938136|416000
9.317511508938136|417000
9.317511508938136|418000
9.317511508938136|419000
9.317511508938136|420000
9.317511508938136|421000
9.317511508938136|422000
9.317511508938136|423000
9.317511508938136|424000
9.317511508938136|425000
9.317511508938136|426000
9.317511508938136|427000
9.317511508938136|428000
9.317511508938136|429000
9.317511508938136|430000
9.317511508938136|431000
9.317511508938136|432000
9.317511508938136|433000
9.317511508938136|434000
9.317511508938136|435000
9.317511508938136|436000
9.317511508938136|437000
9.317511508938136|438000
9.317511508938136|439000
9.317511508938136|440000
9.317511508938136|441000
9.317511508938136|442000
9.317511508938136|443000
9.317511508938136|444000
9.317511508938136|445000
9.317511508938136|446000
9.317511508938136|447000
9.317511508938136|448000
9.317511508938136|449000
9.317511508938136|450000
9.317511508938136|451000
9.317511508938136|452000
9.317511508938136|453000
9.317511508938136|454000
9.317511508938136|455000
9.317511508938136|456000
9.317511508938136|457000
9.317511508938136|458000
9.317511508938136|459000
9.317511508938136|460000
9.317511508938136|461000
9.317511508938136|462000
9.317511508938136|463000
9.317511508938136|464000
9.317511508938136|465000
9.317511508938136|466000
9.317511508938136|467000
9.317511508938136|468000
9.317511508938136|469000
9.317511508938136|470000
9.317511508938136|471000
9.317511508938136|472000
9.317511508938136|473000
9.317511508938136|474000
9.317511508938136|475000
9.317511508938136|476000
9.317511508938136|477000
9.317511508938136|478000
9.317511508938136|479000
9.317511508938136|480000
9.317511508938136|481000
9.317511508938136|482000
9.317511508938136|483000
9.317511508938136|484000
9.317511508938136|485000
9.317511508938136|486000
9.317511508938136|487000
9.317511508938136|488000
9.317511508938136|489000
9.317511508938136|490000
9.317511508938136|491000
9.317511508938136|492000
9.317511508938136|493000
9.317511508938136|494000
9.317511508938136|495000
9.317511508938136|496000
9.317511508938136|497000
9.317511508938136|498000
9.317511508938136|499000
9.317511508938136|500000
9.317511508938136|501000
9.317511508938136|502000
9.317511508938136|503000
9.317511508938136|504000
9.317511508938136|505000
9.317511508938136|506000
9.317511508938136|507000
9.317511508938136|508000
9.317511508938136|509000
9.317511508938136|510000
9.317511508938136|511000
9.317511508938136|512000
9.317511508938136|513000
9.317511508938136|514000
9.317511508938136|515000
9.317511508938136|516000
9.317511508938136|517000
9.317511508938136|518000
9.317511508938136|519000
9.317511508938136|520000
9.317511508938136|521000
9.317511508938136|522000
9.317511508938136|523000
9.317511508938136|524000
9.317511508938136|525000
9.317511508938136|526000
9.317511508938136|527000
9.317511508938136|528000
9.317511508938136|529000
9.317511508938136|530000
9.317511508938136|531000
9.317511508938136|532000
9.317511508938136|533000
9.317511508938136|534000
9.317511508938136|535000
9.317511508938136|536000
9.317511508938136|537000
9.317511508938136|538000
9.317511508938136|539000
9.317511508938136|540000
9.317511508938136|541000
9.317511508938136|542000
9.317511508938136|543000
9.317511508938136|544000
9.317511508938136|545000
9.317511508938136|546000
9.317511508938136|547000
9.317511508938136|548000
9.317511508938136|549000
9.317511508938136|550000
9.317511508938136|551000
9.317511508938136|552000
9.317511508938136|553000
9.317511508938136|554000
9.317511508938136|555000
9.317511508938136|556000
9.317511508938136|557000
9.317511508938136|558000
9.317511508938136|559000
9.317511508938136|560000
9.317511508938136|561000
9.317511508938136|562000
9.317511508938136|563000
9.317511508938136|564000
9.317511508938136|565000
9.317511508938136|566000
9.317511508938136|567000
9.317511508938136|568000
9.317511508938136|569000
9.317511508938136|570000
9.317511508938136|571000
9.317511508938136|572000
9.317511508938136|573000
9.317511508938136|574000
9.317511508938136|575000
9.317511508938136|576000
9.317511508938136|577000
9.317511508938136|578000
9.317511508938136|579000
9.317511508938136|580000
9.317511508938136|581000
9.317511508938136|582000
9.317511508938136|583000
9.317511508938136|584000
9.317511508938136|585000
9.317511508938136|586000
9.317511508938136|587000
9.317511508938136|588000
9.317511508938136|589000
9.317511508938136|590000
9.317511508938136|591000
9.317511508938136|592000
9.317511508938136|593000
9.317511508938136|594000
9.317511508938136|595000
9.317511508938136|596000
9.317511508938136|597000
9.317511508938136|598000
9.317511508938136|599000
9.317511508938136|600000
9.317511508938136|601000
9.317511508938136|602000
9.317511508938136|603000
9.317511508938136|604000
9.317511508938136|605000
9.317511508938136|606000
9.317511508938136|607000
9.317511508938136|608000
9.317511508938136|609000
9.317511508938136|610000
9.317511508938136|611000
9.317511508938136|612000
9.317511508938136|613000
9.317511508938136|614000
9.317511508938136|615000
9.317511508938136|616000
9.317511508938136|617000
9.317511508938136|618000
9.317511508938136|619000
9.317511508938136|620000
9.317511508938136|621000
9.317511508938136|622000
9.317511508938136|623000
9.317511508938136|624000
9.317511508938136|625000
9.317511508938136|626000
9.317511508938136|627000
9.317511508938136|628000
9.317511508938136|629000
9.317511508938136|630000
9.317511508938136|631000
9.317511508938136|632000
9.317511508938136|633000
9.317511508938136|634000
9.317511508938136|635000
9.317511508938136|636000
9.317511508938136|637000
9.317511508938136|638000
9.317511508938136|639000
9.317511508938136|640000
9.317511508938136|641000
9.317511508938136|642000
9.317511508938136|643000
9.317511508938136|644000
9.317511508938136|645000
9.317511508938136|646000
9.317511508938136|647000
9.317511508938136|648000
9.317511508938136|649000
9.317511508938136|650000
9.317511508938136|651000
9.317511508938136|652000
9.317511508938136|653000
9.317511508938136|654000
9.317511508938136|655000
9.317511508938136|656000
9.317511508938136|657000
9.317511508938136|658000
9.317511508938136|659000
9.317511508938136|660000
9.317511508938136|661000
9.317511508938136|662000
9.317511508938136|663000
9.317511508938136|664000
9.317511508938136|665000
9.317511508938136|666000
9.317511508938136|667000
9.317511508938136|668000
9.317511508938136|669000
9.317511508938136|670000
9.317511508938136|671000
9.317511508938136|672000
9.317511508938136|673000
9.317511508938136|674000
9.317511508938136|675000
9.317511508938136|676000
9.317511508938136|677000
9.317511508938136|678000
9.317511508938136|679000
9.317511508938136|680000
9.317511508938136|681000
9.317511508938136|682000
9.317511508938136|683000
9.317511508938136|684000
9.317511508938136|685000
9.317511508938136|686000
9.317511508938136|687000
9.317511508938136|688000
9.317511508938136|689000
9.317511508938136|690000
9.317511508938136|691000
9.317511508938136|692000
9.317511508938136|693000
9.317511508938136|694000
9.317511508938136|695000
9.317511508938136|696000
9.317511508938136|697000
9.317511508938136|698000
9.317511508938136|699000
9.317511508938136|700000
9.317511508938136|701000
9.317511508938136|702000
9.317511508938136|703000
9.317511508938136|704000
9.317511508938136|705000
9.317511508938136|706000
9.317511508938136|707000
9.317511508938136|708000
9.317511508938136|709000
9.317511508938136|710000
9.317511508938136|711000
9.317511508938136|712000
9.317511508938136|713000
9.317511508938136|714000
9.317511508938136|715000
9.317511508938136|716000
9.317511508938136|717000
9.317511508938136|718000
9.317511508938136|719000
9.317511508938136|720000
9.317511508938136|721000
9.317511508938136|722000
9.317511508938136|723000
9.317511508938136|724000
9.317511508938136|725000
9.317511508938136|726000
9.317511508938136|727000
9.317511508938136|728000
9.317511508938136|729000
9.317511508938136|730000
9.317511508938136|731000
9.317511508938136|732000
9.317511508938136|733000
9.317511508938136|734000
9.317511508938136|735000
9.317511508938136|736000
9.317511508938136|737000
9.317511508938136|738000
9.317511508938136|739000
9.317511508938136|740000
9.317511508938136|741000
9.317511508938136|742000
9.317511508938136|743000
9.317511508938136|744000
9.317511508938136|745000
9.317511508938136|746000
9.317511508938136|747000
9.317511508938136|748000
9.317511508938136|749000
9.317511508938136|750000
9.317511508938136|751000
9.317511508938136|752000
9.317511508938136|753000
9.317511508938136|754000
9.317511508938136|755000
9.317511508938136|756000
9.317511508938136|757000
9.317511508938136|758000
9.317511508938136|759000
9.317511508938136|760000
9.317511508938136|761000
9.317511508938136|762000
9.317511508938136|763000
9.317511508938136|764000
9.317511508938136|765000
9.317511508938136|766000
9.317511508938136|767000
9.317511508938136|768000
9.317511508938136|769000
9.317511508938136|770000
9.317511508938136|771000
9.317511508938136|772000
9.317511508938136|773000
9.317511508938136|774000
9.317511508938136|775000
9.317511508938136|776000
9.317511508938136|777000
9.317511508938136|778000
9.317511508938136|779000
9.317511508938136|780000
9.317511508938136|781000
9.317511508938136|782000
9.317511508938136|783000
9.317511508938136|784000
9.317511508938136|785000
9.317511508938136|786000
9.317511508938136|787000
9.317511508938136|788000
9.317511508938136|789000
9.317511508938136|790000
9.317511508938136|791000
9.317511508938136|792000
9.317511508938136|793000
9.317511508938136|794000
9.317511508938136|795000
9.317511508938136|796000
9.317511508938136|797000
9.317511508938136|798000
9.317511508938136|799000
9.317511508938136|800000
9.317511508938136|801000
9.317511508938136|802000
9.317511508938136|803000
9.317511508938136|804000
9.317511508938136|805000
9.317511508938136|806000
9.317511508938136|807000
9.317511508938136|808000
9.317511508938136|809000
9.317511508938136|810000
9.317511508938136|811000
9.317511508938136|812000
9.317511508938136|813000
9.317511508938136|814000
9.317511508938136|815000
9.317511508938136|816000
9.317511508938136|817000
9.317511508938136|818000
9.317511508938136|819000
9.317511508938136|820000
9.317511508938136|821000
9.317511508938136|822000
9.317511508938136|823000
9.317511508938136|824000
9.317511508938136|825000
9.317511508938136|826000
9.317511508938136|827000
9.317511508938136|828000
9.317511508938136|829000
9.317511508938136|830000
9.317511508938136|831000
9.317511508938136|832000
9.317511508938136|833000
9.317511508938136|834000
9.317511508938136|835000
9.317511508938136|836000
9.317511508938136|837000
9.317511508938136|838000
9.317511508938136|839000
9.317511508938136|840000
9.317511508938136|841000
9.317511508938136|842000
9.317511508938136|843000
9.317511508938136|844000
9.317511508938136|845000
9.317511508938136|846000
9.317511508938136|847000
9.317511508938136|848000
9.317511508938136|849000
9.317511508938136|850000
9.317511508938136|851000
9.317511508938136|852000
9.317511508938136|853000
9.317511508938136|854000
9.317511508938136|855000
9.317511508938136|856000
9.317511508938136|857000
9.317511508938136|858000
9.317511508938136|859000
9.317511508938136|860000
9.317511508938136|861000
9.317511508938136|862000
9.317511508938136|863000
9.317511508938136|864000
9.317511508938136|865000
9.317511508938136|866000
9.317511508938136|867000
9.317511508938136|868000
9.317511508938136|869000
9.317511508938136|870000
9.317511508938136|871000
9.317511508938136|872000
9.317511508938136|873000
9.317511508938136|874000
9.317511508938136|875000
9.317511508938136|876000
9.317511508938136|877000
9.317511508938136|878000
9.317511508938136|879000
9.317511508938136|880000
9.317511508938136|881000
9.317511508938136|882000
9.317511508938136|883000
9.317511508938136|884000
9.317511508938136|885000
9.317511508938136|886000
9.317511508938136|887000
9.317511508938136|888000
9.317511508938136|889000
9.317511508938136|890000
9.317511508938136|891000
9.317511508938136|892000
9.317511508938136|893000
9.317511508938136|894000
9.317511508938136|895000
9.317511508938136|896000
9.317511508938136|897000
9.317511508938136|898000
9.317511508938136|899000
9.317511508938136|900000
9.317511508938136|901000
9.317511508938136|902000
9.317511508938136|903000
9.317511508938136|904000
9.317511508938136|905000
9.317511508938136|906000
9.317511508938136|907000
9.317511508938136|908000
9.317511508938136|909000
9.317511508938136|910000
9.317511508938136|911000
9.317511508938136|912000
9.317511508938136|913000
9.317511508938136|914000
9.317511508938136|915000
9.317511508938136|916000
9.317511508938136|917000
9.317511508938136|918000
9.317511508938136|919000
9.317511508938136|920000
9.317511508938136|921000
9.317511508938136|922000
9.317511508938136|923000
9.317511508938136|924000
9.317511508938136|925000
9.317511508938136|926000
9.317511508938136|927000
9.317511508938136|928000
9.317511508938136|929000
9.317511508938136|930000
9.317511508938136|931000
9.317511508938136|932000
9.317511508938136|933000
9.317511508938136|934000
9.317511508938136|935000
9.317511508938136|936000
9.317511508938136|937000
9.317511508938136|938000
9.317511508938136|939000
9.317511508938136|940000
9.317511508938136|941000
9.317511508938136|942000
9.317511508938136|943000
9.317511508938136|944000
9.317511508938136|945000
9.317511508938136|946000
9.317511508938136|947000
9.317511508938136|948000
9.317511508938136|949000
9.317511508938136|950000
9.317511508938136|951000
9.317511508938136|952000
9.317511508938136|953000
9.317511508938136|954000
9.317511508938136|955000
9.317511508938136|956000
9.317511508938136|957000
9.317511508938136|958000
9.317511508938136|959000
9.317511508938136|960000
9.317511508938136|961000
9.317511508938136|962000
9.317511508938136|963000
9.317511508938136|964000
9.317511508938136|965000
9.317511508938136|966000
9.317511508938136|967000
9.317511508938136|968000
9.317511508938136|969000
9.317511508938136|970000
9.317511508938136|971000
9.317511508938136|972000
9.317511508938136|973000
9.317511508938136|974000
9.317511508938136|975000
9.317511508938136|976000
9.317511508938136|977000
9.317511508938136|978000
9.317511508938136|979000
9.317511508938136|980000
9.317511508938136|981000
9.317511508938136|982000
9.317511508938136|983000
9.317511508938136|984000
9.317511508938136|985000
9.317511508938136|986000
9.317511508938136|987000
9.317511508938136|988000
9.317511508938136|989000
9.317511508938136|990000
9.317511508938136|991000
9.317511508938136|992000
9.317511508938136|993000
9.317511508938136|994000
9.317511508938136|995000
9.317511508938136|996000
9.317511508938136|997000
9.317511508938136|998000
9.317511508938136|999000
9.317511508938136|1000000
