20.992050955422016|2000
20.705156583149236|3000
20.705156583149236|4000
19.491161640515287|5000
19.249733720578817|6000
18.845383596178856|7000
18.600688130806248|8000
18.22657207583122|9000
18.020616366556116|10000
17.833252953799676|11000
16.738171414668685|12000
16.738171414668685|13000
16.738171414668685|14000
16.363908574334932|15000
15.634728592521347|16000
15.576382472807298|17000
15.576382472807298|18000
15.00702220914481|19000
15.00702220914481|20000
14.998369460643787|21000
14.835868157368289|22000
14.703070513060661|23000
14.399957697061415|24000
14.236497939576592|25000
14.236497939576592|26000
14.130352246993786|27000
13.909138398602872|28000
13.909138398602872|29000
13.909138398602872|30000
13.699938940138047|31000
13.416797196980365|32000
13.416797196980365|33000
13.368766146808646|34000
12.971580314484216|35000
12.971580314484216|36000
12.971580314484216|37000
12.971580314484216|38000
12.882263248165058|39000
12.680696025069318|40000
12.651905597108673|41000
12.4433858283848|42000
12.4433858283848|43000
12.174347162783947|44000
12.174347162783947|45000
12.159059584899667|46000
12.159059584899667|47000
11.967204804524867|48000
11.943181357780844|49000
11.925908559390786|50000
11.79812804677091|51000
11.758335712260433|52000
11.758335712260433|53000
11.688360407528421|54000
11.68258727617267|55000
11.483424176073791|56000
11.483424176073791|57000
11.483424176073791|58000
11.473614428859497|59000
11.472482180409598|60000
11.306205759435322|61000
11.21565402618919|62000
11.21565402618919|63000
11.21565402618919|64000
11.138165414881106|65000
11.047613681634974|66000
10.840604371421037|67000
10.840604371421037|68000
10.830998676462297|69000
10.830998676462297|70000
10.830998676462297|71000
10.66141324262746|72000
10.66141324262746|73000
10.65738824915881|74000
10.46805128658338|75000
10.46805128658338|76000
10.46805128658338|77000
10.282360927131185|78000
10.282360927131185|79000
10.282360927131185|80000
10.282360927131185|81000
10.271527122425072|82000
10.207747595375537|83000
10.207747595375537|84000
10.143168842423874|85000
10.062148210995757|86000
10.06044447983475|87000
10.0600835678545|88000
9.92076009669339|89000
9.92076009669339|90000
9.890986638115413|91000
9.867423602285323|92000
9.867423602285323|93000
9.79832813997574|94000
9.79832813997574|95000
9.79832813997574|96000
9.789493785678289|97000
9.699383257731107|98000
9.699383257731107|99000
9.699383257731107|100000
9.692100068716442|101000
9.561036873596139|102000
9.561036873596139|103000
9.561036873596139|104000
9.561036873596139|105000
9.528825494443101|106000
9.528825494443101|107000
9.528825494443101|108000
9.442468791266652|109000
9.442468791266652|110000
9.442468791266652|111000
9.408799093010018|112000
9.408799093010018|113000
9.408799093010018|114000
9.366935774622677|115000
9.366935774622677|116000
9.365690688260498|117000
9.358810992665788|118000
9.33326607636604|119000
9.33326607636604|120000
9.33326607636604|121000
9.313411727849784|122000
9.273888784583255|123000
9.273888784583255|124000
9.267359934128491|125000
9.267359934128491|126000
9.190157828257117|127000
9.190157828257117|128000
9.145113584978665|129000
9.145113584978665|130000
9.145113584978665|131000
9.14053151322903|132000
9.14053151322903|133000
9.061382628652527|134000
9.061382628652527|135000
9.049832436438177|136000
9.049832436438177|137000
9.049832436438177|138000
9.049832436438177|139000
8.96610148011204|140000
8.96610148011204|141000
8.96610148011204|142000
8.96610148011204|143000
8.96610148011204|144000
8.96610148011204|145000
8.941814796641179|146000
8.941814796641179|147000
8.941814796641179|148000
8.931154724151128|149000
8.931154724151128|150000
8.91484645892674|151000
8.894623418988278|152000
8.894623418988278|153000
8.894623418988278|154000
8.894623418988278|155000
8.893875404517999|156000
8.87989970296583|157000
8.860953720731644|158000
8.859676663027368|159000
8.855154868563574|160000
8.855154868563574|161000
8.855154868563574|162000
8.826006964770734|163000
8.825993600148038|164000
8.825993600148038|165000
8.825993600148038|166000
8.825993600148038|167000
8.788133169817428|168000
8.786193563362747|169000
8.786193563362747|170000
8.786193563362747|171000
8.45564471771409|172000
8.45564471771409|173000
8.45564471771409|174000
8.45564471771409|175000
8.45564471771409|176000
8.45564471771409|177000
8.45564471771409|178000
8.45564471771409|179000
8.45564471771409|180000
8.434712167667893|181000
8.434712167667893|182000
8.434712167667893|183000
8.434712167667893|184000
8.421947160347926|185000
8.421947160347926|186000
8.421947160347926|187000
8.421947160347926|188000
8.421947160347926|189000
8.421947160347926|190000
8.421256409332345|191000
8.387000404387017|192000
8.387000404387017|193000
8.387000404387017|194000
8.386309653371434|195000
8.386309653371434|196000
8.386309653371434|197000
8.386309653371434|198000
8.386309653371434|199000
8.381458311013153|200000
8.36606785434082|201000
8.36606785434082|202000
8.36606785434082|203000
8.36606785434082|204000
8.36606785434082|205000
8.36606785434082|206000
8.36606785434082|207000
8.352718117334287|208000
8.352718117334287|209000
8.352718117334287|210000
8.352718117334287|211000
8.352718117334287|212000
8.352718117334287|213000
8.352718117334287|214000
8.352718117334287|215000
8.352718117334287|216000
8.351438272076726|217000
8.347176023960424|218000
8.347176023960424|219000
8.347176023960424|220000
8.347176023960424|221000
8.347176023960424|222000
8.345896178702862|223000
8.343674061631498|224000
8.343674061631498|225000
8.343674061631498|226000
8.343674061631498|227000
8.343674061631498|228000
8.343674061631498|229000
8.293627155022559|230000
8.293627155022559|231000
8.293627155022559|232000
8.293627155022559|233000
8.293627155022559|234000
8.293627155022559|235000
8.292347309764999|236000
8.292347309764999|237000
8.292347309764999|238000
8.292347309764999|239000
8.292347309764999|240000
8.292347309764999|241000
8.292347309764999|242000
8.292347309764999|243000
8.292347309764999|244000
8.292347309764999|245000
8.292347309764999|246000
8.292347309764999|247000
8.292347309764999|248000
8.292347309764999|249000
8.292347309764999|250000
8.292347309764999|251000
8.292347309764999|252000
8.292347309764999|253000
8.292347309764999|254000
8.292347309764999|255000
8.292347309764999|256000
8.292347309764999|257000
8.292347309764999|258000
8.292347309764999|259000
8.292347309764999|260000
8.292347309764999|261000
8.292347309764999|262000
8.292347309764999|263000
8.292347309764999|264000
8.292347309764999|265000
8.292347309764999|266000
8.292347309764999|267000
8.292347309764999|268000
8.292347309764999|269000
8.292347309764999|270000
8.292347309764999|271000
8.292347309764999|272000
8.292347309764999|273000
8.292347309764999|274000
8.292347309764999|275000
8.292347309764999|276000
8.292347309764999|277000
8.292347309764999|278000
8.292347309764999|279000
8.292347309764999|280000
8.292347309764999|281000
8.292347309764999|282000
8.292347309764999|283000
8.292347309764999|284000
8.292347309764999|285000
8.292347309764999|286000
8.292347309764999|287000
8.292347309764999|288000
8.292347309764999|289000
8.292347309764999|290000
8.292347309764999|291000
8.292347309764999|292000
8.292347309764999|293000
8.292347309764999|294000
8.292347309764999|295000
8.292347309764999|296000
8.292347309764999|297000
8.292347309764999|298000
8.292347309764999|299000
8.292347309764999|300000
8.292347309764999|301000
8.292347309764999|302000
8.292347309764999|303000
8.292347309764999|304000
8.292347309764999|305000
8.292347309764999|306000
8.292347309764999|307000
8.292347309764999|308000
8.292347309764999|309000
8.292347309764999|310000
8.292347309764999|311000
8.292347309764999|312000
8.292347309764999|313000
8.292347309764999|314000
8.292347309764999|315000
8.292347309764999|316000
8.292347309764999|317000
8.292347309764999|318000
8.292347309764999|319000
8.292347309764999|320000
8.292347309764999|321000
8.292347309764999|322000
8.292347309764999|323000
8.292347309764999|324000
8.292347309764999|325000
8.292347309764999|326000
8.292347309764999|327000
8.292347309764999|328000
8.292347309764999|329000
8.292347309764999|330000
8.292347309764999|331000
8.292347309764999|332000
8.292347309764999|333000
8.292347309764999|334000
8.292347309764999|335000
8.292347309764999|336000
8.292347309764999|337000
8.292347309764999|338000
8.292347309764999|339000
8.292347309764999|340000
8.292347309764999|341000
8.292347309764999|342000
8.292347309764999|343000
8.292347309764999|344000
8.292347309764999|345000
8.292347309764999|346000
8.292347309764999|347000
8.292347309764999|348000
8.292347309764999|349000
8.292347309764999|350000
8.292347309764999|351000
8.292347309764999|352000
8.292347309764999|353000
8.292347309764999|354000
8.292347309764999|355000
8.292347309764999|356000
8.292347309764999|357000
8.292347309764999|358000
8.292347309764999|359000
8.292347309764999|360000
8.292347309764999|361000
8.292347309764999|362000
8.292347309764999|363000
8.292347309764999|364000
8.292347309764999|365000
8.292347309764999|366000
8.292347309764999|367000
8.292347309764999|368000
8.292347309764999|369000
8.292347309764999|370000
8.292347309764999|371000
8.292347309764999|372000
8.292347309764999|373000
8.292347309764999|374000
8.292347309764999|375000
8.292347309764999|376000
8.292347309764999|377000
8.292347309764999|378000
8.292347309764999|379000
8.292347309764999|380000
8.292347309764999|381000
8.292347309764999|382000
8.292347309764999|383000
8.292347309764999|384000
8.292347309764999|385000
8.292347309764999|386000
8.292347309764999|387000
8.292347309764999|388000
8.292347309764999|389000
8.292347309764999|390000
8.292347309764999|391000
8.292347309764999|392000
8.292347309764999|393000
8.292347309764999|394000
8.292347309764999|395000
8.292347309764999|396000
8.292347309764999|397000
8.292347309764999|398000
8.292347309764999|399000
8.292347309764999|400000
8.292347309764999|401000
8.292347309764999|402000
8.292347309764999|403000
8.292347309764999|404000
8.292347309764999|405000
8.292347309764999|406000
8.292347309764999|407000
8.292347309764999|408000
8.292347309764999|409000
8.292347309764999|410000
8.292347309764999|411000
8.292347309764999|412000
8.292347309764999|413000
8.292347309764999|414000
8.292347309764999|415000
8.292347309764999|416000
8.292347309764999|417000
8.292347309764999|418000
8.292347309764999|419000
8.292347309764999|420000
8.292347309764999|421000
8.292347309764999|422000
8.292347309764999|423000
8.292347309764999|424000
8.292347309764999|425000
8.292347309764999|426000
8.292347309764999|427000
8.292347309764999|428000
8.292347309764999|429000
8.292347309764999|430000
8.292347309764999|431000
8.292347309764999|432000
8.292347309764999|433000
8.292347309764999|434000
8.292347309764999|435000
8.292347309764999|436000
8.292347309764999|437000
8.292347309764999|438000
8.292347309764999|439000
8.292347309764999|440000
8.292347309764999|441000
8.292347309764999|442000
8.292347309764999|443000
8.292347309764999|444000
8.292347309764999|445000
8.292347309764999|446000
8.292347309764999|447000
8.292347309764999|448000
8.292347309764999|449000
8.292347309764999|450000
8.292347309764999|451000
8.292347309764999|452000
8.292347309764999|453000
8.292347309764999|454000
8.292347309764999|455000
8.292347309764999|456000
8.292347309764999|457000
8.292347309764999|458000
8.292347309764999|459000
8.292347309764999|460000
8.292347309764999|461000
8.292347309764999|462000
8.292347309764999|463000
8.292347309764999|464000
8.292347309764999|465000
8.292347309764999|466000
8.292347309764999|467000
8.292347309764999|468000
8.292347309764999|469000
8.292347309764999|470000
8.292347309764999|471000
8.292347309764999|472000
8.292347309764999|473000
8.292347309764999|474000
8.292347309764999|475000
8.292347309764999|476000
8.292347309764999|477000
8.292347309764999|478000
8.292347309764999|479000
8.292347309764999|480000
8.292347309764999|481000
8.292347309764999|482000
8.292347309764999|483000
8.292347309764999|484000
8.292347309764999|485000
8.292347309764999|486000
8.292347309764999|487000
8.292347309764999|488000
8.292347309764999|489000
8.292347309764999|490000
8.292347309764999|491000
8.292347309764999|492000
8.292347309764999|493000
8.292347309764999|494000
8.292347309764999|495000
8.292347309764999|496000
8.292347309764999|497000
8.292347309764999|498000
8.292347309764999|499000
8.292347309764999|500000
8.292347309764999|501000
8.292347309764999|502000
8.292347309764999|503000
8.292347309764999|504000
8.292347309764999|505000
8.292347309764999|506000
8.292347309764999|507000
8.292347309764999|508000
8.292347309764999|509000
8.292347309764999|510000
8.292347309764999|511000
8.292347309764999|512000
8.292347309764999|513000
8.292347309764999|514000
8.292347309764999|515000
8.292347309764999|516000
8.292347309764999|517000
8.292347309764999|518000
8.292347309764999|519000
8.292347309764999|520000
8.292347309764999|521000
8.292347309764999|522000
8.292347309764999|523000
8.292347309764999|524000
8.292347309764999|525000
8.292347309764999|526000
8.292347309764999|527000
8.292347309764999|528000
8.292347309764999|529000
8.292347309764999|530000
8.292347309764999|531000
8.292347309764999|532000
8.292347309764999|533000
8.292347309764999|534000
8.292347309764999|535000
8.292347309764999|536000
8.292347309764999|537000
8.292347309764999|538000
8.292347309764999|539000
8.292347309764999|540000
8.292347309764999|541000
8.292347309764999|542000
8.292347309764999|543000
8.292347309764999|544000
8.292347309764999|545000
8.292347309764999|546000
8.292347309764999|547000
8.292347309764999|548000
8.292347309764999|549000
8.292347309764999|550000
8.292347309764999|551000
8.292347309764999|552000
8.292347309764999|553000
8.292347309764999|554000
8.292347309764999|555000
8.292347309764999|556000
8.292347309764999|557000
8.292347309764999|558000
8.292347309764999|559000
8.292347309764999|560000
8.292347309764999|561000
8.292347309764999|562000
8.292347309764999|563000
8.292347309764999|564000
8.292347309764999|565000
8.292347309764999|566000
8.292347309764999|567000
8.292347309764999|568000
8.292347309764999|569000
8.292347309764999|570000
8.292347309764999|571000
8.292347309764999|572000
8.292347309764999|573000
8.292347309764999|574000
8.292347309764999|575000
8.292347309764999|576000
8.292347309764999|577000
8.292347309764999|578000
8.292347309764999|579000
8.292347309764999|580000
8.292347309764999|581000
8.292347309764999|582000
8.292347309764999|583000
8.292347309764999|584000
8.292347309764999|585000
8.292347309764999|586000
8.292347309764999|587000
8.292347309764999|588000
8.292347309764999|589000
8.292347309764999|590000
8.292347309764999|591000
8.292347309764999|592000
8.292347309764999|593000
8.292347309764999|594000
8.292347309764999|595000
8.292347309764999|596000
8.292347309764999|597000
8.292347309764999|598000
8.292347309764999|599000
8.292347309764999|600000
8.292347309764999|601000
8.292347309764999|602000
8.292347309764999|603000
8.292347309764999|604000
8.292347309764999|605000
8.292347309764999|606000
8.292347309764999|607000
8.292347309764999|608000
8.292347309764999|609000
8.292347309764999|610000
8.292347309764999|611000
8.292347309764999|612000
8.292347309764999|613000
8.292347309764999|614000
8.292347309764999|615000
8.292347309764999|616000
8.292347309764999|617000
8.292347309764999|618000
8.292347309764999|619000
8.292347309764999|620000
8.292347309764999|621000
8.292347309764999|622000
8.292347309764999|623000
8.292347309764999|624000
8.292347309764999|625000
8.292347309764999|626000
8.292347309764999|627000
8.292347309764999|628000
8.292347309764999|629000
8.292347309764999|630000
8.292347309764999|631000
8.292347309764999|632000
8.292347309764999|633000
8.292347309764999|634000
8.292347309764999|635000
8.292347309764999|636000
8.292347309764999|637000
8.292347309764999|638000
8.292347309764999|639000
8.292347309764999|640000
8.292347309764999|641000
8.292347309764999|642000
8.292347309764999|643000
8.292347309764999|644000
8.292347309764999|645000
8.292347309764999|646000
8.292347309764999|647000
8.292347309764999|648000
8.292347309764999|649000
8.292347309764999|650000
8.292347309764999|651000
8.292347309764999|652000
8.292347309764999|653000
8.292347309764999|654000
8.292347309764999|655000
8.292347309764999|656000
8.292347309764999|657000
8.292347309764999|658000
8.292347309764999|659000
8.292347309764999|660000
8.292347309764999|661000
8.292347309764999|662000
8.292347309764999|663000
8.292347309764999|664000
8.292347309764999|665000
8.292347309764999|666000
8.292347309764999|667000
8.292347309764999|668000
8.292347309764999|669000
8.292347309764999|670000
8.292347309764999|671000
8.292347309764999|672000
8.292347309764999|673000
8.292347309764999|674000
8.292347309764999|675000
8.292347309764999|676000
8.292347309764999|677000
8.292347309764999|678000
8.292347309764999|679000
8.292347309764999|680000
8.292347309764999|681000
8.292347309764999|682000
8.292347309764999|683000
8.292347309764999|684000
8.292347309764999|685000
8.292347309764999|686000
8.292347309764999|687000
8.292347309764999|688000
8.292347309764999|689000
8.292347309764999|690000
8.292347309764999|691000
8.292347309764999|692000
8.292347309764999|693000
8.292347309764999|694000
8.292347309764999|695000
8.292347309764999|696000
8.292347309764999|697000
8.292347309764999|698000
8.292347309764999|699000
8.292347309764999|700000
8.292347309764999|701000
8.292347309764999|702000
8.292347309764999|703000
8.292347309764999|704000
8.292347309764999|705000
8.292347309764999|706000
8.292347309764999|707000
8.292347309764999|708000
8.292347309764999|709000
8.292347309764999|710000
8.292347309764999|711000
8.292347309764999|712000
8.292347309764999|713000
8.292347309764999|714000
8.292347309764999|715000
8.292347309764999|716000
8.292347309764999|717000
8.292347309764999|718000
8.292347309764999|719000
8.292347309764999|720000
8.292347309764999|721000
8.292347309764999|722000
8.292347309764999|723000
8.292347309764999|724000
8.292347309764999|725000
8.292347309764999|726000
8.292347309764999|727000
8.292347309764999|728000
8.292347309764999|729000
8.292347309764999|730000
8.292347309764999|731000
8.292347309764999|732000
8.292347309764999|733000
8.292347309764999|734000
8.292347309764999|735000
8.292347309764999|736000
8.292347309764999|737000
8.292347309764999|738000
8.292347309764999|739000
8.292347309764999|740000
8.292347309764999|741000
8.292347309764999|742000
8.292347309764999|743000
8.292347309764999|744000
8.292347309764999|745000
8.292347309764999|746000
8.292347309764999|747000
8.292347309764999|748000
8.292347309764999|749000
8.292347309764999|750000
8.292347309764999|751000
8.292347309764999|752000
8.292347309764999|753000
8.292347309764999|754000
8.292347309764999|755000
8.292347309764999|756000
8.292347309764999|757000
8.292347309764999|758000
8.292347309764999|759000
8.292347309764999|760000
8.292347309764999|761000
8.292347309764999|762000
8.292347309764999|763000
8.292347309764999|764000
8.292347309764999|765000
8.292347309764999|766000
8.292347309764999|767000
8.292347309764999|768000
8.292347309764999|769000
8.292347309764999|770000
8.292347309764999|771000
8.292347309764999|772000
8.292347309764999|773000
8.292347309764999|774000
8.292347309764999|775000
8.292347309764999|776000
8.292347309764999|777000
8.292347309764999|778000
8.292347309764999|779000
8.292347309764999|780000
8.292347309764999|781000
8.292347309764999|782000
8.292347309764999|783000
8.292347309764999|784000
8.292347309764999|785000
8.292347309764999|786000
8.292347309764999|787000
8.292347309764999|788000
8.292347309764999|789000
8.292347309764999|790000
8.292347309764999|791000
8.292347309764999|792000
8.292347309764999|793000
8.292347309764999|794000
8.292347309764999|795000
8.292347309764999|796000
8.292347309764999|797000
8.292347309764999|798000
8.292347309764999|799000
8.292347309764999|800000
8.292347309764999|801000
8.292347309764999|802000
8.292347309764999|803000
8.292347309764999|804000
8.292347309764999|805000
8.292347309764999|806000
8.292347309764999|807000
8.292347309764999|808000
8.292347309764999|809000
8.292347309764999|810000
8.292347309764999|811000
8.292347309764999|812000
8.292347309764999|813000
8.292347309764999|814000
8.292347309764999|815000
8.292347309764999|816000
8.292347309764999|817000
8.292347309764999|818000
8.292347309764999|819000
8.292347309764999|820000
8.292347309764999|821000
8.292347309764999|822000
8.292347309764999|823000
8.292347309764999|824000
8.292347309764999|825000
8.292347309764999|826000
8.292347309764999|827000
8.292347309764999|828000
8.292347309764999|829000
8.292347309764999|830000
8.292347309764999|831000
8.292347309764999|832000
8.292347309764999|833000
8.292347309764999|834000
8.292347309764999|835000
8.292347309764999|836000
8.292347309764999|837000
8.292347309764999|838000
8.292347309764999|839000
8.292347309764999|840000
8.292347309764999|841000
8.292347309764999|842000
8.292347309764999|843000
8.292347309764999|844000
8.292347309764999|845000
8.292347309764999|846000
8.292347309764999|847000
8.292347309764999|848000
8.292347309764999|849000
8.292347309764999|850000
8.292347309764999|851000
8.292347309764999|852000
8.292347309764999|853000
8.292347309764999|854000
8.292347309764999|855000
8.292347309764999|856000
8.292347309764999|857000
8.292347309764999|858000
8.292347309764999|859000
8.292347309764999|860000
8.292347309764999|861000
8.292347309764999|862000
8.292347309764999|863000
8.292347309764999|864000
8.292347309764999|865000
8.292347309764999|866000
8.292347309764999|867000
8.292347309764999|868000
8.292347309764999|869000
8.292347309764999|870000
8.292347309764999|871000
8.292347309764999|872000
8.292347309764999|873000
8.292347309764999|874000
8.292347309764999|875000
8.292347309764999|876000
8.292347309764999|877000
8.292347309764999|878000
8.292347309764999|879000
8.292347309764999|880000
8.292347309764999|881000
8.292347309764999|882000
8.292347309764999|883000
8.292347309764999|884000
8.292347309764999|885000
8.292347309764999|886000
8.292347309764999|887000
8.292347309764999|888000
8.292347309764999|889000
8.292347309764999|890000
8.292347309764999|891000
8.292347309764999|892000
8.292347309764999|893000
8.292347309764999|894000
8.292347309764999|895000
8.292347309764999|896000
8.292347309764999|897000
8.292347309764999|898000
8.292347309764999|899000
8.292347309764999|900000
8.292347309764999|901000
8.292347309764999|902000
8.292347309764999|903000
8.292347309764999|904000
8.292347309764999|905000
8.292347309764999|906000
8.292347309764999|907000
8.292347309764999|908000
8.292347309764999|909000
8.292347309764999|910000
8.292347309764999|911000
8.292347309764999|912000
8.292347309764999|913000
8.292347309764999|914000
8.292347309764999|915000
8.292347309764999|916000
8.292347309764999|917000
8.292347309764999|918000
8.292347309764999|919000
8.292347309764999|920000
8.292347309764999|921000
8.292347309764999|922000
8.292347309764999|923000
8.292347309764999|924000
8.292347309764999|925000
8.292347309764999|926000
8.292347309764999|927000
8.292347309764999|928000
8.292347309764999|929000
8.292347309764999|930000
8.292347309764999|931000
8.292347309764999|932000
8.292347309764999|933000
8.292347309764999|934000
8.292347309764999|935000
8.292347309764999|936000
8.292347309764999|937000
8.292347309764999|938000
8.292347309764999|939000
8.292347309764999|940000
8.292347309764999|941000
8.292347309764999|942000
8.292347309764999|943000
8.292347309764999|944000
8.292347309764999|945000
8.292347309764999|946000
8.292347309764999|947000
8.292347309764999|948000
8.292347309764999|949000
8.292347309764999|950000
8.292347309764999|951000
8.292347309764999|952000
8.292347309764999|953000
8.292347309764999|954000
8.292347309764999|955000
8.292347309764999|956000
8.292347309764999|957000
8.292347309764999|958000
8.292347309764999|959000
8.292347309764999|960000
8.292347309764999|961000
8.292347309764999|962000
8.292347309764999|963000
8.292347309764999|964000
8.292347309764999|965000
8.292347309764999|966000
8.292347309764999|967000
8.292347309764999|968000
8.292347309764999|969000
8.292347309764999|970000
8.292347309764999|971000
8.292347309764999|972000
8.292347309764999|973000
8.292347309764999|974000
8.292347309764999|975000
8.292347309764999|976000
8.292347309764999|977000
8.292347309764999|978000
8.292347309764999|979000
8.292347309764999|980000
8.292347309764999|981000
8.292347309764999|982000
8.292347309764999|983000
8.292347309764999|984000
8.292347309764999|985000
8.292347309764999|986000
8.292347309764999|987000
8.292347309764999|988000
8.292347309764999|989000
8.292347309764999|990000
8.292347309764999|991000
8.292347309764999|992000
8.292347309764999|993000
8.292347309764999|994000
8.292347309764999|995000
8.292347309764999|996000
8.292347309764999|997000
8.292347309764999|998000
8.292347309764999|999000
8.292347309764999|1000000
