21.838067970133473|2000
21.494297005681325|3000
20.816967372702017|4000
20.6890164798303|5000
20.245743073218186|6000
19.150383473600183|7000
19.131875581844177|8000
18.722782200813334|9000
18.663257459201308|10000
18.663257459201308|11000
18.132910400785587|12000
17.555878910440352|13000
17.309610154638264|14000
16.887990645783848|15000
16.887990645783848|16000
16.600504046021676|17000
16.573533404438127|18000
16.238213364010278|19000
16.238213364010278|20000
16.104417121438075|21000
15.622899176086465|22000
15.622899176086465|23000
15.423131037599012|24000
15.216906307618103|25000
15.0215300574773|26000
14.960952302429002|27000
14.787454179636224|28000
14.740336173442786|29000
14.225663388410632|30000
14.225663388410632|31000
14.088619430331827|32000
14.088619430331827|33000
13.656564661020115|34000
13.656564661020115|35000
13.46524438385409|36000
13.46524438385409|37000
13.321021903308115|38000
13.187239015036555|39000
13.033189614542378|40000
13.033189614542378|41000
13.033189614542378|42000
12.977217978053723|43000
12.964127056835453|44000
12.893082035810556|45000
12.568510683522018|46000
12.568510683522018|47000
12.568510683522018|48000
12.397956686594522|49000
12.397956686594522|50000
12.397956686594522|51000
12.29919964036434|52000
12.29919964036434|53000
12.29919964036434|54000
12.154938266336712|55000
12.113222405713215|56000
12.04975779728933|57000
11.883138250881672|58000
11.852404270225373|59000
11.641412865794548|60000
11.641412865794548|61000
11.641412865794548|62000
11.641412865794548|63000
11.641412865794548|64000
11.60246210557802|65000
11.438424684125652|66000
11.335107189761754|67000
11.335107189761754|68000
11.335107189761754|69000
11.308535800582503|70000
11.201388867227424|71000
11.120842079467273|72000
11.120842079467273|73000
11.094865150873723|74000
11.094865150873723|75000
11.070310927042511|76000
10.895836188159318|77000
10.895836188159318|78000
10.895836188159318|79000
10.850048419540379|80000
10.850048419540379|81000
10.822519108099952|82000
10.822519108099952|83000
10.764758247974406|84000
10.764758247974406|85000
10.651019456825974|86000
10.601419137093716|87000
10.601419137093716|88000
10.578379030761635|89000
10.466724952026146|90000
10.448442903693063|91000
10.448442903693063|92000
10.417343052393022|93000
10.417343052393022|94000
10.412209054730441|95000
10.412209054730441|96000
10.412209054730441|97000
10.344702626328681|98000
10.195625436294836|99000
10.195625436294836|100000
10.195625436294836|101000
10.189665951352065|102000
10.189665951352065|103000
10.189665951352065|104000
10.143004412902059|105000
10.122985010230497|106000
10.122985010230497|107000
10.122985010230497|108000
10.10858929641946|109000
10.084808261098283|110000
10.068469112934793|111000
10.054305125859695|112000
10.03594887035512|113000
10.03594887035512|114000
10.03594887035512|115000
9.9817178728826|116000
9.920289314184357|117000
9.920289314184357|118000
9.920289314184357|119000
9.87978523021844|120000
9.87978523021844|121000
9.87978523021844|122000
9.87978523021844|123000
9.778182894191128|124000
9.778182894191128|125000
9.778182894191128|126000
9.778182894191128|127000
9.748294537014385|128000
9.748294537014385|129000
9.748294537014385|130000
9.716936181805895|131000
9.716936181805895|132000
9.716936181805895|133000
9.716936181805895|134000
9.69616581035443|135000
9.62582992311567|136000
9.62582992311567|137000
9.62582992311567|138000
9.62582992311567|139000
9.62582992311567|140000
9.62582992311567|141000
9.586540129044483|142000
9.586540129044483|143000
9.56745855802446|144000
9.56745855802446|145000
9.54813248051889|146000
9.534988708627418|147000
9.508842686447702|148000
9.508842686447702|149000
9.508842686447702|150000
9.48976111542768|151000
9.48976111542768|152000
9.48976111542768|153000
9.457291266030637|154000
9.457291266030637|155000
9.45047132135649|156000
9.45047132135649|157000
9.45047132135649|158000
9.45047132135649|159000
9.436747697324916|160000
9.436747697324916|161000
9.436747697324916|162000
9.436747697324916|163000
9.433091004500417|164000
9.432024979535223|165000
9.432024979535223|166000
9.432024979535223|167000
9.431439488984552|168000
9.429041742980468|169000
9.429041742980468|170000
9.421865669709335|171000
9.421865669709335|172000
9.421865669709335|173000
9.421865669709335|174000
9.407803109473774|175000
9.40727654537379|176000
9.40727654537379|177000
9.40727654537379|178000
9.40727654537379|179000
9.40727654537379|180000
9.40727654537379|181000
9.40727654537379|182000
9.40553121691991|183000
9.403029618944649|184000
9.403029618944649|185000
9.403029618944649|186000
9.403029618944649|187000
9.403029618944649|188000
9.403029618944649|189000
9.34324055354121|190000
9.34324055354121|191000
9.34324055354121|192000
9.34324055354121|193000
9.34324055354121|194000
9.34324055354121|195000
9.34324055354121|196000
9.34324055354121|197000
9.34324055354121|198000
9.34324055354121|199000
9.299177034498085|200000
9.299177034498085|201000
9.299177034498085|202000
9.299177034498085|203000
9.299177034498085|204000
9.299177034498085|205000
9.299177034498085|206000
9.299177034498085|207000
9.297431706044204|208000
9.297431706044204|209000
9.297431706044204|210000
9.297431706044204|211000
9.284447211050065|212000
9.284447211050065|213000
9.284447211050065|214000
9.284447211050065|215000
9.284447211050065|216000
9.282701882596184|217000
9.282701882596184|218000
9.282701882596184|219000
9.282701882596184|220000
9.282701882596184|221000
9.282701882596184|222000
9.279583998211745|223000
9.279583998211745|224000
9.279583998211745|225000
9.279583998211745|226000
9.279583998211745|227000
9.279583998211745|228000
9.279583998211745|229000
9.279583998211745|230000
9.279583998211745|231000
9.279583998211745|232000
9.279583998211745|233000
9.279583998211745|234000
9.279583998211745|235000
9.279583998211745|236000
9.279583998211745|237000
9.279583998211745|238000
9.279583998211745|239000
9.279583998211745|240000
9.279583998211745|241000
9.279583998211745|242000
9.279583998211745|243000
9.279583998211745|244000
9.279583998211745|245000
9.279583998211745|246000
9.279583998211745|247000
9.279583998211745|248000
9.279583998211745|249000
9.279583998211745|250000
9.279583998211745|251000
9.279583998211745|252000
9.279583998211745|253000
9.279583998211745|254000
9.279583998211745|255000
9.279583998211745|256000
9.279583998211745|257000
9.279583998211745|258000
9.279583998211745|259000
9.279583998211745|260000
9.279583998211745|261000
9.279583998211745|262000
9.279583998211745|263000
9.279583998211745|264000
9.279583998211745|265000
9.279583998211745|266000
9.279583998211745|267000
9.279583998211745|268000
9.279583998211745|269000
9.279583998211745|270000
9.279583998211745|271000
9.279583998211745|272000
9.279583998211745|273000
9.279583998211745|274000
9.279583998211745|275000
9.279583998211745|276000
9.279583998211745|277000
9.279583998211745|278000
9.279583998211745|279000
9.279583998211745|280000
9.279583998211745|281000
9.279583998211745|282000
9.279583998211745|283000
9.279583998211745|284000
9.279583998211745|285000
9.279583998211745|286000
9.279583998211745|287000
9.279583998211745|288000
9.279583998211745|289000
9.279583998211745|290000
9.279583998211745|291000
9.279583998211745|292000
9.279583998211745|293000
9.279583998211745|294000
9.279583998211745|295000
9.279583998211745|296000
9.279583998211745|297000
9.279583998211745|298000
9.279583998211745|299000
9.279583998211745|300000
9.279583998211745|301000
9.279583998211745|302000
9.279583998211745|303000
9.279583998211745|304000
9.279583998211745|305000
9.279583998211745|306000
9.279583998211745|307000
9.279583998211745|308000
9.279583998211745|309000
9.279583998211745|310000
9.279583998211745|311000
9.279583998211745|312000
9.279583998211745|313000
9.279583998211745|314000
9.279583998211745|315000
9.279583998211745|316000
9.279583998211745|317000
9.279583998211745|318000
9.279583998211745|319000
9.279583998211745|320000
9.279583998211745|321000
9.279583998211745|322000
9.279583998211745|323000
9.279583998211745|324000
9.279583998211745|325000
9.279583998211745|326000
9.279583998211745|327000
9.279583998211745|328000
9.279583998211745|329000
9.279583998211745|330000
9.279583998211745|331000
9.279583998211745|332000
9.279583998211745|333000
9.279583998211745|334000
9.279583998211745|335000
9.279583998211745|336000
9.279583998211745|337000
9.279583998211745|338000
9.279583998211745|339000
9.279583998211745|340000
9.279583998211745|341000
9.279583998211745|342000
9.279583998211745|343000
9.279583998211745|344000
9.279583998211745|345000
9.279583998211745|346000
9.279583998211745|347000
9.279583998211745|348000
9.279583998211745|349000
9.279583998211745|350000
9.279583998211745|351000
9.279583998211745|352000
9.279583998211745|353000
9.279583998211745|354000
9.279583998211745|355000
9.279583998211745|356000
9.279583998211745|357000
9.279583998211745|358000
9.279583998211745|359000
9.279583998211745|360000
9.279583998211745|361000
9.279583998211745|362000
9.279583998211745|363000
9.279583998211745|364000
9.279583998211745|365000
9.279583998211745|366000
9.279583998211745|367000
9.279583998211745|368000
9.279583998211745|369000
9.279583998211745|370000
9.279583998211745|371000
9.279583998211745|372000
9.279583998211745|373000
9.279583998211745|374000
9.279583998211745|375000
9.279583998211745|376000
9.279583998211745|377000
9.279583998211745|378000
9.279583998211745|379000
9.279583998211745|380000
9.279583998211745|381000
9.279583998211745|382000
9.279583998211745|383000
9.279583998211745|384000
9.279583998211745|385000
9.279583998211745|386000
9.279583998211745|387000
9.279583998211745|388000
9.279583998211745|389000
9.279583998211745|390000
9.279583998211745|391000
9.279583998211745|392000
9.279583998211745|393000
9.279583998211745|394000
9.279583998211745|395000
9.279583998211745|396000
9.279583998211745|397000
9.279583998211745|398000
9.279583998211745|399000
9.279583998211745|400000
9.279583998211745|401000
9.279583998211745|402000
9.279583998211745|403000
9.279583998211745|404000
9.279583998211745|405000
9.279583998211745|406000
9.279583998211745|407000
9.279583998211745|408000
9.279583998211745|409000
9.279583998211745|410000
9.279583998211745|411000
9.279583998211745|412000
9.279583998211745|413000
9.279583998211745|414000
9.279583998211745|415000
9.279583998211745|416000
9.279583998211745|417000
9.279583998211745|418000
9.279583998211745|419000
9.279583998211745|420000
9.279583998211745|421000
9.279583998211745|422000
9.279583998211745|423000
9.279583998211745|424000
9.279583998211745|425000
9.279583998211745|426000
9.279583998211745|427000
9.279583998211745|428000
9.279583998211745|429000
9.279583998211745|430000
9.279583998211745|431000
9.279583998211745|432000
9.279583998211745|433000
9.279583998211745|434000
9.279583998211745|435000
9.279583998211745|436000
9.279583998211745|437000
9.279583998211745|438000
9.279583998211745|439000
9.279583998211745|440000
9.279583998211745|441000
9.279583998211745|442000
9.279583998211745|443000
9.279583998211745|444000
9.279583998211745|445000
9.279583998211745|446000
9.279583998211745|447000
9.279583998211745|448000
9.279583998211745|449000
9.279583998211745|450000
9.279583998211745|451000
9.279583998211745|452000
9.279583998211745|453000
9.279583998211745|454000
9.279583998211745|455000
9.279583998211745|456000
9.279583998211745|457000
9.279583998211745|458000
9.279583998211745|459000
9.279583998211745|460000
9.279583998211745|461000
9.279583998211745|462000
9.279583998211745|463000
9.279583998211745|464000
9.279583998211745|465000
9.279583998211745|466000
9.279583998211745|467000
9.279583998211745|468000
9.279583998211745|469000
9.279583998211745|470000
9.279583998211745|471000
9.279583998211745|472000
9.279583998211745|473000
9.279583998211745|474000
9.279583998211745|475000
9.279583998211745|476000
9.279583998211745|477000
9.279583998211745|478000
9.279583998211745|479000
9.279583998211745|480000
9.279583998211745|481000
9.279583998211745|482000
9.279583998211745|483000
9.279583998211745|484000
9.279583998211745|485000
9.279583998211745|486000
9.279583998211745|487000
9.279583998211745|488000
9.279583998211745|489000
9.279583998211745|490000
9.279583998211745|491000
9.279583998211745|492000
9.279583998211745|493000
9.279583998211745|494000
9.279583998211745|495000
9.279583998211745|496000
9.279583998211745|497000
9.279583998211745|498000
9.279583998211745|499000
9.279583998211745|500000
9.279583998211745|501000
9.279583998211745|502000
9.279583998211745|503000
9.279583998211745|504000
9.279583998211745|505000
9.279583998211745|506000
9.279583998211745|507000
9.279583998211745|508000
9.279583998211745|509000
9.279583998211745|510000
9.279583998211745|511000
9.279583998211745|512000
9.279583998211745|513000
9.279583998211745|514000
9.279583998211745|515000
9.279583998211745|516000
9.279583998211745|517000
9.279583998211745|518000
9.279583998211745|519000
9.279583998211745|520000
9.279583998211745|521000
9.279583998211745|522000
9.279583998211745|523000
9.279583998211745|524000
9.279583998211745|525000
9.279583998211745|526000
9.279583998211745|527000
9.279583998211745|528000
9.279583998211745|529000
9.279583998211745|530000
9.279583998211745|531000
9.279583998211745|532000
9.279583998211745|533000
9.279583998211745|534000
9.279583998211745|535000
9.279583998211745|536000
9.279583998211745|537000
9.279583998211745|538000
9.279583998211745|539000
9.279583998211745|540000
9.279583998211745|541000
9.279583998211745|542000
9.279583998211745|543000
9.279583998211745|544000
9.279583998211745|545000
9.279583998211745|546000
9.279583998211745|547000
9.279583998211745|548000
9.279583998211745|549000
9.279583998211745|550000
9.279583998211745|551000
9.279583998211745|552000
9.279583998211745|553000
9.279583998211745|554000
9.279583998211745|555000
9.279583998211745|556000
9.279583998211745|557000
9.279583998211745|558000
9.279583998211745|559000
9.279583998211745|560000
9.279583998211745|561000
9.279583998211745|562000
9.279583998211745|563000
9.279583998211745|564000
9.279583998211745|565000
9.279583998211745|566000
9.279583998211745|567000
9.279583998211745|568000
9.279583998211745|569000
9.279583998211745|570000
9.279583998211745|571000
9.279583998211745|572000
9.279583998211745|573000
9.279583998211745|574000
9.279583998211745|575000
9.279583998211745|576000
9.279583998211745|577000
9.279583998211745|578000
9.279583998211745|579000
9.279583998211745|580000
9.279583998211745|581000
9.279583998211745|582000
9.279583998211745|583000
9.279583998211745|584000
9.279583998211745|585000
9.279583998211745|586000
9.279583998211745|587000
9.279583998211745|588000
9.279583998211745|589000
9.279583998211745|590000
9.279583998211745|591000
9.279583998211745|592000
9.279583998211745|593000
9.279583998211745|594000
9.279583998211745|595000
9.279583998211745|596000
9.279583998211745|597000
9.279583998211745|598000
9.279583998211745|599000
9.279583998211745|600000
9.279583998211745|601000
9.279583998211745|602000
9.279583998211745|603000
9.279583998211745|604000
9.279583998211745|605000
9.279583998211745|606000
9.279583998211745|607000
9.279583998211745|608000
9.279583998211745|609000
9.279583998211745|610000
9.279583998211745|611000
9.279583998211745|612000
9.279583998211745|613000
9.279583998211745|614000
9.279583998211745|615000
9.279583998211745|616000
9.279583998211745|617000
9.279583998211745|618000
9.279583998211745|619000
9.279583998211745|620000
9.279583998211745|621000
9.279583998211745|622000
9.279583998211745|623000
9.279583998211745|624000
9.279583998211745|625000
9.279583998211745|626000
9.279583998211745|627000
9.279583998211745|628000
9.279583998211745|629000
9.279583998211745|630000
9.279583998211745|631000
9.279583998211745|632000
9.279583998211745|633000
9.279583998211745|634000
9.279583998211745|635000
9.279583998211745|636000
9.279583998211745|637000
9.279583998211745|638000
9.279583998211745|639000
9.279583998211745|640000
9.279583998211745|641000
9.279583998211745|642000
9.279583998211745|643000
9.279583998211745|644000
9.279583998211745|645000
9.279583998211745|646000
9.279583998211745|647000
9.279583998211745|648000
9.279583998211745|649000
9.279583998211745|650000
9.279583998211745|651000
9.279583998211745|652000
9.279583998211745|653000
9.279583998211745|654000
9.279583998211745|655000
9.279583998211745|656000
9.279583998211745|657000
9.279583998211745|658000
9.279583998211745|659000
9.279583998211745|660000
9.279583998211745|661000
9.279583998211745|662000
9.279583998211745|663000
9.279583998211745|664000
9.279583998211745|665000
9.279583998211745|666000
9.279583998211745|667000
9.279583998211745|668000
9.279583998211745|669000
9.279583998211745|670000
9.279583998211745|671000
9.279583998211745|672000
9.279583998211745|673000
9.279583998211745|674000
9.279583998211745|675000
9.279583998211745|676000
9.279583998211745|677000
9.279583998211745|678000
9.279583998211745|679000
9.279583998211745|680000
9.279583998211745|681000
9.279583998211745|682000
9.279583998211745|683000
9.279583998211745|684000
9.279583998211745|685000
9.279583998211745|686000
9.279583998211745|687000
9.279583998211745|688000
9.279583998211745|689000
9.279583998211745|690000
9.279583998211745|691000
9.279583998211745|692000
9.279583998211745|693000
9.279583998211745|694000
9.279583998211745|695000
9.279583998211745|696000
9.279583998211745|697000
9.279583998211745|698000
9.279583998211745|699000
9.279583998211745|700000
9.279583998211745|701000
9.279583998211745|702000
9.279583998211745|703000
9.279583998211745|704000
9.279583998211745|705000
9.279583998211745|706000
9.279583998211745|707000
9.279583998211745|708000
9.279583998211745|709000
9.279583998211745|710000
9.279583998211745|711000
9.279583998211745|712000
9.279583998211745|713000
9.279583998211745|714000
9.279583998211745|715000
9.279583998211745|716000
9.279583998211745|717000
9.279583998211745|718000
9.279583998211745|719000
9.279583998211745|720000
9.279583998211745|721000
9.279583998211745|722000
9.279583998211745|723000
9.279583998211745|724000
9.279583998211745|725000
9.279583998211745|726000
9.279583998211745|727000
9.279583998211745|728000
9.279583998211745|729000
9.279583998211745|730000
9.279583998211745|731000
9.279583998211745|732000
9.279583998211745|733000
9.279583998211745|734000
9.279583998211745|735000
9.279583998211745|736000
9.279583998211745|737000
9.279583998211745|738000
9.279583998211745|739000
9.279583998211745|740000
9.279583998211745|741000
9.279583998211745|742000
9.279583998211745|743000
9.279583998211745|744000
9.279583998211745|745000
9.279583998211745|746000
9.279583998211745|747000
9.279583998211745|748000
9.279583998211745|749000
9.279583998211745|750000
9.279583998211745|751000
9.279583998211745|752000
9.279583998211745|753000
9.279583998211745|754000
9.279583998211745|755000
9.279583998211745|756000
9.279583998211745|757000
9.279583998211745|758000
9.279583998211745|759000
9.279583998211745|760000
9.279583998211745|761000
9.279583998211745|762000
9.279583998211745|763000
9.279583998211745|764000
9.279583998211745|765000
9.279583998211745|766000
9.279583998211745|767000
9.279583998211745|768000
9.279583998211745|769000
9.279583998211745|770000
9.279583998211745|771000
9.279583998211745|772000
9.279583998211745|773000
9.279583998211745|774000
9.279583998211745|775000
9.279583998211745|776000
9.279583998211745|777000
9.279583998211745|778000
9.279583998211745|779000
9.279583998211745|780000
9.279583998211745|781000
9.279583998211745|782000
9.279583998211745|783000
9.279583998211745|784000
9.279583998211745|785000
9.279583998211745|786000
9.279583998211745|787000
9.279583998211745|788000
9.279583998211745|789000
9.279583998211745|790000
9.279583998211745|791000
9.279583998211745|792000
9.279583998211745|793000
9.279583998211745|794000
9.279583998211745|795000
9.279583998211745|796000
9.279583998211745|797000
9.279583998211745|798000
9.279583998211745|799000
9.279583998211745|800000
9.279583998211745|801000
9.279583998211745|802000
9.279583998211745|803000
9.279583998211745|804000
9.279583998211745|805000
9.279583998211745|806000
9.279583998211745|807000
9.279583998211745|808000
9.279583998211745|809000
9.279583998211745|810000
9.279583998211745|811000
9.279583998211745|812000
9.279583998211745|813000
9.279583998211745|814000
9.279583998211745|815000
9.279583998211745|816000
9.279583998211745|817000
9.279583998211745|818000
9.279583998211745|819000
9.279583998211745|820000
9.279583998211745|821000
9.279583998211745|822000
9.279583998211745|823000
9.279583998211745|824000
9.279583998211745|825000
9.279583998211745|826000
9.279583998211745|827000
9.279583998211745|828000
9.279583998211745|829000
9.279583998211745|830000
9.279583998211745|831000
9.279583998211745|832000
9.279583998211745|833000
9.279583998211745|834000
9.279583998211745|835000
9.279583998211745|836000
9.279583998211745|837000
9.279583998211745|838000
9.279583998211745|839000
9.279583998211745|840000
9.279583998211745|841000
9.279583998211745|842000
9.279583998211745|843000
9.279583998211745|844000
9.279583998211745|845000
9.279583998211745|846000
9.279583998211745|847000
9.279583998211745|848000
9.279583998211745|849000
9.279583998211745|850000
9.279583998211745|851000
9.279583998211745|852000
9.279583998211745|853000
9.279583998211745|854000
9.279583998211745|855000
9.279583998211745|856000
9.279583998211745|857000
9.279583998211745|858000
9.279583998211745|859000
9.279583998211745|860000
9.279583998211745|861000
9.279583998211745|862000
9.279583998211745|863000
9.279583998211745|864000
9.279583998211745|865000
9.279583998211745|866000
9.279583998211745|867000
9.279583998211745|868000
9.279583998211745|869000
9.279583998211745|870000
9.279583998211745|871000
9.279583998211745|872000
9.279583998211745|873000
9.279583998211745|874000
9.279583998211745|875000
9.279583998211745|876000
9.279583998211745|877000
9.279583998211745|878000
9.279583998211745|879000
9.279583998211745|880000
9.279583998211745|881000
9.279583998211745|882000
9.279583998211745|883000
9.279583998211745|884000
9.279583998211745|885000
9.279583998211745|886000
9.279583998211745|887000
9.279583998211745|888000
9.279583998211745|889000
9.279583998211745|890000
9.279583998211745|891000
9.279583998211745|892000
9.279583998211745|893000
9.279583998211745|894000
9.279583998211745|895000
9.279583998211745|896000
9.279583998211745|897000
9.279583998211745|898000
9.279583998211745|899000
9.279583998211745|900000
9.279583998211745|901000
9.279583998211745|902000
9.279583998211745|903000
9.279583998211745|904000
9.279583998211745|905000
9.279583998211745|906000
9.279583998211745|907000
9.279583998211745|908000
9.279583998211745|909000
9.279583998211745|910000
9.279583998211745|911000
9.279583998211745|912000
9.279583998211745|913000
9.279583998211745|914000
9.279583998211745|915000
9.279583998211745|916000
9.279583998211745|917000
9.279583998211745|918000
9.279583998211745|919000
9.279583998211745|920000
9.279583998211745|921000
9.279583998211745|922000
9.279583998211745|923000
9.279583998211745|924000
9.279583998211745|925000
9.279583998211745|926000
9.279583998211745|927000
9.279583998211745|928000
9.279583998211745|929000
9.279583998211745|930000
9.279583998211745|931000
9.279583998211745|932000
9.279583998211745|933000
9.279583998211745|934000
9.279583998211745|935000
9.279583998211745|936000
9.279583998211745|937000
9.279583998211745|938000
9.279583998211745|939000
9.279583998211745|940000
9.279583998211745|941000
9.279583998211745|942000
9.279583998211745|943000
9.279583998211745|944000
9.279583998211745|945000
9.279583998211745|946000
9.279583998211745|947000
9.279583998211745|948000
9.279583998211745|949000
9.279583998211745|950000
9.279583998211745|951000
9.279583998211745|952000
9.279583998211745|953000
9.279583998211745|954000
9.279583998211745|955000
9.279583998211745|956000
9.279583998211745|957000
9.279583998211745|958000
9.279583998211745|959000
9.279583998211745|960000
9.279583998211745|961000
9.279583998211745|962000
9.279583998211745|963000
9.279583998211745|964000
9.279583998211745|965000
9.279583998211745|966000
9.279583998211745|967000
9.279583998211745|968000
9.279583998211745|969000
9.279583998211745|970000
9.279583998211745|971000
9.279583998211745|972000
9.279583998211745|973000
9.279583998211745|974000
9.279583998211745|975000
9.279583998211745|976000
9.279583998211745|977000
9.279583998211745|978000
9.279583998211745|979000
9.279583998211745|980000
9.279583998211745|981000
9.279583998211745|982000
9.279583998211745|983000
9.279583998211745|984000
9.279583998211745|985000
9.279583998211745|986000
9.279583998211745|987000
9.279583998211745|988000
9.279583998211745|989000
9.279583998211745|990000
9.279583998211745|991000
9.279583998211745|992000
9.279583998211745|993000
9.279583998211745|994000
9.279583998211745|995000
9.279583998211745|996000
9.279583998211745|997000
9.279583998211745|998000
9.279583998211745|999000
9.279583998211745|1000000
