21.954019372339324|2000
21.339423378099177|3000
21.32233004111687|4000
20.309930142218715|5000
19.979730680452455|6000
19.593171061507668|7000
18.970412171416136|8000
18.91525892798774|9000
18.61526028692784|10000
18.202545795474492|11000
17.64403700831336|12000
17.43471109440725|13000
17.193543637476644|14000
16.603312354411624|15000
16.603312354411624|16000
16.37565357926605|17000
16.232239505904065|18000
15.932033148097283|19000
15.499368094928247|20000
15.437752330316151|21000
15.098087360053473|22000
15.098087360053473|23000
14.990730417305576|24000
14.813971513387823|25000
14.380945554974948|26000
14.30421513521411|27000
13.962289482381363|28000
13.879208925384766|29000
13.738295277571734|30000
13.237368043184661|31000
13.237368043184661|32000
13.237368043184661|33000
13.193002661846746|34000
13.193002661846746|35000
13.04481917940812|36000
12.662072053828199|37000
12.493132661845891|38000
12.493132661845891|39000
12.493132661845891|40000
12.319321119189265|41000
12.157390191819168|42000
12.157390191819168|43000
12.157390191819168|44000
11.764572483049951|45000
11.64168495749015|46000
11.64168495749015|47000
11.59825728188789|48000
11.59825728188789|49000
11.459942471075331|50000
11.301530477444341|51000
11.291748247883497|52000
10.99502144343995|53000
10.927797567055729|54000
10.927797567055729|55000
10.927797567055729|56000
10.771694323031134|57000
10.629825230394733|58000
10.629825230394733|59000
10.492278598163248|60000
10.397829669530568|61000
10.397829669530568|62000
10.397829669530568|63000
10.397829669530568|64000
10.303745826558849|65000
10.119862661808941|66000
10.029593761891379|67000
10.029593761891379|68000
10.029593761891379|69000
9.941853035789928|70000
9.941853035789928|71000
9.881125221142172|72000
9.881125221142172|73000
9.787142065038006|74000
9.627973362288012|75000
9.627973362288012|76000
9.525110705158118|77000
9.525110705158118|78000
9.525110705158118|79000
9.525110705158118|80000
9.491157673114126|81000
9.491157673114126|82000
9.491157673114126|83000
9.414854248284854|84000
9.389935104651203|85000
9.389935104651203|86000
9.389935104651203|87000
9.351908095365738|88000
9.326368242455187|89000
9.200879529109947|90000
9.200879529109947|91000
9.200879529109947|92000
9.200879529109947|93000
9.200879529109947|94000
9.200879529109947|95000
9.027056210040666|96000
9.027056210040666|97000
9.027056210040666|98000
8.945407650836392|99000
8.945407650836392|100000
8.945407650836392|101000
8.945407650836392|102000
8.945407650836392|103000
8.915543670232314|104000
8.914093145906222|105000
8.914093145906222|106000
8.892088071435241|107000
8.892088071435241|108000
8.874749313002546|109000
8.874749313002546|110000
8.874749313002546|111000
8.843434808072374|112000
8.829917463395413|113000
8.829917463395413|114000
8.829917463395413|115000
8.812270005657755|116000
8.59856959100448|117000
8.59856959100448|118000
8.59856959100448|119000
8.59856959100448|120000
8.59856959100448|121000
8.577423285154858|122000
8.514261946921618|123000
8.350034099078806|124000
8.350034099078806|125000
8.350034099078806|126000
8.218612109501517|127000
8.218612109501517|128000
8.218612109501517|129000
8.218612109501517|130000
8.218612109501517|131000
8.218612109501517|132000
8.218612109501517|133000
8.218612109501517|134000
8.139134450777902|135000
8.139134450777902|136000
8.139134450777902|137000
8.139134450777902|138000
8.139134450777902|139000
8.092830484048207|140000
8.092830484048207|141000
8.092830484048207|142000
8.092830484048207|143000
8.01884097749571|144000
8.01884097749571|145000
8.01884097749571|146000
8.01884097749571|147000
7.971489450318847|148000
7.971489450318847|149000
7.971489450318847|150000
7.971489450318847|151000
7.971489450318847|152000
7.971489450318847|153000
7.940174945388675|154000
7.924389243746306|155000
7.924389243746306|156000
7.924389243746306|157000
7.879760524859796|158000
7.879760524859796|159000
7.879760524859796|160000
7.845081676674024|161000
7.845081676674024|162000
7.845081676674024|163000
7.826117474256312|164000
7.826117474256312|165000
7.699928964920186|166000
7.655300246033676|167000
7.655300246033676|168000
7.655300246033676|169000
7.655300246033676|170000
7.6106808930714145|171000
7.6106808930714145|172000
7.6106808930714145|173000
7.608200039461135|174000
7.608200039461135|175000
7.608200039461135|176000
7.608200039461135|177000
7.563580686498874|178000
7.563580686498874|179000
7.563580686498874|180000
7.563580686498874|181000
7.563580686498874|182000
7.563580686498874|183000
7.563580686498874|184000
7.5550268001946|185000
7.5550268001946|186000
7.5314503314926124|187000
7.5314503314926124|188000
7.5314503314926124|189000
7.5314503314926124|190000
7.5314503314926124|191000
7.5314503314926124|192000
7.522896445188339|193000
7.522896445188339|194000
7.511608660279064|195000
7.511608660279064|196000
7.511608660279064|197000
7.511608660279064|198000
7.511608660279064|199000
7.511608660279064|200000
7.503054773974791|201000
7.503054773974791|202000
7.479194366789592|203000
7.479194366789592|204000
7.479194366789592|205000
7.479194366789592|206000
7.470640480485319|207000
7.470640480485319|208000
7.470640480485319|209000
7.470640480485319|210000
7.470640480485319|211000
7.470640480485319|212000
7.470640480485319|213000
7.470640480485319|214000
7.470640480485319|215000
7.470640480485319|216000
7.470640480485319|217000
7.470640480485319|218000
7.470640480485319|219000
7.470640480485319|220000
7.470640480485319|221000
7.470640480485319|222000
7.470640480485319|223000
7.470640480485319|224000
7.470640480485319|225000
7.470640480485319|226000
7.470640480485319|227000
7.470640480485319|228000
7.470640480485319|229000
7.470640480485319|230000
7.470640480485319|231000
7.470640480485319|232000
7.470640480485319|233000
7.470640480485319|234000
7.470640480485319|235000
7.470640480485319|236000
7.470640480485319|237000
7.470640480485319|238000
7.470640480485319|239000
7.470640480485319|240000
7.470640480485319|241000
7.470640480485319|242000
7.470640480485319|243000
7.470640480485319|244000
7.470640480485319|245000
7.470640480485319|246000
7.470640480485319|247000
7.470640480485319|248000
7.470640480485319|249000
7.470640480485319|250000
7.470640480485319|251000
7.470640480485319|252000
7.470640480485319|253000
7.470640480485319|254000
7.470640480485319|255000
7.470640480485319|256000
7.470640480485319|257000
7.470640480485319|258000
7.470640480485319|259000
7.470640480485319|260000
7.470640480485319|261000
7.470640480485319|262000
7.470640480485319|263000
7.470640480485319|264000
7.470640480485319|265000
7.470640480485319|266000
7.470640480485319|267000
7.470640480485319|268000
7.470640480485319|269000
7.470640480485319|270000
7.470640480485319|271000
7.470640480485319|272000
7.470640480485319|273000
7.470640480485319|274000
7.470640480485319|275000
7.470640480485319|276000
7.470640480485319|277000
7.470640480485319|278000
7.470640480485319|279000
7.470640480485319|280000
7.470640480485319|281000
7.470640480485319|282000
7.470640480485319|283000
7.470640480485319|284000
7.470640480485319|285000
7.470640480485319|286000
7.470640480485319|287000
7.470640480485319|288000
7.470640480485319|289000
7.470640480485319|290000
7.470640480485319|291000
7.470640480485319|292000
7.470640480485319|293000
7.470640480485319|294000
7.470640480485319|295000
7.470640480485319|296000
7.470640480485319|297000
7.470640480485319|298000
7.470640480485319|299000
7.470640480485319|300000
7.470640480485319|301000
7.470640480485319|302000
7.470640480485319|303000
7.470640480485319|304000
7.470640480485319|305000
7.470640480485319|306000
7.470640480485319|307000
7.470640480485319|308000
7.470640480485319|309000
7.470640480485319|310000
7.470640480485319|311000
7.470640480485319|312000
7.470640480485319|313000
7.470640480485319|314000
7.470640480485319|315000
7.470640480485319|316000
7.470640480485319|317000
7.470640480485319|318000
7.470640480485319|319000
7.470640480485319|320000
7.470640480485319|321000
7.470640480485319|322000
7.470640480485319|323000
7.470640480485319|324000
7.470640480485319|325000
7.470640480485319|326000
7.470640480485319|327000
7.470640480485319|328000
7.470640480485319|329000
7.470640480485319|330000
7.470640480485319|331000
7.470640480485319|332000
7.470640480485319|333000
7.470640480485319|334000
7.470640480485319|335000
7.470640480485319|336000
7.470640480485319|337000
7.470640480485319|338000
7.470640480485319|339000
7.470640480485319|340000
7.470640480485319|341000
7.470640480485319|342000
7.470640480485319|343000
7.470640480485319|344000
7.470640480485319|345000
7.470640480485319|346000
7.470640480485319|347000
7.470640480485319|348000
7.470640480485319|349000
7.470640480485319|350000
7.470640480485319|351000
7.470640480485319|352000
7.470640480485319|353000
7.470640480485319|354000
7.470640480485319|355000
7.470640480485319|356000
7.470640480485319|357000
7.470640480485319|358000
7.470640480485319|359000
7.470640480485319|360000
7.470640480485319|361000
7.470640480485319|362000
7.470640480485319|363000
7.470640480485319|364000
7.470640480485319|365000
7.470640480485319|366000
7.470640480485319|367000
7.470640480485319|368000
7.470640480485319|369000
7.470640480485319|370000
7.470640480485319|371000
7.470640480485319|372000
7.470640480485319|373000
7.470640480485319|374000
7.470640480485319|375000
7.470640480485319|376000
7.470640480485319|377000
7.470640480485319|378000
7.470640480485319|379000
7.470640480485319|380000
7.470640480485319|381000
7.470640480485319|382000
7.470640480485319|383000
7.470640480485319|384000
7.470640480485319|385000
7.470640480485319|386000
7.470640480485319|387000
7.470640480485319|388000
7.470640480485319|389000
7.470640480485319|390000
7.470640480485319|391000
7.470640480485319|392000
7.470640480485319|393000
7.470640480485319|394000
7.470640480485319|395000
7.470640480485319|396000
7.470640480485319|397000
7.470640480485319|398000
7.470640480485319|399000
7.470640480485319|400000
7.470640480485319|401000
7.470640480485319|402000
7.470640480485319|403000
7.470640480485319|404000
7.470640480485319|405000
7.470640480485319|406000
7.470640480485319|407000
7.470640480485319|408000
7.470640480485319|409000
7.470640480485319|410000
7.470640480485319|411000
7.470640480485319|412000
7.470640480485319|413000
7.470640480485319|414000
7.470640480485319|415000
7.470640480485319|416000
7.470640480485319|417000
7.470640480485319|418000
7.470640480485319|419000
7.470640480485319|420000
7.470640480485319|421000
7.470640480485319|422000
7.470640480485319|423000
7.470640480485319|424000
7.470640480485319|425000
7.470640480485319|426000
7.470640480485319|427000
7.470640480485319|428000
7.470640480485319|429000
7.470640480485319|430000
7.470640480485319|431000
7.470640480485319|432000
7.470640480485319|433000
7.470640480485319|434000
7.470640480485319|435000
7.470640480485319|436000
7.470640480485319|437000
7.470640480485319|438000
7.470640480485319|439000
7.470640480485319|440000
7.470640480485319|441000
7.470640480485319|442000
7.470640480485319|443000
7.470640480485319|444000
7.470640480485319|445000
7.470640480485319|446000
7.470640480485319|447000
7.470640480485319|448000
7.470640480485319|449000
7.470640480485319|450000
7.470640480485319|451000
7.470640480485319|452000
7.470640480485319|453000
7.470640480485319|454000
7.470640480485319|455000
7.470640480485319|456000
7.470640480485319|457000
7.470640480485319|458000
7.470640480485319|459000
7.470640480485319|460000
7.470640480485319|461000
7.470640480485319|462000
7.470640480485319|463000
7.470640480485319|464000
7.470640480485319|465000
7.470640480485319|466000
7.470640480485319|467000
7.470640480485319|468000
7.470640480485319|469000
7.470640480485319|470000
7.470640480485319|471000
7.470640480485319|472000
7.470640480485319|473000
7.470640480485319|474000
7.470640480485319|475000
7.470640480485319|476000
7.470640480485319|477000
7.470640480485319|478000
7.470640480485319|479000
7.470640480485319|480000
7.470640480485319|481000
7.470640480485319|482000
7.470640480485319|483000
7.470640480485319|484000
7.470640480485319|485000
7.470640480485319|486000
7.470640480485319|487000
7.470640480485319|488000
7.470640480485319|489000
7.470640480485319|490000
7.470640480485319|491000
7.470640480485319|492000
7.470640480485319|493000
7.470640480485319|494000
7.470640480485319|495000
7.470640480485319|496000
7.470640480485319|497000
7.470640480485319|498000
7.470640480485319|499000
7.470640480485319|500000
7.470640480485319|501000
7.470640480485319|502000
7.470640480485319|503000
7.470640480485319|504000
7.470640480485319|505000
7.470640480485319|506000
7.470640480485319|507000
7.470640480485319|508000
7.470640480485319|509000
7.470640480485319|510000
7.470640480485319|511000
7.470640480485319|512000
7.470640480485319|513000
7.470640480485319|514000
7.470640480485319|515000
7.470640480485319|516000
7.470640480485319|517000
7.470640480485319|518000
7.470640480485319|519000
7.470640480485319|520000
7.470640480485319|521000
7.470640480485319|522000
7.470640480485319|523000
7.470640480485319|524000
7.470640480485319|525000
7.470640480485319|526000
7.470640480485319|527000
7.470640480485319|528000
7.470640480485319|529000
7.470640480485319|530000
7.470640480485319|531000
7.470640480485319|532000
7.470640480485319|533000
7.470640480485319|534000
7.470640480485319|535000
7.470640480485319|536000
7.470640480485319|537000
7.470640480485319|538000
7.470640480485319|539000
7.470640480485319|540000
7.470640480485319|541000
7.470640480485319|542000
7.470640480485319|543000
7.470640480485319|544000
7.470640480485319|545000
7.470640480485319|546000
7.470640480485319|547000
7.470640480485319|548000
7.470640480485319|549000
7.470640480485319|550000
7.470640480485319|551000
7.470640480485319|552000
7.470640480485319|553000
7.470640480485319|554000
7.470640480485319|555000
7.470640480485319|556000
7.470640480485319|557000
7.470640480485319|558000
7.470640480485319|559000
7.470640480485319|560000
7.470640480485319|561000
7.470640480485319|562000
7.470640480485319|563000
7.470640480485319|564000
7.470640480485319|565000
7.470640480485319|566000
7.470640480485319|567000
7.470640480485319|568000
7.470640480485319|569000
7.470640480485319|570000
7.470640480485319|571000
7.470640480485319|572000
7.470640480485319|573000
7.470640480485319|574000
7.470640480485319|575000
7.470640480485319|576000
7.470640480485319|577000
7.470640480485319|578000
7.470640480485319|579000
7.470640480485319|580000
7.470640480485319|581000
7.470640480485319|582000
7.470640480485319|583000
7.470640480485319|584000
7.470640480485319|585000
7.470640480485319|586000
7.470640480485319|587000
7.470640480485319|588000
7.470640480485319|589000
7.470640480485319|590000
7.470640480485319|591000
7.470640480485319|592000
7.470640480485319|593000
7.470640480485319|594000
7.470640480485319|595000
7.470640480485319|596000
7.470640480485319|597000
7.470640480485319|598000
7.470640480485319|599000
7.470640480485319|600000
7.470640480485319|601000
7.470640480485319|602000
7.470640480485319|603000
7.470640480485319|604000
7.470640480485319|605000
7.470640480485319|606000
7.470640480485319|607000
7.470640480485319|608000
7.470640480485319|609000
7.470640480485319|610000
7.470640480485319|611000
7.470640480485319|612000
7.470640480485319|613000
7.470640480485319|614000
7.470640480485319|615000
7.470640480485319|616000
7.470640480485319|617000
7.470640480485319|618000
7.470640480485319|619000
7.470640480485319|620000
7.470640480485319|621000
7.470640480485319|622000
7.470640480485319|623000
7.470640480485319|624000
7.470640480485319|625000
7.470640480485319|626000
7.470640480485319|627000
7.470640480485319|628000
7.470640480485319|629000
7.470640480485319|630000
7.470640480485319|631000
7.470640480485319|632000
7.470640480485319|633000
7.470640480485319|634000
7.470640480485319|635000
7.470640480485319|636000
7.470640480485319|637000
7.470640480485319|638000
7.470640480485319|639000
7.470640480485319|640000
7.470640480485319|641000
7.470640480485319|642000
7.470640480485319|643000
7.470640480485319|644000
7.470640480485319|645000
7.470640480485319|646000
7.470640480485319|647000
7.470640480485319|648000
7.470640480485319|649000
7.470640480485319|650000
7.470640480485319|651000
7.470640480485319|652000
7.470640480485319|653000
7.470640480485319|654000
7.470640480485319|655000
7.470640480485319|656000
7.470640480485319|657000
7.470640480485319|658000
7.470640480485319|659000
7.470640480485319|660000
7.470640480485319|661000
7.470640480485319|662000
7.470640480485319|663000
7.470640480485319|664000
7.470640480485319|665000
7.470640480485319|666000
7.470640480485319|667000
7.470640480485319|668000
7.470640480485319|669000
7.470640480485319|670000
7.470640480485319|671000
7.470640480485319|672000
7.470640480485319|673000
7.470640480485319|674000
7.470640480485319|675000
7.470640480485319|676000
7.470640480485319|677000
7.470640480485319|678000
7.470640480485319|679000
7.470640480485319|680000
7.470640480485319|681000
7.470640480485319|682000
7.470640480485319|683000
7.470640480485319|684000
7.470640480485319|685000
7.470640480485319|686000
7.470640480485319|687000
7.470640480485319|688000
7.470640480485319|689000
7.470640480485319|690000
7.470640480485319|691000
7.470640480485319|692000
7.470640480485319|693000
7.470640480485319|694000
7.470640480485319|695000
7.470640480485319|696000
7.470640480485319|697000
7.470640480485319|698000
7.470640480485319|699000
7.470640480485319|700000
7.470640480485319|701000
7.470640480485319|702000
7.470640480485319|703000
7.470640480485319|704000
7.470640480485319|705000
7.470640480485319|706000
7.470640480485319|707000
7.470640480485319|708000
7.470640480485319|709000
7.470640480485319|710000
7.470640480485319|711000
7.470640480485319|712000
7.470640480485319|713000
7.470640480485319|714000
7.470640480485319|715000
7.470640480485319|716000
7.470640480485319|717000
7.470640480485319|718000
7.470640480485319|719000
7.470640480485319|720000
7.470640480485319|721000
7.470640480485319|722000
7.470640480485319|723000
7.470640480485319|724000
7.470640480485319|725000
7.470640480485319|726000
7.470640480485319|727000
7.470640480485319|728000
7.470640480485319|729000
7.470640480485319|730000
7.470640480485319|731000
7.470640480485319|732000
7.470640480485319|733000
7.470640480485319|734000
7.470640480485319|735000
7.470640480485319|736000
7.470640480485319|737000
7.470640480485319|738000
7.470640480485319|739000
7.470640480485319|740000
7.470640480485319|741000
7.470640480485319|742000
7.470640480485319|743000
7.470640480485319|744000
7.470640480485319|745000
7.470640480485319|746000
7.470640480485319|747000
7.470640480485319|748000
7.470640480485319|749000
7.470640480485319|750000
7.470640480485319|751000
7.470640480485319|752000
7.470640480485319|753000
7.470640480485319|754000
7.470640480485319|755000
7.470640480485319|756000
7.470640480485319|757000
7.470640480485319|758000
7.470640480485319|759000
7.470640480485319|760000
7.470640480485319|761000
7.470640480485319|762000
7.470640480485319|763000
7.470640480485319|764000
7.470640480485319|765000
7.470640480485319|766000
7.470640480485319|767000
7.470640480485319|768000
7.470640480485319|769000
7.470640480485319|770000
7.470640480485319|771000
7.470640480485319|772000
7.470640480485319|773000
7.470640480485319|774000
7.470640480485319|775000
7.470640480485319|776000
7.470640480485319|777000
7.470640480485319|778000
7.470640480485319|779000
7.470640480485319|780000
7.470640480485319|781000
7.470640480485319|782000
7.470640480485319|783000
7.470640480485319|784000
7.470640480485319|785000
7.470640480485319|786000
7.470640480485319|787000
7.470640480485319|788000
7.470640480485319|789000
7.470640480485319|790000
7.470640480485319|791000
7.470640480485319|792000
7.470640480485319|793000
7.470640480485319|794000
7.470640480485319|795000
7.470640480485319|796000
7.470640480485319|797000
7.470640480485319|798000
7.470640480485319|799000
7.470640480485319|800000
7.470640480485319|801000
7.470640480485319|802000
7.470640480485319|803000
7.470640480485319|804000
7.470640480485319|805000
7.470640480485319|806000
7.470640480485319|807000
7.470640480485319|808000
7.470640480485319|809000
7.470640480485319|810000
7.470640480485319|811000
7.470640480485319|812000
7.470640480485319|813000
7.470640480485319|814000
7.470640480485319|815000
7.470640480485319|816000
7.470640480485319|817000
7.470640480485319|818000
7.470640480485319|819000
7.470640480485319|820000
7.470640480485319|821000
7.470640480485319|822000
7.470640480485319|823000
7.470640480485319|824000
7.470640480485319|825000
7.470640480485319|826000
7.470640480485319|827000
7.470640480485319|828000
7.470640480485319|829000
7.470640480485319|830000
7.470640480485319|831000
7.470640480485319|832000
7.470640480485319|833000
7.470640480485319|834000
7.470640480485319|835000
7.470640480485319|836000
7.470640480485319|837000
7.470640480485319|838000
7.470640480485319|839000
7.470640480485319|840000
7.470640480485319|841000
7.470640480485319|842000
7.470640480485319|843000
7.470640480485319|844000
7.470640480485319|845000
7.470640480485319|846000
7.470640480485319|847000
7.470640480485319|848000
7.470640480485319|849000
7.470640480485319|850000
7.470640480485319|851000
7.470640480485319|852000
7.470640480485319|853000
7.470640480485319|854000
7.470640480485319|855000
7.470640480485319|856000
7.470640480485319|857000
7.470640480485319|858000
7.470640480485319|859000
7.470640480485319|860000
7.470640480485319|861000
7.470640480485319|862000
7.470640480485319|863000
7.470640480485319|864000
7.470640480485319|865000
7.470640480485319|866000
7.470640480485319|867000
7.470640480485319|868000
7.470640480485319|869000
7.470640480485319|870000
7.470640480485319|871000
7.470640480485319|872000
7.470640480485319|873000
7.470640480485319|874000
7.470640480485319|875000
7.470640480485319|876000
7.470640480485319|877000
7.470640480485319|878000
7.470640480485319|879000
7.470640480485319|880000
7.470640480485319|881000
7.470640480485319|882000
7.470640480485319|883000
7.470640480485319|884000
7.470640480485319|885000
7.470640480485319|886000
7.470640480485319|887000
7.470640480485319|888000
7.470640480485319|889000
7.470640480485319|890000
7.470640480485319|891000
7.470640480485319|892000
7.470640480485319|893000
7.470640480485319|894000
7.470640480485319|895000
7.470640480485319|896000
7.470640480485319|897000
7.470640480485319|898000
7.470640480485319|899000
7.470640480485319|900000
7.470640480485319|901000
7.470640480485319|902000
7.470640480485319|903000
7.470640480485319|904000
7.470640480485319|905000
7.470640480485319|906000
7.470640480485319|907000
7.470640480485319|908000
7.470640480485319|909000
7.470640480485319|910000
7.470640480485319|911000
7.470640480485319|912000
7.470640480485319|913000
7.470640480485319|914000
7.470640480485319|915000
7.470640480485319|916000
7.470640480485319|917000
7.470640480485319|918000
7.470640480485319|919000
7.470640480485319|920000
7.470640480485319|921000
7.470640480485319|922000
7.470640480485319|923000
7.470640480485319|924000
7.470640480485319|925000
7.470640480485319|926000
7.470640480485319|927000
7.470640480485319|928000
7.470640480485319|929000
7.470640480485319|930000
7.470640480485319|931000
7.470640480485319|932000
7.470640480485319|933000
7.470640480485319|934000
7.470640480485319|935000
7.470640480485319|936000
7.470640480485319|937000
7.470640480485319|938000
7.470640480485319|939000
7.470640480485319|940000
7.470640480485319|941000
7.470640480485319|942000
7.470640480485319|943000
7.470640480485319|944000
7.470640480485319|945000
7.470640480485319|946000
7.470640480485319|947000
7.470640480485319|948000
7.470640480485319|949000
7.470640480485319|950000
7.470640480485319|951000
7.470640480485319|952000
7.470640480485319|953000
7.470640480485319|954000
7.470640480485319|955000
7.470640480485319|956000
7.470640480485319|957000
7.470640480485319|958000
7.470640480485319|959000
7.470640480485319|960000
7.470640480485319|961000
7.470640480485319|962000
7.470640480485319|963000
7.470640480485319|964000
7.470640480485319|965000
7.470640480485319|966000
7.470640480485319|967000
7.470640480485319|968000
7.470640480485319|969000
7.470640480485319|970000
7.470640480485319|971000
7.470640480485319|972000
7.470640480485319|973000
7.470640480485319|974000
7.470640480485319|975000
7.470640480485319|976000
7.470640480485319|977000
7.470640480485319|978000
7.470640480485319|979000
7.470640480485319|980000
7.470640480485319|981000
7.470640480485319|982000
7.470640480485319|983000
7.470640480485319|984000
7.470640480485319|985000
7.470640480485319|986000
7.470640480485319|987000
7.470640480485319|988000
7.470640480485319|989000
7.470640480485319|990000
7.470640480485319|991000
7.470640480485319|992000
7.470640480485319|993000
7.470640480485319|994000
7.470640480485319|995000
7.470640480485319|996000
7.470640480485319|997000
7.470640480485319|998000
7.470640480485319|999000
7.470640480485319|1000000
