21.950779912170404|2000
21.950779912170404|3000
21.524587929842813|4000
20.92091396369758|5000
20.536334435532112|6000
20.270365263496195|7000
19.47446039570087|8000
18.58521867030766|9000
18.55627373093772|10000
18.180858161320824|11000
17.697486493913896|12000
17.697486493913896|13000
17.59030706635838|14000
17.386526254754827|15000
16.995555470136505|16000
16.70193403757593|17000
16.70193403757593|18000
16.601089386043334|19000
16.46764767947016|20000
15.948272385975969|21000
15.621563630053883|22000
15.621563630053883|23000
15.473721068268832|24000
15.408654122936204|25000
15.070580584370203|26000
15.070580584370203|27000
15.070580584370203|28000
14.962837051333208|29000
14.82164955522001|30000
14.82164955522001|31000
14.444830749299918|32000
14.326107627417109|33000
14.148231457763211|34000
14.086439502126533|35000
14.086439502126533|36000
13.98520378393723|37000
13.771412651843118|38000
13.771412651843118|39000
13.756282063027427|40000
13.714022852362602|41000
13.56031078943602|42000
13.22211447385914|43000
13.22211447385914|44000
13.22211447385914|45000
13.208426339178198|46000
13.156607637691753|47000
13.022085385778595|48000
13.022085385778595|49000
12.782574960885928|50000
12.782574960885928|51000
12.713656065541512|52000
12.713656065541512|53000
12.713656065541512|54000
12.56417113595034|55000
12.257551196851528|56000
12.257551196851528|57000
12.257551196851528|58000
12.098617981065741|59000
11.983277919715803|60000
11.764874094780216|61000
11.764874094780216|62000
11.727072797392688|63000
11.589957443211016|64000
11.533828544336693|65000
11.479287384630481|66000
11.390411278120464|67000
11.390411278120464|68000
11.381892021624225|69000
11.312509708140164|70000
11.037529038708572|71000
11.037529038708572|72000
10.60735256264892|73000
10.60735256264892|74000
10.556886836882022|75000
10.556886836882022|76000
10.556886836882022|77000
10.512502586406612|78000
10.512502586406612|79000
10.471215217481541|80000
10.413182056392506|81000
10.30028711446236|82000
10.30028711446236|83000
10.30028711446236|84000
10.110321987531421|85000
10.110321987531421|86000
10.110321987531421|87000
10.110321987531421|88000
10.00064202359944|89000
10.00064202359944|90000
10.00064202359944|91000
9.974184642364042|92000
9.95154728069502|93000
9.95154728069502|94000
9.925313172199687|95000
9.841708807813653|96000
9.826624887258037|97000
9.826624887258037|98000
9.826624887258037|99000
9.825075310596493|100000
9.751296035858285|101000
9.73967312233194|102000
9.73967312233194|103000
9.73967312233194|104000
9.68981793061239|105000
9.60486399706406|106000
9.60486399706406|107000
9.60486399706406|108000
9.572903070039606|109000
9.572903070039606|110000
9.572903070039606|111000
9.572903070039606|112000
9.572903070039606|113000
9.473430749235009|114000
9.473430749235009|115000
9.473430749235009|116000
9.448400732984622|117000
9.448400732984622|118000
9.441988146336254|119000
9.356515888662226|120000
9.356515888662226|121000
9.356515888662226|122000
9.356515888662226|123000
9.274887777031417|124000
9.274887777031417|125000
9.274887777031417|126000
9.274887777031417|127000
9.274887777031417|128000
9.274887777031417|129000
9.210118960365365|130000
9.210118960365365|131000
9.203601225335492|132000
9.137880928588544|133000
9.137880928588544|134000
9.137880928588544|135000
9.120691503553827|136000
9.120691503553827|137000
9.120663056144739|138000
9.097222858067196|139000
9.016707625092593|140000
9.016707625092593|141000
9.016707625092593|142000
9.016707625092593|143000
8.99508644329368|144000
8.99508644329368|145000
8.99508644329368|146000
8.99508644329368|147000
8.99508644329368|148000
8.99508644329368|149000
8.99508644329368|150000
8.978111042099403|151000
8.951721864982005|152000
8.951721864982005|153000
8.951721864982005|154000
8.934746463787727|155000
8.934746463787727|156000
8.932565707039819|157000
8.932565707039819|158000
8.932565707039819|159000
8.932565707039819|160000
8.932565707039819|161000
8.932565707039819|162000
8.913496674298809|163000
8.913496674298809|164000
8.913496674298809|165000
8.913496674298809|166000
8.913496674298809|167000
8.913496674298809|168000
8.913496674298809|169000
8.897052319137439|170000
8.897052319137439|171000
8.897052319137439|172000
8.894644753232914|173000
8.881197356324297|174000
8.856687757821279|175000
8.856687757821279|176000
8.856687757821279|177000
8.856687757821279|178000
8.856687757821279|179000
8.856687757821279|180000
8.854280191916754|181000
8.82260375077485|182000
8.82260375077485|183000
8.82260375077485|184000
8.82260375077485|185000
8.82260375077485|186000
8.82260375077485|187000
8.811006977608006|188000
8.811006977608006|189000
8.791924358963154|190000
8.791924358963154|191000
8.791924358963154|192000
8.791924358963154|193000
8.791924358963154|194000
8.791924358963154|195000
8.775480003801784|196000
8.775480003801784|197000
8.775480003801784|198000
8.775480003801784|199000
8.773892783677903|200000
8.765577940237282|201000
8.765577940237282|202000
8.765577940237282|203000
8.751549858414275|204000
8.751549858414275|205000
8.751549858414275|206000
8.751549858414275|207000
8.751549858414275|208000
8.751549858414275|209000
8.74914229250975|210000
8.74914229250975|211000
8.74914229250975|212000
8.742707490391341|213000
8.742707490391341|214000
8.742707490391341|215000
8.742707490391341|216000
8.742707490391341|217000
8.742707490391341|218000
8.742707490391341|219000
8.7281341368352|220000
8.7281341368352|221000
8.7281341368352|222000
8.7281341368352|223000
8.7281341368352|224000
8.7281341368352|225000
8.7281341368352|226000
8.7281341368352|227000
8.7281341368352|228000
8.7281341368352|229000
8.7281341368352|230000
8.7281341368352|231000
8.7281341368352|232000
8.7281341368352|233000
8.7281341368352|234000
8.659612615626948|235000
8.659612615626948|236000
8.659612615626948|237000
8.659612615626948|238000
8.659612615626948|239000
8.659612615626948|240000
8.659612615626948|241000
8.659612615626948|242000
8.642175333470762|243000
8.541872274310249|244000
8.541872274310249|245000
8.541872274310249|246000
8.541872274310249|247000
8.541872274310249|248000
8.541872274310249|249000
8.541872274310249|250000
8.541872274310249|251000
8.541872274310249|252000
8.541872274310249|253000
8.541872274310249|254000
8.541872274310249|255000
8.541872274310249|256000
8.541872274310249|257000
8.541872274310249|258000
8.541872274310249|259000
8.541872274310249|260000
8.541872274310249|261000
8.541872274310249|262000
8.541872274310249|263000
8.541872274310249|264000
8.541872274310249|265000
8.541872274310249|266000
8.541872274310249|267000
8.541872274310249|268000
8.541872274310249|269000
8.541872274310249|270000
8.541872274310249|271000
8.541872274310249|272000
8.541872274310249|273000
8.541872274310249|274000
8.541872274310249|275000
8.541872274310249|276000
8.541872274310249|277000
8.541872274310249|278000
8.541872274310249|279000
8.541872274310249|280000
8.541872274310249|281000
8.541872274310249|282000
8.541872274310249|283000
8.541872274310249|284000
8.541872274310249|285000
8.541872274310249|286000
8.541872274310249|287000
8.541872274310249|288000
8.541872274310249|289000
8.541872274310249|290000
8.541872274310249|291000
8.541872274310249|292000
8.541872274310249|293000
8.541872274310249|294000
8.541872274310249|295000
8.541872274310249|296000
8.541872274310249|297000
8.541872274310249|298000
8.541872274310249|299000
8.541872274310249|300000
8.541872274310249|301000
8.541872274310249|302000
8.541872274310249|303000
8.541872274310249|304000
8.541872274310249|305000
8.541872274310249|306000
8.541872274310249|307000
8.541872274310249|308000
8.541872274310249|309000
8.541872274310249|310000
8.541872274310249|311000
8.541872274310249|312000
8.541872274310249|313000
8.541872274310249|314000
8.541872274310249|315000
8.541872274310249|316000
8.541872274310249|317000
8.541872274310249|318000
8.541872274310249|319000
8.541872274310249|320000
8.541872274310249|321000
8.541872274310249|322000
8.541872274310249|323000
8.541872274310249|324000
8.541872274310249|325000
8.541872274310249|326000
8.541872274310249|327000
8.541872274310249|328000
8.541872274310249|329000
8.541872274310249|330000
8.541872274310249|331000
8.541872274310249|332000
8.541872274310249|333000
8.541872274310249|334000
8.541872274310249|335000
8.541872274310249|336000
8.541872274310249|337000
8.541872274310249|338000
8.541872274310249|339000
8.541872274310249|340000
8.541872274310249|341000
8.541872274310249|342000
8.541872274310249|343000
8.541872274310249|344000
8.541872274310249|345000
8.541872274310249|346000
8.541872274310249|347000
8.541872274310249|348000
8.541872274310249|349000
8.541872274310249|350000
8.541872274310249|351000
8.541872274310249|352000
8.541872274310249|353000
8.541872274310249|354000
8.541872274310249|355000
8.541872274310249|356000
8.541872274310249|357000
8.541872274310249|358000
8.541872274310249|359000
8.541872274310249|360000
8.541872274310249|361000
8.541872274310249|362000
8.541872274310249|363000
8.541872274310249|364000
8.541872274310249|365000
8.541872274310249|366000
8.541872274310249|367000
8.541872274310249|368000
8.541872274310249|369000
8.541872274310249|370000
8.541872274310249|371000
8.541872274310249|372000
8.541872274310249|373000
8.541872274310249|374000
8.541872274310249|375000
8.541872274310249|376000
8.541872274310249|377000
8.541872274310249|378000
8.541872274310249|379000
8.541872274310249|380000
8.541872274310249|381000
8.541872274310249|382000
8.541872274310249|383000
8.541872274310249|384000
8.541872274310249|385000
8.541872274310249|386000
8.541872274310249|387000
8.541872274310249|388000
8.541872274310249|389000
8.541872274310249|390000
8.541872274310249|391000
8.541872274310249|392000
8.541872274310249|393000
8.541872274310249|394000
8.541872274310249|395000
8.541872274310249|396000
8.541872274310249|397000
8.541872274310249|398000
8.541872274310249|399000
8.541872274310249|400000
8.541872274310249|401000
8.541872274310249|402000
8.541872274310249|403000
8.541872274310249|404000
8.541872274310249|405000
8.541872274310249|406000
8.541872274310249|407000
8.541872274310249|408000
8.541872274310249|409000
8.541872274310249|410000
8.541872274310249|411000
8.541872274310249|412000
8.541872274310249|413000
8.541872274310249|414000
8.541872274310249|415000
8.541872274310249|416000
8.541872274310249|417000
8.541872274310249|418000
8.541872274310249|419000
8.541872274310249|420000
8.541872274310249|421000
8.541872274310249|422000
8.541872274310249|423000
8.541872274310249|424000
8.541872274310249|425000
8.541872274310249|426000
8.541872274310249|427000
8.541872274310249|428000
8.541872274310249|429000
8.541872274310249|430000
8.541872274310249|431000
8.541872274310249|432000
8.541872274310249|433000
8.541872274310249|434000
8.541872274310249|435000
8.541872274310249|436000
8.541872274310249|437000
8.541872274310249|438000
8.541872274310249|439000
8.541872274310249|440000
8.541872274310249|441000
8.541872274310249|442000
8.541872274310249|443000
8.541872274310249|444000
8.541872274310249|445000
8.541872274310249|446000
8.541872274310249|447000
8.541872274310249|448000
8.541872274310249|449000
8.541872274310249|450000
8.541872274310249|451000
8.541872274310249|452000
8.541872274310249|453000
8.541872274310249|454000
8.541872274310249|455000
8.541872274310249|456000
8.541872274310249|457000
8.541872274310249|458000
8.541872274310249|459000
8.541872274310249|460000
8.541872274310249|461000
8.541872274310249|462000
8.541872274310249|463000
8.541872274310249|464000
8.541872274310249|465000
8.541872274310249|466000
8.541872274310249|467000
8.541872274310249|468000
8.541872274310249|469000
8.541872274310249|470000
8.541872274310249|471000
8.541872274310249|472000
8.541872274310249|473000
8.541872274310249|474000
8.541872274310249|475000
8.541872274310249|476000
8.541872274310249|477000
8.541872274310249|478000
8.541872274310249|479000
8.541872274310249|480000
8.541872274310249|481000
8.541872274310249|482000
8.541872274310249|483000
8.541872274310249|484000
8.541872274310249|485000
8.541872274310249|486000
8.541872274310249|487000
8.541872274310249|488000
8.541872274310249|489000
8.541872274310249|490000
8.541872274310249|491000
8.541872274310249|492000
8.541872274310249|493000
8.541872274310249|494000
8.541872274310249|495000
8.541872274310249|496000
8.541872274310249|497000
8.541872274310249|498000
8.541872274310249|499000
8.541872274310249|500000
8.541872274310249|501000
8.541872274310249|502000
8.541872274310249|503000
8.541872274310249|504000
8.541872274310249|505000
8.541872274310249|506000
8.541872274310249|507000
8.541872274310249|508000
8.541872274310249|509000
8.541872274310249|510000
8.541872274310249|511000
8.541872274310249|512000
8.541872274310249|513000
8.541872274310249|514000
8.541872274310249|515000
8.541872274310249|516000
8.541872274310249|517000
8.541872274310249|518000
8.541872274310249|519000
8.541872274310249|520000
8.541872274310249|521000
8.541872274310249|522000
8.541872274310249|523000
8.541872274310249|524000
8.541872274310249|525000
8.541872274310249|526000
8.541872274310249|527000
8.541872274310249|528000
8.541872274310249|529000
8.541872274310249|530000
8.541872274310249|531000
8.541872274310249|532000
8.541872274310249|533000
8.541872274310249|534000
8.541872274310249|535000
8.541872274310249|536000
8.541872274310249|537000
8.541872274310249|538000
8.541872274310249|539000
8.541872274310249|540000
8.541872274310249|541000
8.541872274310249|542000
8.541872274310249|543000
8.541872274310249|544000
8.541872274310249|545000
8.541872274310249|546000
8.541872274310249|547000
8.541872274310249|548000
8.541872274310249|549000
8.541872274310249|550000
8.541872274310249|551000
8.541872274310249|552000
8.541872274310249|553000
8.541872274310249|554000
8.541872274310249|555000
8.541872274310249|556000
8.541872274310249|557000
8.541872274310249|558000
8.541872274310249|559000
8.541872274310249|560000
8.541872274310249|561000
8.541872274310249|562000
8.541872274310249|563000
8.541872274310249|564000
8.541872274310249|565000
8.541872274310249|566000
8.541872274310249|567000
8.541872274310249|568000
8.541872274310249|569000
8.541872274310249|570000
8.541872274310249|571000
8.541872274310249|572000
8.541872274310249|573000
8.541872274310249|574000
8.541872274310249|575000
8.541872274310249|576000
8.541872274310249|577000
8.541872274310249|578000
8.541872274310249|579000
8.541872274310249|580000
8.541872274310249|581000
8.541872274310249|582000
8.541872274310249|583000
8.541872274310249|584000
8.541872274310249|585000
8.541872274310249|586000
8.541872274310249|587000
8.541872274310249|588000
8.541872274310249|589000
8.541872274310249|590000
8.541872274310249|591000
8.541872274310249|592000
8.541872274310249|593000
8.541872274310249|594000
8.541872274310249|595000
8.541872274310249|596000
8.541872274310249|597000
8.541872274310249|598000
8.541872274310249|599000
8.541872274310249|600000
8.541872274310249|601000
8.541872274310249|602000
8.541872274310249|603000
8.541872274310249|604000
8.541872274310249|605000
8.541872274310249|606000
8.541872274310249|607000
8.541872274310249|608000
8.541872274310249|609000
8.541872274310249|610000
8.541872274310249|611000
8.541872274310249|612000
8.541872274310249|613000
8.541872274310249|614000
8.541872274310249|615000
8.541872274310249|616000
8.541872274310249|617000
8.541872274310249|618000
8.541872274310249|619000
8.541872274310249|620000
8.541872274310249|621000
8.541872274310249|622000
8.541872274310249|623000
8.541872274310249|624000
8.541872274310249|625000
8.541872274310249|626000
8.541872274310249|627000
8.541872274310249|628000
8.541872274310249|629000
8.541872274310249|630000
8.541872274310249|631000
8.541872274310249|632000
8.541872274310249|633000
8.541872274310249|634000
8.541872274310249|635000
8.541872274310249|636000
8.541872274310249|637000
8.541872274310249|638000
8.541872274310249|639000
8.541872274310249|640000
8.541872274310249|641000
8.541872274310249|642000
8.541872274310249|643000
8.541872274310249|644000
8.541872274310249|645000
8.541872274310249|646000
8.541872274310249|647000
8.541872274310249|648000
8.541872274310249|649000
8.541872274310249|650000
8.541872274310249|651000
8.541872274310249|652000
8.541872274310249|653000
8.541872274310249|654000
8.541872274310249|655000
8.541872274310249|656000
8.541872274310249|657000
8.541872274310249|658000
8.541872274310249|659000
8.541872274310249|660000
8.541872274310249|661000
8.541872274310249|662000
8.541872274310249|663000
8.541872274310249|664000
8.541872274310249|665000
8.541872274310249|666000
8.541872274310249|667000
8.541872274310249|668000
8.541872274310249|669000
8.541872274310249|670000
8.541872274310249|671000
8.541872274310249|672000
8.541872274310249|673000
8.541872274310249|674000
8.541872274310249|675000
8.541872274310249|676000
8.541872274310249|677000
8.541872274310249|678000
8.541872274310249|679000
8.541872274310249|680000
8.541872274310249|681000
8.541872274310249|682000
8.541872274310249|683000
8.541872274310249|684000
8.541872274310249|685000
8.541872274310249|686000
8.541872274310249|687000
8.541872274310249|688000
8.541872274310249|689000
8.541872274310249|690000
8.541872274310249|691000
8.541872274310249|692000
8.541872274310249|693000
8.541872274310249|694000
8.541872274310249|695000
8.541872274310249|696000
8.541872274310249|697000
8.541872274310249|698000
8.541872274310249|699000
8.541872274310249|700000
8.541872274310249|701000
8.541872274310249|702000
8.541872274310249|703000
8.541872274310249|704000
8.541872274310249|705000
8.541872274310249|706000
8.541872274310249|707000
8.541872274310249|708000
8.541872274310249|709000
8.541872274310249|710000
8.541872274310249|711000
8.541872274310249|712000
8.541872274310249|713000
8.541872274310249|714000
8.541872274310249|715000
8.541872274310249|716000
8.541872274310249|717000
8.541872274310249|718000
8.541872274310249|719000
8.541872274310249|720000
8.541872274310249|721000
8.541872274310249|722000
8.541872274310249|723000
8.541872274310249|724000
8.541872274310249|725000
8.541872274310249|726000
8.541872274310249|727000
8.541872274310249|728000
8.541872274310249|729000
8.541872274310249|730000
8.541872274310249|731000
8.541872274310249|732000
8.541872274310249|733000
8.541872274310249|734000
8.541872274310249|735000
8.541872274310249|736000
8.541872274310249|737000
8.541872274310249|738000
8.541872274310249|739000
8.541872274310249|740000
8.541872274310249|741000
8.541872274310249|742000
8.541872274310249|743000
8.541872274310249|744000
8.541872274310249|745000
8.541872274310249|746000
8.541872274310249|747000
8.541872274310249|748000
8.541872274310249|749000
8.541872274310249|750000
8.541872274310249|751000
8.541872274310249|752000
8.541872274310249|753000
8.541872274310249|754000
8.541872274310249|755000
8.541872274310249|756000
8.541872274310249|757000
8.541872274310249|758000
8.541872274310249|759000
8.541872274310249|760000
8.541872274310249|761000
8.541872274310249|762000
8.541872274310249|763000
8.541872274310249|764000
8.541872274310249|765000
8.541872274310249|766000
8.541872274310249|767000
8.541872274310249|768000
8.541872274310249|769000
8.541872274310249|770000
8.541872274310249|771000
8.541872274310249|772000
8.541872274310249|773000
8.541872274310249|774000
8.541872274310249|775000
8.541872274310249|776000
8.541872274310249|777000
8.541872274310249|778000
8.541872274310249|779000
8.541872274310249|780000
8.541872274310249|781000
8.541872274310249|782000
8.541872274310249|783000
8.541872274310249|784000
8.541872274310249|785000
8.541872274310249|786000
8.541872274310249|787000
8.541872274310249|788000
8.541872274310249|789000
8.541872274310249|790000
8.541872274310249|791000
8.541872274310249|792000
8.541872274310249|793000
8.541872274310249|794000
8.541872274310249|795000
8.541872274310249|796000
8.541872274310249|797000
8.541872274310249|798000
8.541872274310249|799000
8.541872274310249|800000
8.541872274310249|801000
8.541872274310249|802000
8.541872274310249|803000
8.541872274310249|804000
8.541872274310249|805000
8.541872274310249|806000
8.541872274310249|807000
8.541872274310249|808000
8.541872274310249|809000
8.541872274310249|810000
8.541872274310249|811000
8.541872274310249|812000
8.541872274310249|813000
8.541872274310249|814000
8.541872274310249|815000
8.541872274310249|816000
8.541872274310249|817000
8.541872274310249|818000
8.541872274310249|819000
8.541872274310249|820000
8.541872274310249|821000
8.541872274310249|822000
8.541872274310249|823000
8.541872274310249|824000
8.541872274310249|825000
8.541872274310249|826000
8.541872274310249|827000
8.541872274310249|828000
8.541872274310249|829000
8.541872274310249|830000
8.541872274310249|831000
8.541872274310249|832000
8.541872274310249|833000
8.541872274310249|834000
8.541872274310249|835000
8.541872274310249|836000
8.541872274310249|837000
8.541872274310249|838000
8.541872274310249|839000
8.541872274310249|840000
8.541872274310249|841000
8.541872274310249|842000
8.541872274310249|843000
8.541872274310249|844000
8.541872274310249|845000
8.541872274310249|846000
8.541872274310249|847000
8.541872274310249|848000
8.541872274310249|849000
8.541872274310249|850000
8.541872274310249|851000
8.541872274310249|852000
8.541872274310249|853000
8.541872274310249|854000
8.541872274310249|855000
8.541872274310249|856000
8.541872274310249|857000
8.541872274310249|858000
8.541872274310249|859000
8.541872274310249|860000
8.541872274310249|861000
8.541872274310249|862000
8.541872274310249|863000
8.541872274310249|864000
8.541872274310249|865000
8.541872274310249|866000
8.541872274310249|867000
8.541872274310249|868000
8.541872274310249|869000
8.541872274310249|870000
8.541872274310249|871000
8.541872274310249|872000
8.541872274310249|873000
8.541872274310249|874000
8.541872274310249|875000
8.541872274310249|876000
8.541872274310249|877000
8.541872274310249|878000
8.541872274310249|879000
8.541872274310249|880000
8.541872274310249|881000
8.541872274310249|882000
8.541872274310249|883000
8.541872274310249|884000
8.541872274310249|885000
8.541872274310249|886000
8.541872274310249|887000
8.541872274310249|888000
8.541872274310249|889000
8.541872274310249|890000
8.541872274310249|891000
8.541872274310249|892000
8.541872274310249|893000
8.541872274310249|894000
8.541872274310249|895000
8.541872274310249|896000
8.541872274310249|897000
8.541872274310249|898000
8.541872274310249|899000
8.541872274310249|900000
8.541872274310249|901000
8.541872274310249|902000
8.541872274310249|903000
8.541872274310249|904000
8.541872274310249|905000
8.541872274310249|906000
8.541872274310249|907000
8.541872274310249|908000
8.541872274310249|909000
8.541872274310249|910000
8.541872274310249|911000
8.541872274310249|912000
8.541872274310249|913000
8.541872274310249|914000
8.541872274310249|915000
8.541872274310249|916000
8.541872274310249|917000
8.541872274310249|918000
8.541872274310249|919000
8.541872274310249|920000
8.541872274310249|921000
8.541872274310249|922000
8.541872274310249|923000
8.541872274310249|924000
8.541872274310249|925000
8.541872274310249|926000
8.541872274310249|927000
8.541872274310249|928000
8.541872274310249|929000
8.541872274310249|930000
8.541872274310249|931000
8.541872274310249|932000
8.541872274310249|933000
8.541872274310249|934000
8.541872274310249|935000
8.541872274310249|936000
8.541872274310249|937000
8.541872274310249|938000
8.541872274310249|939000
8.541872274310249|940000
8.541872274310249|941000
8.541872274310249|942000
8.541872274310249|943000
8.541872274310249|944000
8.541872274310249|945000
8.541872274310249|946000
8.541872274310249|947000
8.541872274310249|948000
8.541872274310249|949000
8.541872274310249|950000
8.541872274310249|951000
8.541872274310249|952000
8.541872274310249|953000
8.541872274310249|954000
8.541872274310249|955000
8.541872274310249|956000
8.541872274310249|957000
8.541872274310249|958000
8.541872274310249|959000
8.541872274310249|960000
8.541872274310249|961000
8.541872274310249|962000
8.541872274310249|963000
8.541872274310249|964000
8.541872274310249|965000
8.541872274310249|966000
8.541872274310249|967000
8.541872274310249|968000
8.541872274310249|969000
8.541872274310249|970000
8.541872274310249|971000
8.541872274310249|972000
8.541872274310249|973000
8.541872274310249|974000
8.541872274310249|975000
8.541872274310249|976000
8.541872274310249|977000
8.541872274310249|978000
8.541872274310249|979000
8.541872274310249|980000
8.541872274310249|981000
8.541872274310249|982000
8.541872274310249|983000
8.541872274310249|984000
8.541872274310249|985000
8.541872274310249|986000
8.541872274310249|987000
8.541872274310249|988000
8.541872274310249|989000
8.541872274310249|990000
8.541872274310249|991000
8.541872274310249|992000
8.541872274310249|993000
8.541872274310249|994000
8.541872274310249|995000
8.541872274310249|996000
8.541872274310249|997000
8.541872274310249|998000
8.541872274310249|999000
8.541872274310249|1000000
