20.946696828900677|2000
20.721802315314935|3000
20.458111978755575|4000
20.07936292717665|5000
19.636464730686644|6000
19.14681181643265|7000
19.023615125355096|8000
18.49591110666989|9000
17.99644765604559|10000
17.787874748129216|11000
17.462002679747677|12000
17.462002679747677|13000
16.921911093565345|14000
16.88541027277032|15000
16.023602644106873|16000
16.023602644106873|17000
15.90872056846515|18000
15.831323525920116|19000
15.359987919964539|20000
15.359987919964539|21000
15.21901103458305|22000
15.162508846306531|23000
14.963120507124136|24000
14.571200039055908|25000
14.264598270002816|26000
14.264598270002816|27000
14.146066538678127|28000
13.453287197768397|29000
13.453287197768397|30000
13.453287197768397|31000
13.360288292788557|32000
13.195576158499396|33000
13.061613854711403|34000
12.901897938008032|35000
12.77885529640051|36000
12.77885529640051|37000
12.630177241232152|38000
12.393708263980898|39000
12.393708263980898|40000
12.307532063034072|41000
12.092984426703646|42000
11.938263023186963|43000
11.829048164818282|44000
11.829048164818282|45000
11.410419462570932|46000
11.410419462570932|47000
11.410419462570932|48000
11.410419462570932|49000
11.410419462570932|50000
11.253274031774795|51000
11.253274031774795|52000
10.904790149873547|53000
10.904790149873547|54000
10.904790149873547|55000
10.887996545042293|56000
10.806074634349931|57000
10.790980076239235|58000
10.385026635940504|59000
10.385026635940504|60000
10.385026635940504|61000
10.385026635940504|62000
10.385026635940504|63000
10.30574216757168|64000
10.30574216757168|65000
10.204391536027638|66000
10.007580910154612|67000
10.007580910154612|68000
10.007580910154612|69000
10.007580910154612|70000
9.877824995637022|71000
9.877824995637022|72000
9.876291269136479|73000
9.876291269136479|74000
9.7906353993369|75000
9.735610529819306|76000
9.623955048018628|77000
9.623955048018628|78000
9.623955048018628|79000
9.610811902603302|80000
9.542702453275359|81000
9.503755911696006|82000
9.484620983242783|83000
9.383467017392809|84000
9.383467017392809|85000
9.359016944681917|86000
9.350267293905215|87000
9.261029711799177|88000
9.261029711799177|89000
9.208224609684407|90000
9.176721963365372|91000
9.0956254389956|92000
9.078734730482632|93000
9.069666998286383|94000
8.913330457679056|95000
8.913330457679056|96000
8.913330457679056|97000
8.879394039557006|98000
8.879394039557006|99000
8.818592191591906|100000
8.793403682118004|101000
8.789844693637281|102000
8.767646461039922|103000
8.727476487881786|104000
8.706400848839422|105000
8.706400848839422|106000
8.690258476509902|107000
8.607549712320735|108000
8.607549712320735|109000
8.607549712320735|110000
8.55507345449541|111000
8.520546879042152|112000
8.482768444589336|113000
8.482768444589336|114000
8.482768444589336|115000
8.412015663916215|116000
8.412015663916215|117000
8.412015663916215|118000
8.412015663916215|119000
8.30096563907459|120000
8.30096563907459|121000
8.30096563907459|122000
8.30096563907459|123000
8.286405523410656|124000
8.286405523410656|125000
8.228660629168514|126000
8.228660629168514|127000
8.228660629168514|128000
8.214100513504581|129000
8.207121055041831|130000
8.207121055041831|131000
8.207121055041831|132000
8.201818360909304|133000
8.14937616079969|134000
8.14937616079969|135000
8.147541248918033|136000
8.147541248918033|137000
8.147541248918033|138000
8.147541248918033|139000
8.147541248918033|140000
8.101965735405102|141000
8.101965735405102|142000
8.075236239011957|143000
8.042385929281304|144000
8.042385929281304|145000
8.042385929281304|146000
8.042385929281304|147000
8.042385929281304|148000
8.042385929281304|149000
8.042385929281304|150000
8.029989681885166|151000
8.011126376831372|152000
7.984662978055441|153000
7.984662978055441|154000
7.984662978055441|155000
7.984662978055441|156000
7.984662978055441|157000
7.984662978055441|158000
7.944748968851401|159000
7.944748968851401|160000
7.944748968851401|161000
7.936634736810208|162000
7.936634736810208|163000
7.936634736810208|164000
7.936634736810208|165000
7.918383101339377|166000
7.918383101339377|167000
7.918383101339377|168000
7.910268869298185|169000
7.900923138583311|170000
7.900923138583311|171000
7.900923138583311|172000
7.900923138583311|173000
7.900923138583311|174000
7.900923138583311|175000
7.8996432933257505|176000
7.8996432933257505|177000
7.89072879535814|178000
7.89072879535814|179000
7.89072879535814|180000
7.89072879535814|181000
7.89072879535814|182000
7.89072879535814|183000
7.757161751822249|184000
7.757161751822249|185000
7.757161751822249|186000
7.757161751822249|187000
7.757161751822249|188000
7.757161751822249|189000
7.757161751822249|190000
7.757161751822249|191000
7.751944397594777|192000
7.751944397594777|193000
7.751944397594777|194000
7.751944397594777|195000
7.751944397594777|196000
7.751944397594777|197000
7.751944397594777|198000
7.751944397594777|199000
7.750664552337216|200000
7.750664552337216|201000
7.750664552337216|202000
7.750664552337216|203000
7.750664552337216|204000
7.750664552337216|205000
7.750664552337216|206000
7.750664552337216|207000
7.750664552337216|208000
7.750664552337216|209000
7.750664552337216|210000
7.750664552337216|211000
7.750664552337216|212000
7.750664552337216|213000
7.750664552337216|214000
7.750664552337216|215000
7.750664552337216|216000
7.750664552337216|217000
7.750664552337216|218000
7.750664552337216|219000
7.750664552337216|220000
7.750664552337216|221000
7.750664552337216|222000
7.750664552337216|223000
7.750664552337216|224000
7.750664552337216|225000
7.750664552337216|226000
7.750664552337216|227000
7.750664552337216|228000
7.750664552337216|229000
7.750664552337216|230000
7.750664552337216|231000
7.750664552337216|232000
7.750664552337216|233000
7.750664552337216|234000
7.750664552337216|235000
7.750664552337216|236000
7.750664552337216|237000
7.750664552337216|238000
7.750664552337216|239000
7.750664552337216|240000
7.750664552337216|241000
7.750664552337216|242000
7.750664552337216|243000
7.750664552337216|244000
7.750664552337216|245000
7.750664552337216|246000
7.750664552337216|247000
7.750664552337216|248000
7.750664552337216|249000
7.750664552337216|250000
7.750664552337216|251000
7.750664552337216|252000
7.750664552337216|253000
7.750664552337216|254000
7.750664552337216|255000
7.750664552337216|256000
7.750664552337216|257000
7.750664552337216|258000
7.750664552337216|259000
7.750664552337216|260000
7.750664552337216|261000
7.750664552337216|262000
7.750664552337216|263000
7.750664552337216|264000
7.750664552337216|265000
7.750664552337216|266000
7.750664552337216|267000
7.750664552337216|268000
7.750664552337216|269000
7.750664552337216|270000
7.750664552337216|271000
7.750664552337216|272000
7.750664552337216|273000
7.750664552337216|274000
7.750664552337216|275000
7.750664552337216|276000
7.750664552337216|277000
7.750664552337216|278000
7.750664552337216|279000
7.750664552337216|280000
7.750664552337216|281000
7.750664552337216|282000
7.750664552337216|283000
7.750664552337216|284000
7.750664552337216|285000
7.750664552337216|286000
7.750664552337216|287000
7.750664552337216|288000
7.750664552337216|289000
7.750664552337216|290000
7.750664552337216|291000
7.750664552337216|292000
7.750664552337216|293000
7.750664552337216|294000
7.750664552337216|295000
7.750664552337216|296000
7.750664552337216|297000
7.750664552337216|298000
7.750664552337216|299000
7.750664552337216|300000
7.750664552337216|301000
7.750664552337216|302000
7.750664552337216|303000
7.750664552337216|304000
7.750664552337216|305000
7.750664552337216|306000
7.750664552337216|307000
7.750664552337216|308000
7.750664552337216|309000
7.750664552337216|310000
7.750664552337216|311000
7.750664552337216|312000
7.750664552337216|313000
7.750664552337216|314000
7.750664552337216|315000
7.750664552337216|316000
7.750664552337216|317000
7.750664552337216|318000
7.750664552337216|319000
7.750664552337216|320000
7.750664552337216|321000
7.750664552337216|322000
7.750664552337216|323000
7.750664552337216|324000
7.750664552337216|325000
7.750664552337216|326000
7.750664552337216|327000
7.750664552337216|328000
7.750664552337216|329000
7.750664552337216|330000
7.750664552337216|331000
7.750664552337216|332000
7.750664552337216|333000
7.750664552337216|334000
7.750664552337216|335000
7.750664552337216|336000
7.750664552337216|337000
7.750664552337216|338000
7.750664552337216|339000
7.750664552337216|340000
7.750664552337216|341000
7.750664552337216|342000
7.750664552337216|343000
7.750664552337216|344000
7.750664552337216|345000
7.750664552337216|346000
7.750664552337216|347000
7.750664552337216|348000
7.750664552337216|349000
7.750664552337216|350000
7.750664552337216|351000
7.750664552337216|352000
7.750664552337216|353000
7.750664552337216|354000
7.750664552337216|355000
7.750664552337216|356000
7.750664552337216|357000
7.750664552337216|358000
7.750664552337216|359000
7.750664552337216|360000
7.750664552337216|361000
7.750664552337216|362000
7.750664552337216|363000
7.750664552337216|364000
7.750664552337216|365000
7.750664552337216|366000
7.750664552337216|367000
7.750664552337216|368000
7.750664552337216|369000
7.750664552337216|370000
7.750664552337216|371000
7.750664552337216|372000
7.750664552337216|373000
7.750664552337216|374000
7.750664552337216|375000
7.750664552337216|376000
7.750664552337216|377000
7.750664552337216|378000
7.750664552337216|379000
7.750664552337216|380000
7.750664552337216|381000
7.750664552337216|382000
7.750664552337216|383000
7.750664552337216|384000
7.750664552337216|385000
7.750664552337216|386000
7.750664552337216|387000
7.750664552337216|388000
7.750664552337216|389000
7.750664552337216|390000
7.750664552337216|391000
7.750664552337216|392000
7.750664552337216|393000
7.750664552337216|394000
7.750664552337216|395000
7.750664552337216|396000
7.750664552337216|397000
7.750664552337216|398000
7.750664552337216|399000
7.750664552337216|400000
7.750664552337216|401000
7.750664552337216|402000
7.750664552337216|403000
7.750664552337216|404000
7.750664552337216|405000
7.750664552337216|406000
7.750664552337216|407000
7.750664552337216|408000
7.750664552337216|409000
7.750664552337216|410000
7.750664552337216|411000
7.750664552337216|412000
7.750664552337216|413000
7.750664552337216|414000
7.750664552337216|415000
7.750664552337216|416000
7.750664552337216|417000
7.750664552337216|418000
7.750664552337216|419000
7.750664552337216|420000
7.750664552337216|421000
7.750664552337216|422000
7.750664552337216|423000
7.750664552337216|424000
7.750664552337216|425000
7.750664552337216|426000
7.750664552337216|427000
7.750664552337216|428000
7.750664552337216|429000
7.750664552337216|430000
7.750664552337216|431000
7.750664552337216|432000
7.750664552337216|433000
7.750664552337216|434000
7.750664552337216|435000
7.750664552337216|436000
7.750664552337216|437000
7.750664552337216|438000
7.750664552337216|439000
7.750664552337216|440000
7.750664552337216|441000
7.750664552337216|442000
7.750664552337216|443000
7.750664552337216|444000
7.750664552337216|445000
7.750664552337216|446000
7.750664552337216|447000
7.750664552337216|448000
7.750664552337216|449000
7.750664552337216|450000
7.750664552337216|451000
7.750664552337216|452000
7.750664552337216|453000
7.750664552337216|454000
7.750664552337216|455000
7.750664552337216|456000
7.750664552337216|457000
7.750664552337216|458000
7.750664552337216|459000
7.750664552337216|460000
7.750664552337216|461000
7.750664552337216|462000
7.750664552337216|463000
7.750664552337216|464000
7.750664552337216|465000
7.750664552337216|466000
7.750664552337216|467000
7.750664552337216|468000
7.750664552337216|469000
7.750664552337216|470000
7.750664552337216|471000
7.750664552337216|472000
7.750664552337216|473000
7.750664552337216|474000
7.750664552337216|475000
7.750664552337216|476000
7.750664552337216|477000
7.750664552337216|478000
7.750664552337216|479000
7.750664552337216|480000
7.750664552337216|481000
7.750664552337216|482000
7.750664552337216|483000
7.750664552337216|484000
7.750664552337216|485000
7.750664552337216|486000
7.750664552337216|487000
7.750664552337216|488000
7.750664552337216|489000
7.750664552337216|490000
7.750664552337216|491000
7.750664552337216|492000
7.750664552337216|493000
7.750664552337216|494000
7.750664552337216|495000
7.750664552337216|496000
7.750664552337216|497000
7.750664552337216|498000
7.750664552337216|499000
7.750664552337216|500000
7.750664552337216|501000
7.750664552337216|502000
7.750664552337216|503000
7.750664552337216|504000
7.750664552337216|505000
7.750664552337216|506000
7.750664552337216|507000
7.750664552337216|508000
7.750664552337216|509000
7.750664552337216|510000
7.750664552337216|511000
7.750664552337216|512000
7.750664552337216|513000
7.750664552337216|514000
7.750664552337216|515000
7.750664552337216|516000
7.750664552337216|517000
7.750664552337216|518000
7.750664552337216|519000
7.750664552337216|520000
7.750664552337216|521000
7.750664552337216|522000
7.750664552337216|523000
7.750664552337216|524000
7.750664552337216|525000
7.750664552337216|526000
7.750664552337216|527000
7.750664552337216|528000
7.750664552337216|529000
7.750664552337216|530000
7.750664552337216|531000
7.750664552337216|532000
7.750664552337216|533000
7.750664552337216|534000
7.750664552337216|535000
7.750664552337216|536000
7.750664552337216|537000
7.750664552337216|538000
7.750664552337216|539000
7.750664552337216|540000
7.750664552337216|541000
7.750664552337216|542000
7.750664552337216|543000
7.750664552337216|544000
7.750664552337216|545000
7.750664552337216|546000
7.750664552337216|547000
7.750664552337216|548000
7.750664552337216|549000
7.750664552337216|550000
7.750664552337216|551000
7.750664552337216|552000
7.750664552337216|553000
7.750664552337216|554000
7.750664552337216|555000
7.750664552337216|556000
7.750664552337216|557000
7.750664552337216|558000
7.750664552337216|559000
7.750664552337216|560000
7.750664552337216|561000
7.750664552337216|562000
7.750664552337216|563000
7.750664552337216|564000
7.750664552337216|565000
7.750664552337216|566000
7.750664552337216|567000
7.750664552337216|568000
7.750664552337216|569000
7.750664552337216|570000
7.750664552337216|571000
7.750664552337216|572000
7.750664552337216|573000
7.750664552337216|574000
7.750664552337216|575000
7.750664552337216|576000
7.750664552337216|577000
7.750664552337216|578000
7.750664552337216|579000
7.750664552337216|580000
7.750664552337216|581000
7.750664552337216|582000
7.750664552337216|583000
7.750664552337216|584000
7.750664552337216|585000
7.750664552337216|586000
7.750664552337216|587000
7.750664552337216|588000
7.750664552337216|589000
7.750664552337216|590000
7.750664552337216|591000
7.750664552337216|592000
7.750664552337216|593000
7.750664552337216|594000
7.750664552337216|595000
7.750664552337216|596000
7.750664552337216|597000
7.750664552337216|598000
7.750664552337216|599000
7.750664552337216|600000
7.750664552337216|601000
7.750664552337216|602000
7.750664552337216|603000
7.750664552337216|604000
7.750664552337216|605000
7.750664552337216|606000
7.750664552337216|607000
7.750664552337216|608000
7.750664552337216|609000
7.750664552337216|610000
7.750664552337216|611000
7.750664552337216|612000
7.750664552337216|613000
7.750664552337216|614000
7.750664552337216|615000
7.750664552337216|616000
7.750664552337216|617000
7.750664552337216|618000
7.750664552337216|619000
7.750664552337216|620000
7.750664552337216|621000
7.750664552337216|622000
7.750664552337216|623000
7.750664552337216|624000
7.750664552337216|625000
7.750664552337216|626000
7.750664552337216|627000
7.750664552337216|628000
7.750664552337216|629000
7.750664552337216|630000
7.750664552337216|631000
7.750664552337216|632000
7.750664552337216|633000
7.750664552337216|634000
7.750664552337216|635000
7.750664552337216|636000
7.750664552337216|637000
7.750664552337216|638000
7.750664552337216|639000
7.750664552337216|640000
7.750664552337216|641000
7.750664552337216|642000
7.750664552337216|643000
7.750664552337216|644000
7.750664552337216|645000
7.750664552337216|646000
7.750664552337216|647000
7.750664552337216|648000
7.750664552337216|649000
7.750664552337216|650000
7.750664552337216|651000
7.750664552337216|652000
7.750664552337216|653000
7.750664552337216|654000
7.750664552337216|655000
7.750664552337216|656000
7.750664552337216|657000
7.750664552337216|658000
7.750664552337216|659000
7.750664552337216|660000
7.750664552337216|661000
7.750664552337216|662000
7.750664552337216|663000
7.750664552337216|664000
7.750664552337216|665000
7.750664552337216|666000
7.750664552337216|667000
7.750664552337216|668000
7.750664552337216|669000
7.750664552337216|670000
7.750664552337216|671000
7.750664552337216|672000
7.750664552337216|673000
7.750664552337216|674000
7.750664552337216|675000
7.750664552337216|676000
7.750664552337216|677000
7.750664552337216|678000
7.750664552337216|679000
7.750664552337216|680000
7.750664552337216|681000
7.750664552337216|682000
7.750664552337216|683000
7.750664552337216|684000
7.750664552337216|685000
7.750664552337216|686000
7.750664552337216|687000
7.750664552337216|688000
7.750664552337216|689000
7.750664552337216|690000
7.750664552337216|691000
7.750664552337216|692000
7.750664552337216|693000
7.750664552337216|694000
7.750664552337216|695000
7.750664552337216|696000
7.750664552337216|697000
7.750664552337216|698000
7.750664552337216|699000
7.750664552337216|700000
7.750664552337216|701000
7.750664552337216|702000
7.750664552337216|703000
7.750664552337216|704000
7.750664552337216|705000
7.750664552337216|706000
7.750664552337216|707000
7.750664552337216|708000
7.750664552337216|709000
7.750664552337216|710000
7.750664552337216|711000
7.750664552337216|712000
7.750664552337216|713000
7.750664552337216|714000
7.750664552337216|715000
7.750664552337216|716000
7.750664552337216|717000
7.750664552337216|718000
7.750664552337216|719000
7.750664552337216|720000
7.750664552337216|721000
7.750664552337216|722000
7.750664552337216|723000
7.750664552337216|724000
7.750664552337216|725000
7.750664552337216|726000
7.750664552337216|727000
7.750664552337216|728000
7.750664552337216|729000
7.750664552337216|730000
7.750664552337216|731000
7.750664552337216|732000
7.750664552337216|733000
7.750664552337216|734000
7.750664552337216|735000
7.750664552337216|736000
7.750664552337216|737000
7.750664552337216|738000
7.750664552337216|739000
7.750664552337216|740000
7.750664552337216|741000
7.750664552337216|742000
7.750664552337216|743000
7.750664552337216|744000
7.750664552337216|745000
7.750664552337216|746000
7.750664552337216|747000
7.750664552337216|748000
7.750664552337216|749000
7.750664552337216|750000
7.750664552337216|751000
7.750664552337216|752000
7.750664552337216|753000
7.750664552337216|754000
7.750664552337216|755000
7.750664552337216|756000
7.750664552337216|757000
7.750664552337216|758000
7.750664552337216|759000
7.750664552337216|760000
7.750664552337216|761000
7.750664552337216|762000
7.750664552337216|763000
7.750664552337216|764000
7.750664552337216|765000
7.750664552337216|766000
7.750664552337216|767000
7.750664552337216|768000
7.750664552337216|769000
7.750664552337216|770000
7.750664552337216|771000
7.750664552337216|772000
7.750664552337216|773000
7.750664552337216|774000
7.750664552337216|775000
7.750664552337216|776000
7.750664552337216|777000
7.750664552337216|778000
7.750664552337216|779000
7.750664552337216|780000
7.750664552337216|781000
7.750664552337216|782000
7.750664552337216|783000
7.750664552337216|784000
7.750664552337216|785000
7.750664552337216|786000
7.750664552337216|787000
7.750664552337216|788000
7.750664552337216|789000
7.750664552337216|790000
7.750664552337216|791000
7.750664552337216|792000
7.750664552337216|793000
7.750664552337216|794000
7.750664552337216|795000
7.750664552337216|796000
7.750664552337216|797000
7.750664552337216|798000
7.750664552337216|799000
7.750664552337216|800000
7.750664552337216|801000
7.750664552337216|802000
7.750664552337216|803000
7.750664552337216|804000
7.750664552337216|805000
7.750664552337216|806000
7.750664552337216|807000
7.750664552337216|808000
7.750664552337216|809000
7.750664552337216|810000
7.750664552337216|811000
7.750664552337216|812000
7.750664552337216|813000
7.750664552337216|814000
7.750664552337216|815000
7.750664552337216|816000
7.750664552337216|817000
7.750664552337216|818000
7.750664552337216|819000
7.750664552337216|820000
7.750664552337216|821000
7.750664552337216|822000
7.750664552337216|823000
7.750664552337216|824000
7.750664552337216|825000
7.750664552337216|826000
7.750664552337216|827000
7.750664552337216|828000
7.750664552337216|829000
7.750664552337216|830000
7.750664552337216|831000
7.750664552337216|832000
7.750664552337216|833000
7.750664552337216|834000
7.750664552337216|835000
7.750664552337216|836000
7.750664552337216|837000
7.750664552337216|838000
7.750664552337216|839000
7.750664552337216|840000
7.750664552337216|841000
7.750664552337216|842000
7.750664552337216|843000
7.750664552337216|844000
7.750664552337216|845000
7.750664552337216|846000
7.750664552337216|847000
7.750664552337216|848000
7.750664552337216|849000
7.750664552337216|850000
7.750664552337216|851000
7.750664552337216|852000
7.750664552337216|853000
7.750664552337216|854000
7.750664552337216|855000
7.750664552337216|856000
7.750664552337216|857000
7.750664552337216|858000
7.750664552337216|859000
7.750664552337216|860000
7.750664552337216|861000
7.750664552337216|862000
7.750664552337216|863000
7.750664552337216|864000
7.750664552337216|865000
7.750664552337216|866000
7.750664552337216|867000
7.750664552337216|868000
7.750664552337216|869000
7.750664552337216|870000
7.750664552337216|871000
7.750664552337216|872000
7.750664552337216|873000
7.750664552337216|874000
7.750664552337216|875000
7.750664552337216|876000
7.750664552337216|877000
7.750664552337216|878000
7.750664552337216|879000
7.750664552337216|880000
7.750664552337216|881000
7.750664552337216|882000
7.750664552337216|883000
7.750664552337216|884000
7.750664552337216|885000
7.750664552337216|886000
7.750664552337216|887000
7.750664552337216|888000
7.750664552337216|889000
7.750664552337216|890000
7.750664552337216|891000
7.750664552337216|892000
7.750664552337216|893000
7.750664552337216|894000
7.750664552337216|895000
7.750664552337216|896000
7.750664552337216|897000
7.750664552337216|898000
7.750664552337216|899000
7.750664552337216|900000
7.750664552337216|901000
7.750664552337216|902000
7.750664552337216|903000
7.750664552337216|904000
7.750664552337216|905000
7.750664552337216|906000
7.750664552337216|907000
7.750664552337216|908000
7.750664552337216|909000
7.750664552337216|910000
7.750664552337216|911000
7.750664552337216|912000
7.750664552337216|913000
7.750664552337216|914000
7.750664552337216|915000
7.750664552337216|916000
7.750664552337216|917000
7.750664552337216|918000
7.750664552337216|919000
7.750664552337216|920000
7.750664552337216|921000
7.750664552337216|922000
7.750664552337216|923000
7.750664552337216|924000
7.750664552337216|925000
7.750664552337216|926000
7.750664552337216|927000
7.750664552337216|928000
7.750664552337216|929000
7.750664552337216|930000
7.750664552337216|931000
7.750664552337216|932000
7.750664552337216|933000
7.750664552337216|934000
7.750664552337216|935000
7.750664552337216|936000
7.750664552337216|937000
7.750664552337216|938000
7.750664552337216|939000
7.750664552337216|940000
7.750664552337216|941000
7.750664552337216|942000
7.750664552337216|943000
7.750664552337216|944000
7.750664552337216|945000
7.750664552337216|946000
7.750664552337216|947000
7.750664552337216|948000
7.750664552337216|949000
7.750664552337216|950000
7.750664552337216|951000
7.750664552337216|952000
7.750664552337216|953000
7.750664552337216|954000
7.750664552337216|955000
7.750664552337216|956000
7.750664552337216|957000
7.750664552337216|958000
7.750664552337216|959000
7.750664552337216|960000
7.750664552337216|961000
7.750664552337216|962000
7.750664552337216|963000
7.750664552337216|964000
7.750664552337216|965000
7.750664552337216|966000
7.750664552337216|967000
7.750664552337216|968000
7.750664552337216|969000
7.750664552337216|970000
7.750664552337216|971000
7.750664552337216|972000
7.750664552337216|973000
7.750664552337216|974000
7.750664552337216|975000
7.750664552337216|976000
7.750664552337216|977000
7.750664552337216|978000
7.750664552337216|979000
7.750664552337216|980000
7.750664552337216|981000
7.750664552337216|982000
7.750664552337216|983000
7.750664552337216|984000
7.750664552337216|985000
7.750664552337216|986000
7.750664552337216|987000
7.750664552337216|988000
7.750664552337216|989000
7.750664552337216|990000
7.750664552337216|991000
7.750664552337216|992000
7.750664552337216|993000
7.750664552337216|994000
7.750664552337216|995000
7.750664552337216|996000
7.750664552337216|997000
7.750664552337216|998000
7.750664552337216|999000
7.750664552337216|1000000
