19.992644612138353|1100
17.672732705650553|2100
16.07907856857207|3100
14.752859467986871|4100
13.830904522129485|5100
12.63546018816568|6100
12.390123833017945|7100
11.92449725450986|8100
11.283267621921079|9100
11.155247071547203|10100
10.88140365930485|11100
10.763993147300258|12100
10.535399225884529|13100
10.352760337365646|14100
10.1718895606989|15100
10.105089831953585|16100
9.81880709662627|17100
9.784123607458515|18100
9.689657703080243|19100
9.613444145770973|20100
9.516314672763123|21100
9.460633906504599|22100
9.407759760126796|23100
9.167078922454152|24100
9.090359908714877|25100
9.030009509026621|26100
9.020244060442238|27100
8.982330936279952|28100
8.981673388512542|29100
8.977976568889554|30100
8.977976568889554|31100
8.977976568889554|32100
8.977976568889554|33100
8.977976568889554|34100
8.977976568889554|35100
8.977976568889554|36100
8.977976568889554|37100
8.687705289711797|38100
8.67670074969972|39100
8.580813313243887|40100
8.580813313243887|41100
8.558215486492108|42100
8.548024483395873|43100
8.548024483395873|44100
8.548024483395873|45100
8.548024483395873|46100
8.548024483395873|47100
8.548024483395873|48100
8.548024483395873|49100
8.548024483395873|50100
8.548024483395873|51100
8.548024483395873|52100
8.548024483395873|53100
8.548024483395873|54100
8.548024483395873|55100
8.548024483395873|56100
8.548024483395873|57100
8.548024483395873|58100
8.548024483395873|59100
8.548024483395873|60100
8.548024483395873|61100
8.548024483395873|62100
8.548024483395873|63100
8.548024483395873|64100
8.548024483395873|65100
8.548024483395873|66100
8.548024483395873|67100
8.548024483395873|68100
8.548024483395873|69100
8.548024483395873|70100
8.548024483395873|71100
8.548024483395873|72100
8.548024483395873|73100
8.548024483395873|74100
8.548024483395873|75100
8.548024483395873|76100
8.548024483395873|77100
8.548024483395873|78100
8.548024483395873|79100
8.548024483395873|80100
8.548024483395873|81100
8.548024483395873|82100
8.548024483395873|83100
8.548024483395873|84100
8.548024483395873|85100
8.548024483395873|86100
8.548024483395873|87100
8.548024483395873|88100
8.548024483395873|89100
8.548024483395873|90100
8.548024483395873|91100
8.548024483395873|92100
8.548024483395873|93100
8.548024483395873|94100
8.548024483395873|95100
8.548024483395873|96100
8.548024483395873|97100
8.548024483395873|98100
8.548024483395873|99100
8.548024483395873|100100
8.548024483395873|101100
8.548024483395873|102100
8.548024483395873|103100
8.548024483395873|104100
8.548024483395873|105100
8.548024483395873|106100
8.548024483395873|107100
8.548024483395873|108100
8.548024483395873|109100
8.548024483395873|110100
8.548024483395873|111100
8.548024483395873|112100
8.548024483395873|113100
8.548024483395873|114100
8.548024483395873|115100
8.548024483395873|116100
8.548024483395873|117100
8.548024483395873|118100
8.548024483395873|119100
8.548024483395873|120100
8.548024483395873|121100
8.548024483395873|122100
8.548024483395873|123100
8.548024483395873|124100
8.548024483395873|125100
8.548024483395873|126100
8.548024483395873|127100
8.548024483395873|128100
8.548024483395873|129100
8.548024483395873|130100
8.548024483395873|131100
8.548024483395873|132100
8.548024483395873|133100
8.548024483395873|134100
8.548024483395873|135100
8.548024483395873|136100
8.548024483395873|137100
8.548024483395873|138100
8.548024483395873|139100
8.548024483395873|140100
8.548024483395873|141100
8.548024483395873|142100
8.548024483395873|143100
8.548024483395873|144100
8.548024483395873|145100
8.548024483395873|146100
8.548024483395873|147100
8.548024483395873|148100
8.548024483395873|149100
8.548024483395873|150100
8.548024483395873|151100
8.548024483395873|152100
8.548024483395873|153100
8.548024483395873|154100
8.548024483395873|155100
8.548024483395873|156100
8.548024483395873|157100
8.548024483395873|158100
8.548024483395873|159100
8.548024483395873|160100
8.548024483395873|161100
8.548024483395873|162100
8.548024483395873|163100
8.548024483395873|164100
8.548024483395873|165100
8.548024483395873|166100
8.548024483395873|167100
8.548024483395873|168100
8.548024483395873|169100
8.548024483395873|170100
8.548024483395873|171100
8.548024483395873|172100
8.548024483395873|173100
8.548024483395873|174100
8.548024483395873|175100
8.548024483395873|176100
8.548024483395873|177100
8.548024483395873|178100
8.548024483395873|179100
8.548024483395873|180100
8.548024483395873|181100
8.548024483395873|182100
8.548024483395873|183100
8.548024483395873|184100
8.548024483395873|185100
8.548024483395873|186100
8.548024483395873|187100
8.548024483395873|188100
8.548024483395873|189100
8.548024483395873|190100
8.548024483395873|191100
8.548024483395873|192100
8.548024483395873|193100
8.548024483395873|194100
8.548024483395873|195100
8.548024483395873|196100
8.548024483395873|197100
8.548024483395873|198100
8.548024483395873|199100
8.548024483395873|200100
8.548024483395873|201100
8.548024483395873|202100
8.548024483395873|203100
8.548024483395873|204100
8.548024483395873|205100
8.548024483395873|206100
8.548024483395873|207100
8.548024483395873|208100
8.548024483395873|209100
8.548024483395873|210100
8.548024483395873|211100
8.548024483395873|212100
8.548024483395873|213100
8.548024483395873|214100
8.548024483395873|215100
8.548024483395873|216100
8.548024483395873|217100
8.548024483395873|218100
8.548024483395873|219100
8.548024483395873|220100
8.548024483395873|221100
8.548024483395873|222100
8.548024483395873|223100
8.548024483395873|224100
8.548024483395873|225100
8.548024483395873|226100
8.548024483395873|227100
8.548024483395873|228100
8.548024483395873|229100
8.548024483395873|230100
8.548024483395873|231100
8.548024483395873|232100
8.548024483395873|233100
8.548024483395873|234100
8.548024483395873|235100
8.548024483395873|236100
8.548024483395873|237100
8.548024483395873|238100
8.548024483395873|239100
8.548024483395873|240100
8.548024483395873|241100
8.548024483395873|242100
8.548024483395873|243100
8.548024483395873|244100
8.548024483395873|245100
8.548024483395873|246100
8.548024483395873|247100
8.548024483395873|248100
8.548024483395873|249100
8.548024483395873|250100
8.548024483395873|251100
8.548024483395873|252100
8.548024483395873|253100
8.548024483395873|254100
8.548024483395873|255100
8.548024483395873|256100
8.548024483395873|257100
8.548024483395873|258100
8.548024483395873|259100
8.548024483395873|260100
8.548024483395873|261100
8.548024483395873|262100
8.548024483395873|263100
8.548024483395873|264100
8.548024483395873|265100
8.548024483395873|266100
8.548024483395873|267100
8.548024483395873|268100
8.548024483395873|269100
8.548024483395873|270100
8.548024483395873|271100
8.548024483395873|272100
8.548024483395873|273100
8.548024483395873|274100
8.548024483395873|275100
8.548024483395873|276100
8.548024483395873|277100
8.548024483395873|278100
8.548024483395873|279100
8.548024483395873|280100
8.548024483395873|281100
8.548024483395873|282100
8.548024483395873|283100
8.548024483395873|284100
8.548024483395873|285100
8.548024483395873|286100
8.548024483395873|287100
8.548024483395873|288100
8.548024483395873|289100
8.548024483395873|290100
8.548024483395873|291100
8.548024483395873|292100
8.548024483395873|293100
8.548024483395873|294100
8.548024483395873|295100
8.548024483395873|296100
8.548024483395873|297100
8.548024483395873|298100
8.548024483395873|299100
8.548024483395873|300100
8.548024483395873|301100
8.548024483395873|302100
8.548024483395873|303100
8.548024483395873|304100
8.548024483395873|305100
8.548024483395873|306100
8.548024483395873|307100
8.548024483395873|308100
8.548024483395873|309100
8.548024483395873|310100
8.548024483395873|311100
8.548024483395873|312100
8.548024483395873|313100
8.548024483395873|314100
8.548024483395873|315100
8.548024483395873|316100
8.548024483395873|317100
8.548024483395873|318100
8.548024483395873|319100
8.548024483395873|320100
8.548024483395873|321100
8.548024483395873|322100
8.548024483395873|323100
8.548024483395873|324100
8.548024483395873|325100
8.548024483395873|326100
8.548024483395873|327100
8.548024483395873|328100
8.548024483395873|329100
8.548024483395873|330100
8.548024483395873|331100
8.548024483395873|332100
8.548024483395873|333100
8.548024483395873|334100
8.548024483395873|335100
8.548024483395873|336100
8.548024483395873|337100
8.548024483395873|338100
8.548024483395873|339100
8.548024483395873|340100
8.548024483395873|341100
8.548024483395873|342100
8.548024483395873|343100
8.548024483395873|344100
8.548024483395873|345100
8.548024483395873|346100
8.548024483395873|347100
8.548024483395873|348100
8.548024483395873|349100
8.548024483395873|350100
8.548024483395873|351100
8.548024483395873|352100
8.548024483395873|353100
8.548024483395873|354100
8.548024483395873|355100
8.548024483395873|356100
8.548024483395873|357100
8.548024483395873|358100
8.548024483395873|359100
8.548024483395873|360100
8.548024483395873|361100
8.548024483395873|362100
8.548024483395873|363100
8.548024483395873|364100
8.548024483395873|365100
8.548024483395873|366100
8.548024483395873|367100
8.548024483395873|368100
8.548024483395873|369100
8.548024483395873|370100
8.548024483395873|371100
8.548024483395873|372100
8.548024483395873|373100
8.548024483395873|374100
8.548024483395873|375100
8.548024483395873|376100
8.548024483395873|377100
8.548024483395873|378100
8.548024483395873|379100
8.548024483395873|380100
8.548024483395873|381100
8.548024483395873|382100
8.548024483395873|383100
8.548024483395873|384100
8.548024483395873|385100
8.548024483395873|386100
8.548024483395873|387100
8.548024483395873|388100
8.548024483395873|389100
8.548024483395873|390100
8.548024483395873|391100
8.548024483395873|392100
8.548024483395873|393100
8.548024483395873|394100
8.548024483395873|395100
8.548024483395873|396100
8.548024483395873|397100
8.548024483395873|398100
8.548024483395873|399100
8.548024483395873|400100
8.548024483395873|401100
8.548024483395873|402100
8.548024483395873|403100
8.548024483395873|404100
8.548024483395873|405100
8.548024483395873|406100
8.548024483395873|407100
8.548024483395873|408100
8.548024483395873|409100
8.548024483395873|410100
8.548024483395873|411100
8.548024483395873|412100
8.548024483395873|413100
8.548024483395873|414100
8.548024483395873|415100
8.548024483395873|416100
8.548024483395873|417100
8.548024483395873|418100
8.548024483395873|419100
8.548024483395873|420100
8.548024483395873|421100
8.548024483395873|422100
8.548024483395873|423100
8.548024483395873|424100
8.548024483395873|425100
8.548024483395873|426100
8.548024483395873|427100
8.548024483395873|428100
8.548024483395873|429100
8.548024483395873|430100
8.548024483395873|431100
8.548024483395873|432100
8.548024483395873|433100
8.548024483395873|434100
8.548024483395873|435100
8.548024483395873|436100
8.548024483395873|437100
8.548024483395873|438100
8.548024483395873|439100
8.548024483395873|440100
8.548024483395873|441100
8.548024483395873|442100
8.548024483395873|443100
8.548024483395873|444100
8.548024483395873|445100
8.548024483395873|446100
8.548024483395873|447100
8.548024483395873|448100
8.548024483395873|449100
8.548024483395873|450100
8.548024483395873|451100
8.548024483395873|452100
8.548024483395873|453100
8.548024483395873|454100
8.548024483395873|455100
8.548024483395873|456100
8.548024483395873|457100
8.548024483395873|458100
8.548024483395873|459100
8.548024483395873|460100
8.548024483395873|461100
8.548024483395873|462100
8.548024483395873|463100
8.548024483395873|464100
8.548024483395873|465100
8.548024483395873|466100
8.548024483395873|467100
8.548024483395873|468100
8.548024483395873|469100
8.548024483395873|470100
8.548024483395873|471100
8.548024483395873|472100
8.548024483395873|473100
8.548024483395873|474100
8.548024483395873|475100
8.548024483395873|476100
8.548024483395873|477100
8.548024483395873|478100
8.548024483395873|479100
8.548024483395873|480100
8.548024483395873|481100
8.548024483395873|482100
8.548024483395873|483100
8.548024483395873|484100
8.548024483395873|485100
8.548024483395873|486100
8.548024483395873|487100
8.548024483395873|488100
8.548024483395873|489100
8.548024483395873|490100
8.548024483395873|491100
8.548024483395873|492100
8.548024483395873|493100
8.548024483395873|494100
8.548024483395873|495100
8.548024483395873|496100
8.548024483395873|497100
8.548024483395873|498100
8.548024483395873|499100
8.548024483395873|500100
8.548024483395873|501100
8.548024483395873|502100
8.548024483395873|503100
8.548024483395873|504100
8.548024483395873|505100
8.548024483395873|506100
8.548024483395873|507100
8.548024483395873|508100
8.548024483395873|509100
8.548024483395873|510100
8.548024483395873|511100
8.548024483395873|512100
8.548024483395873|513100
8.548024483395873|514100
8.548024483395873|515100
8.548024483395873|516100
8.548024483395873|517100
8.548024483395873|518100
8.548024483395873|519100
8.548024483395873|520100
8.548024483395873|521100
8.548024483395873|522100
8.548024483395873|523100
8.548024483395873|524100
8.548024483395873|525100
8.548024483395873|526100
8.548024483395873|527100
8.548024483395873|528100
8.548024483395873|529100
8.548024483395873|530100
8.548024483395873|531100
8.548024483395873|532100
8.548024483395873|533100
8.548024483395873|534100
8.548024483395873|535100
8.548024483395873|536100
8.548024483395873|537100
8.548024483395873|538100
8.548024483395873|539100
8.548024483395873|540100
8.548024483395873|541100
8.548024483395873|542100
8.548024483395873|543100
8.548024483395873|544100
8.548024483395873|545100
8.548024483395873|546100
8.548024483395873|547100
8.548024483395873|548100
8.548024483395873|549100
8.548024483395873|550100
8.548024483395873|551100
8.548024483395873|552100
8.548024483395873|553100
8.548024483395873|554100
8.548024483395873|555100
8.548024483395873|556100
8.548024483395873|557100
8.548024483395873|558100
8.548024483395873|559100
8.548024483395873|560100
8.548024483395873|561100
8.548024483395873|562100
8.548024483395873|563100
8.548024483395873|564100
8.548024483395873|565100
8.548024483395873|566100
8.548024483395873|567100
8.548024483395873|568100
8.548024483395873|569100
8.548024483395873|570100
8.548024483395873|571100
8.548024483395873|572100
8.548024483395873|573100
8.548024483395873|574100
8.548024483395873|575100
8.548024483395873|576100
8.548024483395873|577100
8.548024483395873|578100
8.548024483395873|579100
8.548024483395873|580100
8.548024483395873|581100
8.548024483395873|582100
8.548024483395873|583100
8.548024483395873|584100
8.548024483395873|585100
8.548024483395873|586100
8.548024483395873|587100
8.548024483395873|588100
8.548024483395873|589100
8.548024483395873|590100
8.548024483395873|591100
8.548024483395873|592100
8.548024483395873|593100
8.548024483395873|594100
8.548024483395873|595100
8.548024483395873|596100
8.548024483395873|597100
8.548024483395873|598100
8.548024483395873|599100
8.548024483395873|600100
8.548024483395873|601100
8.548024483395873|602100
8.548024483395873|603100
8.548024483395873|604100
8.548024483395873|605100
8.548024483395873|606100
8.548024483395873|607100
8.548024483395873|608100
8.548024483395873|609100
8.548024483395873|610100
8.548024483395873|611100
8.548024483395873|612100
8.548024483395873|613100
8.548024483395873|614100
8.548024483395873|615100
8.548024483395873|616100
8.548024483395873|617100
8.548024483395873|618100
8.548024483395873|619100
8.548024483395873|620100
8.548024483395873|621100
8.548024483395873|622100
8.548024483395873|623100
8.548024483395873|624100
8.548024483395873|625100
8.548024483395873|626100
8.548024483395873|627100
8.548024483395873|628100
8.548024483395873|629100
8.548024483395873|630100
8.548024483395873|631100
8.548024483395873|632100
8.548024483395873|633100
8.548024483395873|634100
8.548024483395873|635100
8.548024483395873|636100
8.548024483395873|637100
8.548024483395873|638100
8.548024483395873|639100
8.548024483395873|640100
8.548024483395873|641100
8.548024483395873|642100
8.548024483395873|643100
8.548024483395873|644100
8.548024483395873|645100
8.548024483395873|646100
8.548024483395873|647100
8.548024483395873|648100
8.548024483395873|649100
8.548024483395873|650100
8.548024483395873|651100
8.548024483395873|652100
8.548024483395873|653100
8.548024483395873|654100
8.548024483395873|655100
8.548024483395873|656100
8.548024483395873|657100
8.548024483395873|658100
8.548024483395873|659100
8.548024483395873|660100
8.548024483395873|661100
8.548024483395873|662100
8.548024483395873|663100
8.548024483395873|664100
8.548024483395873|665100
8.548024483395873|666100
8.548024483395873|667100
8.548024483395873|668100
8.548024483395873|669100
8.548024483395873|670100
8.548024483395873|671100
8.548024483395873|672100
8.548024483395873|673100
8.548024483395873|674100
8.548024483395873|675100
8.548024483395873|676100
8.548024483395873|677100
8.548024483395873|678100
8.548024483395873|679100
8.548024483395873|680100
8.548024483395873|681100
8.548024483395873|682100
8.548024483395873|683100
8.548024483395873|684100
8.548024483395873|685100
8.548024483395873|686100
8.548024483395873|687100
8.548024483395873|688100
8.548024483395873|689100
8.548024483395873|690100
8.548024483395873|691100
8.548024483395873|692100
8.548024483395873|693100
8.548024483395873|694100
8.548024483395873|695100
8.548024483395873|696100
8.548024483395873|697100
8.548024483395873|698100
8.548024483395873|699100
8.548024483395873|700100
8.548024483395873|701100
8.548024483395873|702100
8.548024483395873|703100
8.548024483395873|704100
8.548024483395873|705100
8.548024483395873|706100
8.548024483395873|707100
8.548024483395873|708100
8.548024483395873|709100
8.548024483395873|710100
8.548024483395873|711100
8.548024483395873|712100
8.548024483395873|713100
8.548024483395873|714100
8.548024483395873|715100
8.548024483395873|716100
8.548024483395873|717100
8.548024483395873|718100
8.548024483395873|719100
8.548024483395873|720100
8.548024483395873|721100
8.548024483395873|722100
8.548024483395873|723100
8.548024483395873|724100
8.548024483395873|725100
8.548024483395873|726100
8.548024483395873|727100
8.548024483395873|728100
8.548024483395873|729100
8.548024483395873|730100
8.548024483395873|731100
8.548024483395873|732100
8.548024483395873|733100
8.548024483395873|734100
8.548024483395873|735100
8.548024483395873|736100
8.548024483395873|737100
8.548024483395873|738100
8.548024483395873|739100
8.548024483395873|740100
8.548024483395873|741100
8.548024483395873|742100
8.548024483395873|743100
8.548024483395873|744100
8.548024483395873|745100
8.548024483395873|746100
8.548024483395873|747100
8.548024483395873|748100
8.548024483395873|749100
8.548024483395873|750100
8.548024483395873|751100
8.548024483395873|752100
8.548024483395873|753100
8.548024483395873|754100
8.548024483395873|755100
8.548024483395873|756100
8.548024483395873|757100
8.548024483395873|758100
8.548024483395873|759100
8.548024483395873|760100
8.548024483395873|761100
8.548024483395873|762100
8.548024483395873|763100
8.548024483395873|764100
8.548024483395873|765100
8.548024483395873|766100
8.548024483395873|767100
8.548024483395873|768100
8.548024483395873|769100
8.548024483395873|770100
8.548024483395873|771100
8.548024483395873|772100
8.548024483395873|773100
8.548024483395873|774100
8.548024483395873|775100
8.548024483395873|776100
8.548024483395873|777100
8.548024483395873|778100
8.548024483395873|779100
8.548024483395873|780100
8.548024483395873|781100
8.548024483395873|782100
8.548024483395873|783100
8.548024483395873|784100
8.548024483395873|785100
8.548024483395873|786100
8.548024483395873|787100
8.548024483395873|788100
8.548024483395873|789100
8.548024483395873|790100
8.548024483395873|791100
8.548024483395873|792100
8.548024483395873|793100
8.548024483395873|794100
8.548024483395873|795100
8.548024483395873|796100
8.548024483395873|797100
8.548024483395873|798100
8.548024483395873|799100
8.548024483395873|800100
8.548024483395873|801100
8.548024483395873|802100
8.548024483395873|803100
8.548024483395873|804100
8.548024483395873|805100
8.548024483395873|806100
8.548024483395873|807100
8.548024483395873|808100
8.548024483395873|809100
8.548024483395873|810100
8.548024483395873|811100
8.548024483395873|812100
8.548024483395873|813100
8.548024483395873|814100
8.548024483395873|815100
8.548024483395873|816100
8.548024483395873|817100
8.548024483395873|818100
8.548024483395873|819100
8.548024483395873|820100
8.548024483395873|821100
8.548024483395873|822100
8.548024483395873|823100
8.548024483395873|824100
8.548024483395873|825100
8.548024483395873|826100
8.548024483395873|827100
8.548024483395873|828100
8.548024483395873|829100
8.548024483395873|830100
8.548024483395873|831100
8.548024483395873|832100
8.548024483395873|833100
8.548024483395873|834100
8.548024483395873|835100
8.548024483395873|836100
8.548024483395873|837100
8.548024483395873|838100
8.548024483395873|839100
8.548024483395873|840100
8.548024483395873|841100
8.548024483395873|842100
8.548024483395873|843100
8.548024483395873|844100
8.548024483395873|845100
8.548024483395873|846100
8.548024483395873|847100
8.548024483395873|848100
8.548024483395873|849100
8.548024483395873|850100
8.548024483395873|851100
8.548024483395873|852100
8.548024483395873|853100
8.548024483395873|854100
8.548024483395873|855100
8.548024483395873|856100
8.548024483395873|857100
8.548024483395873|858100
8.548024483395873|859100
8.548024483395873|860100
8.548024483395873|861100
8.548024483395873|862100
8.548024483395873|863100
8.548024483395873|864100
8.548024483395873|865100
8.548024483395873|866100
8.548024483395873|867100
8.548024483395873|868100
8.548024483395873|869100
8.548024483395873|870100
8.548024483395873|871100
8.548024483395873|872100
8.548024483395873|873100
8.548024483395873|874100
8.548024483395873|875100
8.548024483395873|876100
8.548024483395873|877100
8.548024483395873|878100
8.548024483395873|879100
8.548024483395873|880100
8.548024483395873|881100
8.548024483395873|882100
8.548024483395873|883100
8.548024483395873|884100
8.548024483395873|885100
8.548024483395873|886100
8.548024483395873|887100
8.548024483395873|888100
8.548024483395873|889100
8.548024483395873|890100
8.548024483395873|891100
8.548024483395873|892100
8.548024483395873|893100
8.548024483395873|894100
8.548024483395873|895100
8.548024483395873|896100
8.548024483395873|897100
8.548024483395873|898100
8.548024483395873|899100
8.548024483395873|900100
8.548024483395873|901100
8.548024483395873|902100
8.548024483395873|903100
8.548024483395873|904100
8.548024483395873|905100
8.548024483395873|906100
8.548024483395873|907100
8.548024483395873|908100
8.548024483395873|909100
8.548024483395873|910100
8.548024483395873|911100
8.548024483395873|912100
8.548024483395873|913100
8.548024483395873|914100
8.548024483395873|915100
8.548024483395873|916100
8.548024483395873|917100
8.548024483395873|918100
8.548024483395873|919100
8.548024483395873|920100
8.548024483395873|921100
8.548024483395873|922100
8.548024483395873|923100
8.548024483395873|924100
8.548024483395873|925100
8.548024483395873|926100
8.548024483395873|927100
8.548024483395873|928100
8.548024483395873|929100
8.548024483395873|930100
8.548024483395873|931100
8.548024483395873|932100
8.548024483395873|933100
8.548024483395873|934100
8.548024483395873|935100
8.548024483395873|936100
8.548024483395873|937100
8.548024483395873|938100
8.548024483395873|939100
8.548024483395873|940100
8.548024483395873|941100
8.548024483395873|942100
8.548024483395873|943100
8.548024483395873|944100
8.548024483395873|945100
8.548024483395873|946100
8.548024483395873|947100
8.548024483395873|948100
8.548024483395873|949100
8.548024483395873|950100
8.548024483395873|951100
8.548024483395873|952100
8.548024483395873|953100
8.548024483395873|954100
8.548024483395873|955100
8.548024483395873|956100
8.548024483395873|957100
8.548024483395873|958100
8.548024483395873|959100
8.548024483395873|960100
8.548024483395873|961100
8.548024483395873|962100
8.548024483395873|963100
8.548024483395873|964100
8.548024483395873|965100
8.548024483395873|966100
8.548024483395873|967100
8.548024483395873|968100
8.548024483395873|969100
8.548024483395873|970100
8.548024483395873|971100
8.548024483395873|972100
8.548024483395873|973100
8.548024483395873|974100
8.548024483395873|975100
8.548024483395873|976100
8.548024483395873|977100
8.548024483395873|978100
8.548024483395873|979100
8.548024483395873|980100
8.548024483395873|981100
8.548024483395873|982100
8.548024483395873|983100
8.548024483395873|984100
8.548024483395873|985100
8.548024483395873|986100
8.548024483395873|987100
8.548024483395873|988100
8.548024483395873|989100
8.548024483395873|990100
8.548024483395873|991100
8.548024483395873|992100
8.548024483395873|993100
8.548024483395873|994100
8.548024483395873|995100
8.548024483395873|996100
8.548024483395873|997100
8.548024483395873|998100
8.548024483395873|999100
8.548024483395873|1000100
