21.298151714435658|2000
21.12829467788193|3000
20.558378367420044|4000
20.14735490609528|5000
19.810830016834696|6000
19.573362594826953|7000
18.767774910969425|8000
18.767774910969425|9000
18.649171999967614|10000
18.454380436596928|11000
17.791584556516206|12000
17.791584556516206|13000
17.578624607068612|14000
17.526149280035717|15000
17.198050725678907|16000
16.772473621648746|17000
16.297061178166466|18000
16.297061178166466|19000
16.059785959332682|20000
15.677316515634473|21000
15.403424649677465|22000
15.399751027858708|23000
14.729419115814677|24000
14.729419115814677|25000
14.729419115814677|26000
14.148527309573987|27000
14.148527309573987|28000
14.148527309573987|29000
14.148527309573987|30000
13.944112155276141|31000
13.197829119505093|32000
13.197829119505093|33000
13.197829119505093|34000
13.194666331970733|35000
13.027607123087062|36000
12.043911248328007|37000
12.043911248328007|38000
11.999535808832382|39000
11.999535808832382|40000
11.858862347032822|41000
11.809931761486023|42000
11.749559577734903|43000
11.624487760616129|44000
11.624487760616129|45000
11.624487760616129|46000
11.608491016360633|47000
11.450626699424786|48000
11.402091213452694|49000
11.348986772874301|50000
11.344475034722246|51000
11.185727405550798|52000
11.185727405550798|53000
11.18312039590343|54000
11.088329607311353|55000
11.088329607311353|56000
11.088329607311353|57000
10.962202154752388|58000
10.88151591507757|59000
10.88151591507757|60000
10.88151591507757|61000
10.834609068686147|62000
10.834609068686147|63000
10.825481454958378|64000
10.822961447201607|65000
10.777617152378559|66000
10.777617152378559|67000
10.777617152378559|68000
10.735860601642548|69000
10.685906425544273|70000
10.685906425544273|71000
10.554091901580147|72000
10.554091901580147|73000
10.554091901580147|74000
10.554091901580147|75000
10.413034518283698|76000
10.413034518283698|77000
10.413034518283698|78000
10.413034518283698|79000
10.38179417272436|80000
10.276396773221846|81000
10.276396773221846|82000
10.200505184582497|83000
10.200505184582497|84000
10.143901478105567|85000
10.143901478105567|86000
10.143901478105567|87000
10.10879445774821|88000
9.840060896083205|89000
9.840060896083205|90000
9.840060896083205|91000
9.840060896083205|92000
9.772861078669427|93000
9.772861078669427|94000
9.772861078669427|95000
9.72582679830037|96000
9.70741333000985|97000
9.700573885594338|98000
9.700573885594338|99000
9.67958557566579|100000
9.673778624960223|101000
9.587198458668336|102000
9.587198458668336|103000
9.587198458668336|104000
9.546938009592434|105000
9.546938009592434|106000
9.546938009592434|107000
9.546938009592434|108000
9.49705414939923|109000
9.49705414939923|110000
9.49705414939923|111000
9.49705414939923|112000
9.448794703203975|113000
9.448794703203975|114000
9.448794703203975|115000
9.448794703203975|116000
9.430607413304273|117000
9.430607413304273|118000
9.430607413304273|119000
9.418148332243854|120000
9.381594885790197|121000
9.381594885790197|122000
9.378559239964126|123000
9.376728330464113|124000
9.376728330464113|125000
9.376728330464113|126000
9.347248746671442|127000
9.347248746671442|128000
9.347248746671442|129000
9.324680157123966|130000
9.324680157123966|131000
9.324680157123966|132000
9.324680157123966|133000
9.324680157123966|134000
9.324680157123966|135000
9.324680157123966|136000
9.324185408957408|137000
9.307520422335834|138000
9.307520422335834|139000
9.307520422335834|140000
9.307520422335834|141000
9.307520422335834|142000
9.307520422335834|143000
9.307520422335834|144000
9.307285031888501|145000
9.30068097792032|146000
9.30068097792032|147000
9.30068097792032|148000
9.287180295404342|149000
9.287180295404342|150000
9.287180295404342|151000
9.287180295404342|152000
9.287180295404342|153000
9.287180295404342|154000
9.287180295404342|155000
9.281938225236752|156000
9.281938225236752|157000
9.254086811061207|158000
9.254086811061207|159000
9.254086811061207|160000
9.254086811061207|161000
9.254086811061207|162000
9.254086811061207|163000
9.247247366645695|164000
9.247247366645695|165000
9.247247366645695|166000
9.247247366645695|167000
9.247247366645695|168000
9.247046186923951|169000
9.247046186923951|170000
9.247046186923951|171000
9.247046186923951|172000
9.241804116756363|173000
9.241804116756363|174000
9.241804116756363|175000
9.241804116756363|176000
9.241804116756363|177000
9.241804116756363|178000
9.241804116756363|179000
9.241804116756363|180000
9.241804116756363|181000
9.241804116756363|182000
9.241309368589807|183000
9.241309368589807|184000
9.241309368589807|185000
9.241309368589807|186000
9.241309368589807|187000
9.241309368589807|188000
9.241309368589807|189000
9.241309368589807|190000
9.241309368589807|191000
9.241309368589807|192000
9.228322493309994|193000
9.228322493309994|194000
9.228322493309994|195000
9.228322493309994|196000
9.228322493309994|197000
9.228322493309994|198000
9.20991637518374|199000
9.20991637518374|200000
9.20991637518374|201000
9.20991637518374|202000
9.20991637518374|203000
9.196929499903927|204000
9.196929499903927|205000
9.171492926700381|206000
9.171492926700381|207000
9.171492926700381|208000
9.171492926700381|209000
9.171492926700381|210000
9.171492926700381|211000
9.171492926700381|212000
9.171492926700381|213000
9.171492926700381|214000
9.171492926700381|215000
9.165651591263067|216000
9.165651591263067|217000
9.165651591263067|218000
9.165651591263067|219000
9.165651591263067|220000
9.165651591263067|221000
9.165651591263067|222000
9.165651591263067|223000
9.165651591263067|224000
9.165651591263067|225000
9.165651591263067|226000
9.165651591263067|227000
9.165651591263067|228000
9.165651591263067|229000
9.165651591263067|230000
9.165651591263067|231000
9.165651591263067|232000
9.165651591263067|233000
9.165651591263067|234000
9.165651591263067|235000
9.165651591263067|236000
9.165651591263067|237000
9.165651591263067|238000
9.165651591263067|239000
9.165651591263067|240000
9.165651591263067|241000
9.165651591263067|242000
9.165651591263067|243000
9.165651591263067|244000
9.165651591263067|245000
9.165651591263067|246000
9.165651591263067|247000
9.165651591263067|248000
9.165651591263067|249000
9.165651591263067|250000
9.165651591263067|251000
9.165651591263067|252000
9.165651591263067|253000
9.165651591263067|254000
9.165651591263067|255000
9.165651591263067|256000
9.165651591263067|257000
9.165651591263067|258000
9.165651591263067|259000
9.165651591263067|260000
9.165651591263067|261000
9.165651591263067|262000
9.165651591263067|263000
9.165651591263067|264000
9.165651591263067|265000
9.165651591263067|266000
9.165651591263067|267000
9.165651591263067|268000
9.165651591263067|269000
9.165651591263067|270000
9.165651591263067|271000
9.165651591263067|272000
9.165651591263067|273000
9.165651591263067|274000
9.165651591263067|275000
9.165651591263067|276000
9.165651591263067|277000
9.165651591263067|278000
9.165651591263067|279000
9.165651591263067|280000
9.165651591263067|281000
9.165651591263067|282000
9.165651591263067|283000
9.165651591263067|284000
9.165651591263067|285000
9.165651591263067|286000
9.165651591263067|287000
9.165651591263067|288000
9.165651591263067|289000
9.165651591263067|290000
9.165651591263067|291000
9.165651591263067|292000
9.165651591263067|293000
9.165651591263067|294000
9.165651591263067|295000
9.165651591263067|296000
9.165651591263067|297000
9.165651591263067|298000
9.165651591263067|299000
9.165651591263067|300000
9.165651591263067|301000
9.165651591263067|302000
9.165651591263067|303000
9.165651591263067|304000
9.165651591263067|305000
9.165651591263067|306000
9.165651591263067|307000
9.165651591263067|308000
9.165651591263067|309000
9.165651591263067|310000
9.165651591263067|311000
9.165651591263067|312000
9.165651591263067|313000
9.165651591263067|314000
9.165651591263067|315000
9.165651591263067|316000
9.165651591263067|317000
9.165651591263067|318000
9.165651591263067|319000
9.165651591263067|320000
9.165651591263067|321000
9.165651591263067|322000
9.165651591263067|323000
9.165651591263067|324000
9.165651591263067|325000
9.165651591263067|326000
9.165651591263067|327000
9.165651591263067|328000
9.165651591263067|329000
9.165651591263067|330000
9.165651591263067|331000
9.165651591263067|332000
9.165651591263067|333000
9.165651591263067|334000
9.165651591263067|335000
9.165651591263067|336000
9.165651591263067|337000
9.165651591263067|338000
9.165651591263067|339000
9.165651591263067|340000
9.165651591263067|341000
9.165651591263067|342000
9.165651591263067|343000
9.165651591263067|344000
9.165651591263067|345000
9.165651591263067|346000
9.165651591263067|347000
9.165651591263067|348000
9.165651591263067|349000
9.165651591263067|350000
9.165651591263067|351000
9.165651591263067|352000
9.165651591263067|353000
9.165651591263067|354000
9.165651591263067|355000
9.165651591263067|356000
9.165651591263067|357000
9.165651591263067|358000
9.165651591263067|359000
9.165651591263067|360000
9.165651591263067|361000
9.165651591263067|362000
9.165651591263067|363000
9.165651591263067|364000
9.165651591263067|365000
9.165651591263067|366000
9.165651591263067|367000
9.165651591263067|368000
9.165651591263067|369000
9.165651591263067|370000
9.165651591263067|371000
9.165651591263067|372000
9.165651591263067|373000
9.165651591263067|374000
9.165651591263067|375000
9.165651591263067|376000
9.165651591263067|377000
9.165651591263067|378000
9.165651591263067|379000
9.165651591263067|380000
9.165651591263067|381000
9.165651591263067|382000
9.165651591263067|383000
9.165651591263067|384000
9.165651591263067|385000
9.165651591263067|386000
9.165651591263067|387000
9.165651591263067|388000
9.165651591263067|389000
9.165651591263067|390000
9.165651591263067|391000
9.165651591263067|392000
9.165651591263067|393000
9.165651591263067|394000
9.165651591263067|395000
9.165651591263067|396000
9.165651591263067|397000
9.165651591263067|398000
9.165651591263067|399000
9.165651591263067|400000
9.165651591263067|401000
9.165651591263067|402000
9.165651591263067|403000
9.165651591263067|404000
9.165651591263067|405000
9.165651591263067|406000
9.165651591263067|407000
9.165651591263067|408000
9.165651591263067|409000
9.165651591263067|410000
9.165651591263067|411000
9.165651591263067|412000
9.165651591263067|413000
9.165651591263067|414000
9.165651591263067|415000
9.165651591263067|416000
9.165651591263067|417000
9.165651591263067|418000
9.165651591263067|419000
9.165651591263067|420000
9.165651591263067|421000
9.165651591263067|422000
9.165651591263067|423000
9.165651591263067|424000
9.165651591263067|425000
9.165651591263067|426000
9.165651591263067|427000
9.165651591263067|428000
9.165651591263067|429000
9.165651591263067|430000
9.165651591263067|431000
9.165651591263067|432000
9.165651591263067|433000
9.165651591263067|434000
9.165651591263067|435000
9.165651591263067|436000
9.165651591263067|437000
9.165651591263067|438000
9.165651591263067|439000
9.165651591263067|440000
9.165651591263067|441000
9.165651591263067|442000
9.165651591263067|443000
9.165651591263067|444000
9.165651591263067|445000
9.165651591263067|446000
9.165651591263067|447000
9.165651591263067|448000
9.165651591263067|449000
9.165651591263067|450000
9.165651591263067|451000
9.165651591263067|452000
9.165651591263067|453000
9.165651591263067|454000
9.165651591263067|455000
9.165651591263067|456000
9.165651591263067|457000
9.165651591263067|458000
9.165651591263067|459000
9.165651591263067|460000
9.165651591263067|461000
9.165651591263067|462000
9.165651591263067|463000
9.165651591263067|464000
9.165651591263067|465000
9.165651591263067|466000
9.165651591263067|467000
9.165651591263067|468000
9.165651591263067|469000
9.165651591263067|470000
9.165651591263067|471000
9.165651591263067|472000
9.165651591263067|473000
9.165651591263067|474000
9.165651591263067|475000
9.165651591263067|476000
9.165651591263067|477000
9.165651591263067|478000
9.165651591263067|479000
9.165651591263067|480000
9.165651591263067|481000
9.165651591263067|482000
9.165651591263067|483000
9.165651591263067|484000
9.165651591263067|485000
9.165651591263067|486000
9.165651591263067|487000
9.165651591263067|488000
9.165651591263067|489000
9.165651591263067|490000
9.165651591263067|491000
9.165651591263067|492000
9.165651591263067|493000
9.165651591263067|494000
9.165651591263067|495000
9.165651591263067|496000
9.165651591263067|497000
9.165651591263067|498000
9.165651591263067|499000
9.165651591263067|500000
9.165651591263067|501000
9.165651591263067|502000
9.165651591263067|503000
9.165651591263067|504000
9.165651591263067|505000
9.165651591263067|506000
9.165651591263067|507000
9.165651591263067|508000
9.165651591263067|509000
9.165651591263067|510000
9.165651591263067|511000
9.165651591263067|512000
9.165651591263067|513000
9.165651591263067|514000
9.165651591263067|515000
9.165651591263067|516000
9.165651591263067|517000
9.165651591263067|518000
9.165651591263067|519000
9.165651591263067|520000
9.165651591263067|521000
9.165651591263067|522000
9.165651591263067|523000
9.165651591263067|524000
9.165651591263067|525000
9.165651591263067|526000
9.165651591263067|527000
9.165651591263067|528000
9.165651591263067|529000
9.165651591263067|530000
9.165651591263067|531000
9.165651591263067|532000
9.165651591263067|533000
9.165651591263067|534000
9.165651591263067|535000
9.165651591263067|536000
9.165651591263067|537000
9.165651591263067|538000
9.165651591263067|539000
9.165651591263067|540000
9.165651591263067|541000
9.165651591263067|542000
9.165651591263067|543000
9.165651591263067|544000
9.165651591263067|545000
9.165651591263067|546000
9.165651591263067|547000
9.165651591263067|548000
9.165651591263067|549000
9.165651591263067|550000
9.165651591263067|551000
9.165651591263067|552000
9.165651591263067|553000
9.165651591263067|554000
9.165651591263067|555000
9.165651591263067|556000
9.165651591263067|557000
9.165651591263067|558000
9.165651591263067|559000
9.165651591263067|560000
9.165651591263067|561000
9.165651591263067|562000
9.165651591263067|563000
9.165651591263067|564000
9.165651591263067|565000
9.165651591263067|566000
9.165651591263067|567000
9.165651591263067|568000
9.165651591263067|569000
9.165651591263067|570000
9.165651591263067|571000
9.165651591263067|572000
9.165651591263067|573000
9.165651591263067|574000
9.165651591263067|575000
9.165651591263067|576000
9.165651591263067|577000
9.165651591263067|578000
9.165651591263067|579000
9.165651591263067|580000
9.165651591263067|581000
9.165651591263067|582000
9.165651591263067|583000
9.165651591263067|584000
9.165651591263067|585000
9.165651591263067|586000
9.165651591263067|587000
9.165651591263067|588000
9.165651591263067|589000
9.165651591263067|590000
9.165651591263067|591000
9.165651591263067|592000
9.165651591263067|593000
9.165651591263067|594000
9.165651591263067|595000
9.165651591263067|596000
9.165651591263067|597000
9.165651591263067|598000
9.165651591263067|599000
9.165651591263067|600000
9.165651591263067|601000
9.165651591263067|602000
9.165651591263067|603000
9.165651591263067|604000
9.165651591263067|605000
9.165651591263067|606000
9.165651591263067|607000
9.165651591263067|608000
9.165651591263067|609000
9.165651591263067|610000
9.165651591263067|611000
9.165651591263067|612000
9.165651591263067|613000
9.165651591263067|614000
9.165651591263067|615000
9.165651591263067|616000
9.165651591263067|617000
9.165651591263067|618000
9.165651591263067|619000
9.165651591263067|620000
9.165651591263067|621000
9.165651591263067|622000
9.165651591263067|623000
9.165651591263067|624000
9.165651591263067|625000
9.165651591263067|626000
9.165651591263067|627000
9.165651591263067|628000
9.165651591263067|629000
9.165651591263067|630000
9.165651591263067|631000
9.165651591263067|632000
9.165651591263067|633000
9.165651591263067|634000
9.165651591263067|635000
9.165651591263067|636000
9.165651591263067|637000
9.165651591263067|638000
9.165651591263067|639000
9.165651591263067|640000
9.165651591263067|641000
9.165651591263067|642000
9.165651591263067|643000
9.165651591263067|644000
9.165651591263067|645000
9.165651591263067|646000
9.165651591263067|647000
9.165651591263067|648000
9.165651591263067|649000
9.165651591263067|650000
9.165651591263067|651000
9.165651591263067|652000
9.165651591263067|653000
9.165651591263067|654000
9.165651591263067|655000
9.165651591263067|656000
9.165651591263067|657000
9.165651591263067|658000
9.165651591263067|659000
9.165651591263067|660000
9.165651591263067|661000
9.165651591263067|662000
9.165651591263067|663000
9.165651591263067|664000
9.165651591263067|665000
9.165651591263067|666000
9.165651591263067|667000
9.165651591263067|668000
9.165651591263067|669000
9.165651591263067|670000
9.165651591263067|671000
9.165651591263067|672000
9.165651591263067|673000
9.165651591263067|674000
9.165651591263067|675000
9.165651591263067|676000
9.165651591263067|677000
9.165651591263067|678000
9.165651591263067|679000
9.165651591263067|680000
9.165651591263067|681000
9.165651591263067|682000
9.165651591263067|683000
9.165651591263067|684000
9.165651591263067|685000
9.165651591263067|686000
9.165651591263067|687000
9.165651591263067|688000
9.165651591263067|689000
9.165651591263067|690000
9.165651591263067|691000
9.165651591263067|692000
9.165651591263067|693000
9.165651591263067|694000
9.165651591263067|695000
9.165651591263067|696000
9.165651591263067|697000
9.165651591263067|698000
9.165651591263067|699000
9.165651591263067|700000
9.165651591263067|701000
9.165651591263067|702000
9.165651591263067|703000
9.165651591263067|704000
9.165651591263067|705000
9.165651591263067|706000
9.165651591263067|707000
9.165651591263067|708000
9.165651591263067|709000
9.165651591263067|710000
9.165651591263067|711000
9.165651591263067|712000
9.165651591263067|713000
9.165651591263067|714000
9.165651591263067|715000
9.165651591263067|716000
9.165651591263067|717000
9.165651591263067|718000
9.165651591263067|719000
9.165651591263067|720000
9.165651591263067|721000
9.165651591263067|722000
9.165651591263067|723000
9.165651591263067|724000
9.165651591263067|725000
9.165651591263067|726000
9.165651591263067|727000
9.165651591263067|728000
9.165651591263067|729000
9.165651591263067|730000
9.165651591263067|731000
9.165651591263067|732000
9.165651591263067|733000
9.165651591263067|734000
9.165651591263067|735000
9.165651591263067|736000
9.165651591263067|737000
9.165651591263067|738000
9.165651591263067|739000
9.165651591263067|740000
9.165651591263067|741000
9.165651591263067|742000
9.165651591263067|743000
9.165651591263067|744000
9.165651591263067|745000
9.165651591263067|746000
9.165651591263067|747000
9.165651591263067|748000
9.165651591263067|749000
9.165651591263067|750000
9.165651591263067|751000
9.165651591263067|752000
9.165651591263067|753000
9.165651591263067|754000
9.165651591263067|755000
9.165651591263067|756000
9.165651591263067|757000
9.165651591263067|758000
9.165651591263067|759000
9.165651591263067|760000
9.165651591263067|761000
9.165651591263067|762000
9.165651591263067|763000
9.165651591263067|764000
9.165651591263067|765000
9.165651591263067|766000
9.165651591263067|767000
9.165651591263067|768000
9.165651591263067|769000
9.165651591263067|770000
9.165651591263067|771000
9.165651591263067|772000
9.165651591263067|773000
9.165651591263067|774000
9.165651591263067|775000
9.165651591263067|776000
9.165651591263067|777000
9.165651591263067|778000
9.165651591263067|779000
9.165651591263067|780000
9.165651591263067|781000
9.165651591263067|782000
9.165651591263067|783000
9.165651591263067|784000
9.165651591263067|785000
9.165651591263067|786000
9.165651591263067|787000
9.165651591263067|788000
9.165651591263067|789000
9.165651591263067|790000
9.165651591263067|791000
9.165651591263067|792000
9.165651591263067|793000
9.165651591263067|794000
9.165651591263067|795000
9.165651591263067|796000
9.165651591263067|797000
9.165651591263067|798000
9.165651591263067|799000
9.165651591263067|800000
9.165651591263067|801000
9.165651591263067|802000
9.165651591263067|803000
9.165651591263067|804000
9.165651591263067|805000
9.165651591263067|806000
9.165651591263067|807000
9.165651591263067|808000
9.165651591263067|809000
9.165651591263067|810000
9.165651591263067|811000
9.165651591263067|812000
9.165651591263067|813000
9.165651591263067|814000
9.165651591263067|815000
9.165651591263067|816000
9.165651591263067|817000
9.165651591263067|818000
9.165651591263067|819000
9.165651591263067|820000
9.165651591263067|821000
9.165651591263067|822000
9.165651591263067|823000
9.165651591263067|824000
9.165651591263067|825000
9.165651591263067|826000
9.165651591263067|827000
9.165651591263067|828000
9.165651591263067|829000
9.165651591263067|830000
9.165651591263067|831000
9.165651591263067|832000
9.165651591263067|833000
9.165651591263067|834000
9.165651591263067|835000
9.165651591263067|836000
9.165651591263067|837000
9.165651591263067|838000
9.165651591263067|839000
9.165651591263067|840000
9.165651591263067|841000
9.165651591263067|842000
9.165651591263067|843000
9.165651591263067|844000
9.165651591263067|845000
9.165651591263067|846000
9.165651591263067|847000
9.165651591263067|848000
9.165651591263067|849000
9.165651591263067|850000
9.165651591263067|851000
9.165651591263067|852000
9.165651591263067|853000
9.165651591263067|854000
9.165651591263067|855000
9.165651591263067|856000
9.165651591263067|857000
9.165651591263067|858000
9.165651591263067|859000
9.165651591263067|860000
9.165651591263067|861000
9.165651591263067|862000
9.165651591263067|863000
9.165651591263067|864000
9.165651591263067|865000
9.165651591263067|866000
9.165651591263067|867000
9.165651591263067|868000
9.165651591263067|869000
9.165651591263067|870000
9.165651591263067|871000
9.165651591263067|872000
9.165651591263067|873000
9.165651591263067|874000
9.165651591263067|875000
9.165651591263067|876000
9.165651591263067|877000
9.165651591263067|878000
9.165651591263067|879000
9.165651591263067|880000
9.165651591263067|881000
9.165651591263067|882000
9.165651591263067|883000
9.165651591263067|884000
9.165651591263067|885000
9.165651591263067|886000
9.165651591263067|887000
9.165651591263067|888000
9.165651591263067|889000
9.165651591263067|890000
9.165651591263067|891000
9.165651591263067|892000
9.165651591263067|893000
9.165651591263067|894000
9.165651591263067|895000
9.165651591263067|896000
9.165651591263067|897000
9.165651591263067|898000
9.165651591263067|899000
9.165651591263067|900000
9.165651591263067|901000
9.165651591263067|902000
9.165651591263067|903000
9.165651591263067|904000
9.165651591263067|905000
9.165651591263067|906000
9.165651591263067|907000
9.165651591263067|908000
9.165651591263067|909000
9.165651591263067|910000
9.165651591263067|911000
9.165651591263067|912000
9.165651591263067|913000
9.165651591263067|914000
9.165651591263067|915000
9.165651591263067|916000
9.165651591263067|917000
9.165651591263067|918000
9.165651591263067|919000
9.165651591263067|920000
9.165651591263067|921000
9.165651591263067|922000
9.165651591263067|923000
9.165651591263067|924000
9.165651591263067|925000
9.165651591263067|926000
9.165651591263067|927000
9.165651591263067|928000
9.165651591263067|929000
9.165651591263067|930000
9.165651591263067|931000
9.165651591263067|932000
9.165651591263067|933000
9.165651591263067|934000
9.165651591263067|935000
9.165651591263067|936000
9.165651591263067|937000
9.165651591263067|938000
9.165651591263067|939000
9.165651591263067|940000
9.165651591263067|941000
9.165651591263067|942000
9.165651591263067|943000
9.165651591263067|944000
9.165651591263067|945000
9.165651591263067|946000
9.165651591263067|947000
9.165651591263067|948000
9.165651591263067|949000
9.165651591263067|950000
9.165651591263067|951000
9.165651591263067|952000
9.165651591263067|953000
9.165651591263067|954000
9.165651591263067|955000
9.165651591263067|956000
9.165651591263067|957000
9.165651591263067|958000
9.165651591263067|959000
9.165651591263067|960000
9.165651591263067|961000
9.165651591263067|962000
9.165651591263067|963000
9.165651591263067|964000
9.165651591263067|965000
9.165651591263067|966000
9.165651591263067|967000
9.165651591263067|968000
9.165651591263067|969000
9.165651591263067|970000
9.165651591263067|971000
9.165651591263067|972000
9.165651591263067|973000
9.165651591263067|974000
9.165651591263067|975000
9.165651591263067|976000
9.165651591263067|977000
9.165651591263067|978000
9.165651591263067|979000
9.165651591263067|980000
9.165651591263067|981000
9.165651591263067|982000
9.165651591263067|983000
9.165651591263067|984000
9.165651591263067|985000
9.165651591263067|986000
9.165651591263067|987000
9.165651591263067|988000
9.165651591263067|989000
9.165651591263067|990000
9.165651591263067|991000
9.165651591263067|992000
9.165651591263067|993000
9.165651591263067|994000
9.165651591263067|995000
9.165651591263067|996000
9.165651591263067|997000
9.165651591263067|998000
9.165651591263067|999000
9.165651591263067|1000000
