13.254837179399242|1010
11.91197734799801|2010
10.805295474064403|3010
10.471990376256398|4010
10.206473472645005|5010
10.025180066125776|6010
9.821389726774969|7010
9.571432684185911|8010
9.56992863165304|9010
9.516606524369855|10010
9.306811611322045|11010
9.284213784570266|12010
9.284213784570266|13010
9.27402278147403|14010
9.27402278147403|15010
9.27402278147403|16010
9.27402278147403|17010
9.27402278147403|18010
9.27402278147403|19010
9.27402278147403|20010
9.27402278147403|21010
9.202868815062413|22010
9.06678783436112|23010
9.06678783436112|24010
9.06678783436112|25010
9.06678783436112|26010
9.06678783436112|27010
9.06678783436112|28010
9.06678783436112|29010
9.06678783436112|30010
9.06678783436112|31010
9.06678783436112|32010
9.06678783436112|33010
9.06678783436112|34010
9.06678783436112|35010
9.06678783436112|36010
9.06678783436112|37010
9.06678783436112|38010
9.06678783436112|39010
9.06678783436112|40010
9.06678783436112|41010
9.06678783436112|42010
9.06678783436112|43010
9.06678783436112|44010
9.06678783436112|45010
9.06678783436112|46010
9.06678783436112|47010
9.06678783436112|48010
9.06678783436112|49010
9.06678783436112|50010
9.06678783436112|51010
9.06678783436112|52010
9.06678783436112|53010
9.06678783436112|54010
9.06678783436112|55010
9.06678783436112|56010
9.06678783436112|57010
9.06678783436112|58010
9.06678783436112|59010
9.06678783436112|60010
9.06678783436112|61010
9.06678783436112|62010
9.06678783436112|63010
9.06678783436112|64010
9.06678783436112|65010
9.06678783436112|66010
9.06678783436112|67010
9.06678783436112|68010
9.06678783436112|69010
9.06678783436112|70010
9.06678783436112|71010
9.06678783436112|72010
9.06678783436112|73010
9.06678783436112|74010
9.06678783436112|75010
9.06678783436112|76010
9.06678783436112|77010
9.06678783436112|78010
9.06678783436112|79010
9.06678783436112|80010
9.06678783436112|81010
9.06678783436112|82010
9.06678783436112|83010
9.06678783436112|84010
9.06678783436112|85010
9.06678783436112|86010
9.06678783436112|87010
9.06678783436112|88010
9.06678783436112|89010
9.06678783436112|90010
9.06678783436112|91010
9.06678783436112|92010
9.06678783436112|93010
9.06678783436112|94010
9.06678783436112|95010
9.06678783436112|96010
9.06678783436112|97010
9.06678783436112|98010
9.06678783436112|99010
9.06678783436112|100010
9.06678783436112|101010
9.06678783436112|102010
9.06678783436112|103010
9.06678783436112|104010
9.06678783436112|105010
9.06678783436112|106010
9.06678783436112|107010
9.06678783436112|108010
9.06678783436112|109010
9.06678783436112|110010
9.06678783436112|111010
9.06678783436112|112010
9.06678783436112|113010
9.06678783436112|114010
9.06678783436112|115010
9.06678783436112|116010
9.06678783436112|117010
9.06678783436112|118010
9.06678783436112|119010
9.06678783436112|120010
9.06678783436112|121010
9.06678783436112|122010
9.06678783436112|123010
9.06678783436112|124010
9.06678783436112|125010
9.06678783436112|126010
9.06678783436112|127010
9.06678783436112|128010
9.06678783436112|129010
9.06678783436112|130010
9.06678783436112|131010
9.06678783436112|132010
9.06678783436112|133010
9.06678783436112|134010
9.06678783436112|135010
9.06678783436112|136010
9.06678783436112|137010
9.06678783436112|138010
9.06678783436112|139010
9.06678783436112|140010
9.06678783436112|141010
9.06678783436112|142010
9.06678783436112|143010
9.06678783436112|144010
9.06678783436112|145010
9.06678783436112|146010
9.06678783436112|147010
9.06678783436112|148010
9.06678783436112|149010
9.06678783436112|150010
9.06678783436112|151010
9.06678783436112|152010
9.06678783436112|153010
9.06678783436112|154010
9.06678783436112|155010
9.06678783436112|156010
9.06678783436112|157010
9.06678783436112|158010
9.06678783436112|159010
9.06678783436112|160010
9.06678783436112|161010
9.06678783436112|162010
9.06678783436112|163010
9.06678783436112|164010
9.06678783436112|165010
9.06678783436112|166010
9.06678783436112|167010
9.06678783436112|168010
9.06678783436112|169010
9.06678783436112|170010
9.06678783436112|171010
9.06678783436112|172010
9.06678783436112|173010
9.06678783436112|174010
9.06678783436112|175010
9.06678783436112|176010
9.06678783436112|177010
9.06678783436112|178010
9.06678783436112|179010
9.06678783436112|180010
9.06678783436112|181010
9.06678783436112|182010
9.06678783436112|183010
9.06678783436112|184010
9.06678783436112|185010
9.06678783436112|186010
9.06678783436112|187010
9.06678783436112|188010
9.06678783436112|189010
9.06678783436112|190010
9.06678783436112|191010
9.06678783436112|192010
9.06678783436112|193010
9.06678783436112|194010
9.06678783436112|195010
9.06678783436112|196010
9.06678783436112|197010
9.06678783436112|198010
9.06678783436112|199010
9.06678783436112|200010
9.06678783436112|201010
9.06678783436112|202010
9.06678783436112|203010
9.06678783436112|204010
9.06678783436112|205010
9.06678783436112|206010
9.06678783436112|207010
9.06678783436112|208010
9.06678783436112|209010
9.06678783436112|210010
9.06678783436112|211010
9.06678783436112|212010
9.06678783436112|213010
9.06678783436112|214010
9.06678783436112|215010
9.06678783436112|216010
9.06678783436112|217010
9.06678783436112|218010
9.06678783436112|219010
9.06678783436112|220010
9.06678783436112|221010
9.06678783436112|222010
9.06678783436112|223010
9.06678783436112|224010
9.06678783436112|225010
9.06678783436112|226010
9.06678783436112|227010
9.06678783436112|228010
9.06678783436112|229010
9.06678783436112|230010
9.06678783436112|231010
9.06678783436112|232010
9.06678783436112|233010
9.06678783436112|234010
9.06678783436112|235010
9.06678783436112|236010
9.06678783436112|237010
9.06678783436112|238010
9.06678783436112|239010
9.06678783436112|240010
9.06678783436112|241010
9.06678783436112|242010
9.06678783436112|243010
9.06678783436112|244010
9.06678783436112|245010
9.06678783436112|246010
9.06678783436112|247010
9.06678783436112|248010
9.06678783436112|249010
9.06678783436112|250010
9.06678783436112|251010
9.06678783436112|252010
9.06678783436112|253010
9.06678783436112|254010
9.06678783436112|255010
9.06678783436112|256010
9.06678783436112|257010
9.06678783436112|258010
9.06678783436112|259010
9.06678783436112|260010
9.06678783436112|261010
9.06678783436112|262010
9.06678783436112|263010
9.06678783436112|264010
9.06678783436112|265010
9.06678783436112|266010
9.06678783436112|267010
9.06678783436112|268010
9.06678783436112|269010
9.06678783436112|270010
9.06678783436112|271010
9.06678783436112|272010
9.06678783436112|273010
9.06678783436112|274010
9.06678783436112|275010
9.06678783436112|276010
9.06678783436112|277010
9.06678783436112|278010
9.06678783436112|279010
9.06678783436112|280010
9.06678783436112|281010
9.06678783436112|282010
9.06678783436112|283010
9.06678783436112|284010
9.06678783436112|285010
9.06678783436112|286010
9.06678783436112|287010
9.06678783436112|288010
9.06678783436112|289010
9.06678783436112|290010
9.06678783436112|291010
9.06678783436112|292010
9.06678783436112|293010
9.06678783436112|294010
9.06678783436112|295010
9.06678783436112|296010
9.06678783436112|297010
9.06678783436112|298010
9.06678783436112|299010
9.06678783436112|300010
9.06678783436112|301010
9.06678783436112|302010
9.06678783436112|303010
9.06678783436112|304010
9.06678783436112|305010
9.06678783436112|306010
9.06678783436112|307010
9.06678783436112|308010
9.06678783436112|309010
9.06678783436112|310010
9.06678783436112|311010
9.06678783436112|312010
9.06678783436112|313010
9.06678783436112|314010
9.06678783436112|315010
9.06678783436112|316010
9.06678783436112|317010
9.06678783436112|318010
9.06678783436112|319010
9.06678783436112|320010
9.06678783436112|321010
9.06678783436112|322010
9.06678783436112|323010
9.06678783436112|324010
9.06678783436112|325010
9.06678783436112|326010
9.06678783436112|327010
9.06678783436112|328010
9.06678783436112|329010
9.06678783436112|330010
9.06678783436112|331010
9.06678783436112|332010
9.06678783436112|333010
9.06678783436112|334010
9.06678783436112|335010
9.06678783436112|336010
9.06678783436112|337010
9.06678783436112|338010
9.06678783436112|339010
9.06678783436112|340010
9.06678783436112|341010
9.06678783436112|342010
9.06678783436112|343010
9.06678783436112|344010
9.06678783436112|345010
9.06678783436112|346010
9.06678783436112|347010
9.06678783436112|348010
9.06678783436112|349010
9.06678783436112|350010
9.06678783436112|351010
9.06678783436112|352010
9.06678783436112|353010
9.06678783436112|354010
9.06678783436112|355010
9.06678783436112|356010
9.06678783436112|357010
9.06678783436112|358010
9.06678783436112|359010
9.06678783436112|360010
9.06678783436112|361010
9.06678783436112|362010
9.06678783436112|363010
9.06678783436112|364010
9.06678783436112|365010
9.06678783436112|366010
9.06678783436112|367010
9.06678783436112|368010
9.06678783436112|369010
9.06678783436112|370010
9.06678783436112|371010
9.06678783436112|372010
9.06678783436112|373010
9.06678783436112|374010
9.06678783436112|375010
9.06678783436112|376010
9.06678783436112|377010
9.06678783436112|378010
9.06678783436112|379010
9.06678783436112|380010
9.06678783436112|381010
9.06678783436112|382010
9.06678783436112|383010
9.06678783436112|384010
9.06678783436112|385010
9.06678783436112|386010
9.06678783436112|387010
9.06678783436112|388010
9.06678783436112|389010
9.06678783436112|390010
9.06678783436112|391010
9.06678783436112|392010
9.06678783436112|393010
9.06678783436112|394010
9.06678783436112|395010
9.06678783436112|396010
9.06678783436112|397010
9.06678783436112|398010
9.06678783436112|399010
9.06678783436112|400010
9.06678783436112|401010
9.06678783436112|402010
9.06678783436112|403010
9.06678783436112|404010
9.06678783436112|405010
9.06678783436112|406010
9.06678783436112|407010
9.06678783436112|408010
9.06678783436112|409010
9.06678783436112|410010
9.06678783436112|411010
9.06678783436112|412010
9.06678783436112|413010
9.06678783436112|414010
9.06678783436112|415010
9.06678783436112|416010
9.06678783436112|417010
9.06678783436112|418010
9.06678783436112|419010
9.06678783436112|420010
9.06678783436112|421010
9.06678783436112|422010
9.06678783436112|423010
9.06678783436112|424010
9.06678783436112|425010
9.06678783436112|426010
9.06678783436112|427010
9.06678783436112|428010
9.06678783436112|429010
9.06678783436112|430010
9.06678783436112|431010
9.06678783436112|432010
9.06678783436112|433010
9.06678783436112|434010
9.06678783436112|435010
9.06678783436112|436010
9.06678783436112|437010
9.06678783436112|438010
9.06678783436112|439010
9.06678783436112|440010
9.06678783436112|441010
9.06678783436112|442010
9.06678783436112|443010
9.06678783436112|444010
9.06678783436112|445010
9.06678783436112|446010
9.06678783436112|447010
9.06678783436112|448010
9.06678783436112|449010
9.06678783436112|450010
9.06678783436112|451010
9.06678783436112|452010
9.06678783436112|453010
9.06678783436112|454010
9.06678783436112|455010
9.06678783436112|456010
9.06678783436112|457010
9.06678783436112|458010
9.06678783436112|459010
9.06678783436112|460010
9.06678783436112|461010
9.06678783436112|462010
9.06678783436112|463010
9.06678783436112|464010
9.06678783436112|465010
9.06678783436112|466010
9.06678783436112|467010
9.06678783436112|468010
9.06678783436112|469010
9.06678783436112|470010
9.06678783436112|471010
9.06678783436112|472010
9.06678783436112|473010
9.06678783436112|474010
9.06678783436112|475010
9.06678783436112|476010
9.06678783436112|477010
9.06678783436112|478010
9.06678783436112|479010
9.06678783436112|480010
9.06678783436112|481010
9.06678783436112|482010
9.06678783436112|483010
9.06678783436112|484010
9.06678783436112|485010
9.06678783436112|486010
9.06678783436112|487010
9.06678783436112|488010
9.06678783436112|489010
9.06678783436112|490010
9.06678783436112|491010
9.06678783436112|492010
9.06678783436112|493010
9.06678783436112|494010
9.06678783436112|495010
9.06678783436112|496010
9.06678783436112|497010
9.06678783436112|498010
9.06678783436112|499010
9.06678783436112|500010
9.06678783436112|501010
9.06678783436112|502010
9.06678783436112|503010
9.06678783436112|504010
9.06678783436112|505010
9.06678783436112|506010
9.06678783436112|507010
9.06678783436112|508010
9.06678783436112|509010
9.06678783436112|510010
9.06678783436112|511010
9.06678783436112|512010
9.06678783436112|513010
9.06678783436112|514010
9.06678783436112|515010
9.06678783436112|516010
9.06678783436112|517010
9.06678783436112|518010
9.06678783436112|519010
9.06678783436112|520010
9.06678783436112|521010
9.06678783436112|522010
9.06678783436112|523010
9.06678783436112|524010
9.06678783436112|525010
9.06678783436112|526010
9.06678783436112|527010
9.06678783436112|528010
9.06678783436112|529010
9.06678783436112|530010
9.06678783436112|531010
9.06678783436112|532010
9.06678783436112|533010
9.06678783436112|534010
9.06678783436112|535010
9.06678783436112|536010
9.06678783436112|537010
9.06678783436112|538010
9.06678783436112|539010
9.06678783436112|540010
9.06678783436112|541010
9.06678783436112|542010
9.06678783436112|543010
9.06678783436112|544010
9.06678783436112|545010
9.06678783436112|546010
9.06678783436112|547010
9.06678783436112|548010
9.06678783436112|549010
9.06678783436112|550010
9.06678783436112|551010
9.06678783436112|552010
9.06678783436112|553010
9.06678783436112|554010
9.06678783436112|555010
9.06678783436112|556010
9.06678783436112|557010
9.06678783436112|558010
9.06678783436112|559010
9.06678783436112|560010
9.06678783436112|561010
9.06678783436112|562010
9.06678783436112|563010
9.06678783436112|564010
9.06678783436112|565010
9.06678783436112|566010
9.06678783436112|567010
9.06678783436112|568010
9.06678783436112|569010
9.06678783436112|570010
9.06678783436112|571010
9.06678783436112|572010
9.06678783436112|573010
9.06678783436112|574010
9.06678783436112|575010
9.06678783436112|576010
9.06678783436112|577010
9.06678783436112|578010
9.06678783436112|579010
9.06678783436112|580010
9.06678783436112|581010
9.06678783436112|582010
9.06678783436112|583010
9.06678783436112|584010
9.06678783436112|585010
9.06678783436112|586010
9.06678783436112|587010
9.06678783436112|588010
9.06678783436112|589010
9.06678783436112|590010
9.06678783436112|591010
9.06678783436112|592010
9.06678783436112|593010
9.06678783436112|594010
9.06678783436112|595010
9.06678783436112|596010
9.06678783436112|597010
9.06678783436112|598010
9.06678783436112|599010
9.06678783436112|600010
9.06678783436112|601010
9.06678783436112|602010
9.06678783436112|603010
9.06678783436112|604010
9.06678783436112|605010
9.06678783436112|606010
9.06678783436112|607010
9.06678783436112|608010
9.06678783436112|609010
9.06678783436112|610010
9.06678783436112|611010
9.06678783436112|612010
9.06678783436112|613010
9.06678783436112|614010
9.06678783436112|615010
9.06678783436112|616010
9.06678783436112|617010
9.06678783436112|618010
9.06678783436112|619010
9.06678783436112|620010
9.06678783436112|621010
9.06678783436112|622010
9.06678783436112|623010
9.06678783436112|624010
9.06678783436112|625010
9.06678783436112|626010
9.06678783436112|627010
9.06678783436112|628010
9.06678783436112|629010
9.06678783436112|630010
9.06678783436112|631010
9.06678783436112|632010
9.06678783436112|633010
9.06678783436112|634010
9.06678783436112|635010
9.06678783436112|636010
9.06678783436112|637010
9.06678783436112|638010
9.06678783436112|639010
9.06678783436112|640010
9.06678783436112|641010
9.06678783436112|642010
9.06678783436112|643010
9.06678783436112|644010
9.06678783436112|645010
9.06678783436112|646010
9.06678783436112|647010
9.06678783436112|648010
9.06678783436112|649010
9.06678783436112|650010
9.06678783436112|651010
9.06678783436112|652010
9.06678783436112|653010
9.06678783436112|654010
9.06678783436112|655010
9.06678783436112|656010
9.06678783436112|657010
9.06678783436112|658010
9.06678783436112|659010
9.06678783436112|660010
9.06678783436112|661010
9.06678783436112|662010
9.06678783436112|663010
9.06678783436112|664010
9.06678783436112|665010
9.06678783436112|666010
9.06678783436112|667010
9.06678783436112|668010
9.06678783436112|669010
9.06678783436112|670010
9.06678783436112|671010
9.06678783436112|672010
9.06678783436112|673010
9.06678783436112|674010
9.06678783436112|675010
9.06678783436112|676010
9.06678783436112|677010
9.06678783436112|678010
9.06678783436112|679010
9.06678783436112|680010
9.06678783436112|681010
9.06678783436112|682010
9.06678783436112|683010
9.06678783436112|684010
9.06678783436112|685010
9.06678783436112|686010
9.06678783436112|687010
9.06678783436112|688010
9.06678783436112|689010
9.06678783436112|690010
9.06678783436112|691010
9.06678783436112|692010
9.06678783436112|693010
9.06678783436112|694010
9.06678783436112|695010
9.06678783436112|696010
9.06678783436112|697010
9.06678783436112|698010
9.06678783436112|699010
9.06678783436112|700010
9.06678783436112|701010
9.06678783436112|702010
9.06678783436112|703010
9.06678783436112|704010
9.06678783436112|705010
9.06678783436112|706010
9.06678783436112|707010
9.06678783436112|708010
9.06678783436112|709010
9.06678783436112|710010
9.06678783436112|711010
9.06678783436112|712010
9.06678783436112|713010
9.06678783436112|714010
9.06678783436112|715010
9.06678783436112|716010
9.06678783436112|717010
9.06678783436112|718010
9.06678783436112|719010
9.06678783436112|720010
9.06678783436112|721010
9.06678783436112|722010
9.06678783436112|723010
9.06678783436112|724010
9.06678783436112|725010
9.06678783436112|726010
9.06678783436112|727010
9.06678783436112|728010
9.06678783436112|729010
9.06678783436112|730010
9.06678783436112|731010
9.06678783436112|732010
9.06678783436112|733010
9.06678783436112|734010
9.06678783436112|735010
9.06678783436112|736010
9.06678783436112|737010
9.06678783436112|738010
9.06678783436112|739010
9.06678783436112|740010
9.06678783436112|741010
9.06678783436112|742010
9.06678783436112|743010
9.06678783436112|744010
9.06678783436112|745010
9.06678783436112|746010
9.06678783436112|747010
9.06678783436112|748010
9.06678783436112|749010
9.06678783436112|750010
9.06678783436112|751010
9.06678783436112|752010
9.06678783436112|753010
9.06678783436112|754010
9.06678783436112|755010
9.06678783436112|756010
9.06678783436112|757010
9.06678783436112|758010
9.06678783436112|759010
9.06678783436112|760010
9.06678783436112|761010
9.06678783436112|762010
9.06678783436112|763010
9.06678783436112|764010
9.06678783436112|765010
9.06678783436112|766010
9.06678783436112|767010
9.06678783436112|768010
9.06678783436112|769010
9.06678783436112|770010
9.06678783436112|771010
9.06678783436112|772010
9.06678783436112|773010
9.06678783436112|774010
9.06678783436112|775010
9.06678783436112|776010
9.06678783436112|777010
9.06678783436112|778010
9.06678783436112|779010
9.06678783436112|780010
9.06678783436112|781010
9.06678783436112|782010
9.06678783436112|783010
9.06678783436112|784010
9.06678783436112|785010
9.06678783436112|786010
9.06678783436112|787010
9.06678783436112|788010
9.06678783436112|789010
9.06678783436112|790010
9.06678783436112|791010
9.06678783436112|792010
9.06678783436112|793010
9.06678783436112|794010
9.06678783436112|795010
9.06678783436112|796010
9.06678783436112|797010
9.06678783436112|798010
9.06678783436112|799010
9.06678783436112|800010
9.06678783436112|801010
9.06678783436112|802010
9.06678783436112|803010
9.06678783436112|804010
9.06678783436112|805010
9.06678783436112|806010
9.06678783436112|807010
9.06678783436112|808010
9.06678783436112|809010
9.06678783436112|810010
9.06678783436112|811010
9.06678783436112|812010
9.06678783436112|813010
9.06678783436112|814010
9.06678783436112|815010
9.06678783436112|816010
9.06678783436112|817010
9.06678783436112|818010
9.06678783436112|819010
9.06678783436112|820010
9.06678783436112|821010
9.06678783436112|822010
9.06678783436112|823010
9.06678783436112|824010
9.06678783436112|825010
9.06678783436112|826010
9.06678783436112|827010
9.06678783436112|828010
9.06678783436112|829010
9.06678783436112|830010
9.06678783436112|831010
9.06678783436112|832010
9.06678783436112|833010
9.06678783436112|834010
9.06678783436112|835010
9.06678783436112|836010
9.06678783436112|837010
9.06678783436112|838010
9.06678783436112|839010
9.06678783436112|840010
9.06678783436112|841010
9.06678783436112|842010
9.06678783436112|843010
9.06678783436112|844010
9.06678783436112|845010
9.06678783436112|846010
9.06678783436112|847010
9.06678783436112|848010
9.06678783436112|849010
9.06678783436112|850010
9.06678783436112|851010
9.06678783436112|852010
9.06678783436112|853010
9.06678783436112|854010
9.06678783436112|855010
9.06678783436112|856010
9.06678783436112|857010
9.06678783436112|858010
9.06678783436112|859010
9.06678783436112|860010
9.06678783436112|861010
9.06678783436112|862010
9.06678783436112|863010
9.06678783436112|864010
9.06678783436112|865010
9.06678783436112|866010
9.06678783436112|867010
9.06678783436112|868010
9.06678783436112|869010
9.06678783436112|870010
9.06678783436112|871010
9.06678783436112|872010
9.06678783436112|873010
9.06678783436112|874010
9.06678783436112|875010
9.06678783436112|876010
9.06678783436112|877010
9.06678783436112|878010
9.06678783436112|879010
9.06678783436112|880010
9.06678783436112|881010
9.06678783436112|882010
9.06678783436112|883010
9.06678783436112|884010
9.06678783436112|885010
9.06678783436112|886010
9.06678783436112|887010
9.06678783436112|888010
9.06678783436112|889010
9.06678783436112|890010
9.06678783436112|891010
9.06678783436112|892010
9.06678783436112|893010
9.06678783436112|894010
9.06678783436112|895010
9.06678783436112|896010
9.06678783436112|897010
9.06678783436112|898010
9.06678783436112|899010
9.06678783436112|900010
9.06678783436112|901010
9.06678783436112|902010
9.06678783436112|903010
9.06678783436112|904010
9.06678783436112|905010
9.06678783436112|906010
9.06678783436112|907010
9.06678783436112|908010
9.06678783436112|909010
9.06678783436112|910010
9.06678783436112|911010
9.06678783436112|912010
9.06678783436112|913010
9.06678783436112|914010
9.06678783436112|915010
9.06678783436112|916010
9.06678783436112|917010
9.06678783436112|918010
9.06678783436112|919010
9.06678783436112|920010
9.06678783436112|921010
9.06678783436112|922010
9.06678783436112|923010
9.06678783436112|924010
9.06678783436112|925010
9.06678783436112|926010
9.06678783436112|927010
9.06678783436112|928010
9.06678783436112|929010
9.06678783436112|930010
9.06678783436112|931010
9.06678783436112|932010
9.06678783436112|933010
9.06678783436112|934010
9.06678783436112|935010
9.06678783436112|936010
9.06678783436112|937010
9.06678783436112|938010
9.06678783436112|939010
9.06678783436112|940010
9.06678783436112|941010
9.06678783436112|942010
9.06678783436112|943010
9.06678783436112|944010
9.06678783436112|945010
9.06678783436112|946010
9.06678783436112|947010
9.06678783436112|948010
9.06678783436112|949010
9.06678783436112|950010
9.06678783436112|951010
9.06678783436112|952010
9.06678783436112|953010
9.06678783436112|954010
9.06678783436112|955010
9.06678783436112|956010
9.06678783436112|957010
9.06678783436112|958010
9.06678783436112|959010
9.06678783436112|960010
9.06678783436112|961010
9.06678783436112|962010
9.06678783436112|963010
9.06678783436112|964010
9.06678783436112|965010
9.06678783436112|966010
9.06678783436112|967010
9.06678783436112|968010
9.06678783436112|969010
9.06678783436112|970010
9.06678783436112|971010
9.06678783436112|972010
9.06678783436112|973010
9.06678783436112|974010
9.06678783436112|975010
9.06678783436112|976010
9.06678783436112|977010
9.06678783436112|978010
9.06678783436112|979010
9.06678783436112|980010
9.06678783436112|981010
9.06678783436112|982010
9.06678783436112|983010
9.06678783436112|984010
9.06678783436112|985010
9.06678783436112|986010
9.06678783436112|987010
9.06678783436112|988010
9.06678783436112|989010
9.06678783436112|990010
9.06678783436112|991010
9.06678783436112|992010
9.06678783436112|993010
9.06678783436112|994010
9.06678783436112|995010
9.06678783436112|996010
9.06678783436112|997010
9.06678783436112|998010
9.06678783436112|999010
9.06678783436112|1000010
