19.075636902828823|1100
15.857519976308009|2100
14.454663584370458|3100
13.769599939907108|4100
12.984501116759336|5100
12.036494522103126|6100
11.459058514631739|7100
10.948975463168525|8100
10.665199562766457|9100
10.630939096126083|10100
10.4415480774638|11100
10.321207997363233|12100
10.18643164686821|13100
10.120499456682161|14100
10.012721882731586|15100
9.979499930573157|16100
9.972692264811135|17100
9.972692264811135|18100
9.965918439600735|19100
9.95985979135126|20100
9.95517106315909|21100
9.894806666781395|22100
9.893552157718531|23100
9.893536328721742|24100
9.884937241634882|25100
9.884937241634882|26100
9.884937241634882|27100
9.884937241634882|28100
9.884937241634882|29100
9.884937241634882|30100
9.884937241634882|31100
9.884937241634882|32100
9.884937241634882|33100
9.884937241634882|34100
9.863428847087585|35100
9.863428847087585|36100
9.863428847087585|37100
9.863428847087585|38100
9.863428847087585|39100
9.863428847087585|40100
9.863428847087585|41100
9.863428847087585|42100
9.863428847087585|43100
9.863428847087585|44100
9.863428847087585|45100
9.863428847087585|46100
9.863428847087585|47100
9.863428847087585|48100
9.863428847087585|49100
9.863428847087585|50100
9.863428847087585|51100
9.863428847087585|52100
9.863428847087585|53100
9.863428847087585|54100
9.863428847087585|55100
9.863428847087585|56100
9.863428847087585|57100
9.863428847087585|58100
9.863428847087585|59100
9.863428847087585|60100
9.863428847087585|61100
9.863428847087585|62100
9.863428847087585|63100
9.863428847087585|64100
9.863428847087585|65100
9.863428847087585|66100
9.863428847087585|67100
9.863428847087585|68100
9.863428847087585|69100
9.863428847087585|70100
9.863428847087585|71100
9.863428847087585|72100
9.863428847087585|73100
9.863428847087585|74100
9.863428847087585|75100
9.863428847087585|76100
9.863428847087585|77100
9.863428847087585|78100
9.863428847087585|79100
9.863428847087585|80100
9.863428847087585|81100
9.863428847087585|82100
9.863428847087585|83100
9.863428847087585|84100
9.863428847087585|85100
9.863428847087585|86100
9.863428847087585|87100
9.863428847087585|88100
9.863428847087585|89100
9.863428847087585|90100
9.863428847087585|91100
9.863428847087585|92100
9.863428847087585|93100
9.863428847087585|94100
9.863428847087585|95100
9.863428847087585|96100
9.863428847087585|97100
9.863428847087585|98100
9.863428847087585|99100
9.863428847087585|100100
9.863428847087585|101100
9.863428847087585|102100
9.863428847087585|103100
9.863428847087585|104100
9.863428847087585|105100
9.863428847087585|106100
9.863428847087585|107100
9.863428847087585|108100
9.863428847087585|109100
9.863428847087585|110100
9.863428847087585|111100
9.863428847087585|112100
9.863428847087585|113100
9.863428847087585|114100
9.863428847087585|115100
9.863428847087585|116100
9.863428847087585|117100
9.863428847087585|118100
9.863428847087585|119100
9.863428847087585|120100
9.863428847087585|121100
9.863428847087585|122100
9.863428847087585|123100
9.863428847087585|124100
9.863428847087585|125100
9.863428847087585|126100
9.863428847087585|127100
9.863428847087585|128100
9.863428847087585|129100
9.863428847087585|130100
9.863428847087585|131100
9.863428847087585|132100
9.863428847087585|133100
9.863428847087585|134100
9.863428847087585|135100
9.863428847087585|136100
9.863428847087585|137100
9.863428847087585|138100
9.863428847087585|139100
9.863428847087585|140100
9.863428847087585|141100
9.863428847087585|142100
9.863428847087585|143100
9.863428847087585|144100
9.863428847087585|145100
9.863428847087585|146100
9.863428847087585|147100
9.863428847087585|148100
9.863428847087585|149100
9.863428847087585|150100
9.863428847087585|151100
9.863428847087585|152100
9.863428847087585|153100
9.863428847087585|154100
9.863428847087585|155100
9.863428847087585|156100
9.863428847087585|157100
9.863428847087585|158100
9.863428847087585|159100
9.863428847087585|160100
9.863428847087585|161100
9.863428847087585|162100
9.863428847087585|163100
9.863428847087585|164100
9.863428847087585|165100
9.863428847087585|166100
9.863428847087585|167100
9.863428847087585|168100
9.863428847087585|169100
9.863428847087585|170100
9.863428847087585|171100
9.863428847087585|172100
9.863428847087585|173100
9.863428847087585|174100
9.863428847087585|175100
9.863428847087585|176100
9.863428847087585|177100
9.863428847087585|178100
9.863428847087585|179100
9.863428847087585|180100
9.863428847087585|181100
9.863428847087585|182100
9.863428847087585|183100
9.863428847087585|184100
9.863428847087585|185100
9.863428847087585|186100
9.863428847087585|187100
9.863428847087585|188100
9.863428847087585|189100
9.863428847087585|190100
9.863428847087585|191100
9.863428847087585|192100
9.863428847087585|193100
9.863428847087585|194100
9.863428847087585|195100
9.863428847087585|196100
9.863428847087585|197100
9.863428847087585|198100
9.863428847087585|199100
9.863428847087585|200100
9.863428847087585|201100
9.863428847087585|202100
9.863428847087585|203100
9.863428847087585|204100
9.863428847087585|205100
9.863428847087585|206100
9.863428847087585|207100
9.863428847087585|208100
9.863428847087585|209100
9.863428847087585|210100
9.863428847087585|211100
9.863428847087585|212100
9.863428847087585|213100
9.863428847087585|214100
9.863428847087585|215100
9.863428847087585|216100
9.863428847087585|217100
9.863428847087585|218100
9.863428847087585|219100
9.863428847087585|220100
9.863428847087585|221100
9.863428847087585|222100
9.863428847087585|223100
9.863428847087585|224100
9.863428847087585|225100
9.863428847087585|226100
9.863428847087585|227100
9.863428847087585|228100
9.863428847087585|229100
9.863428847087585|230100
9.863428847087585|231100
9.863428847087585|232100
9.863428847087585|233100
9.863428847087585|234100
9.863428847087585|235100
9.863428847087585|236100
9.863428847087585|237100
9.863428847087585|238100
9.863428847087585|239100
9.863428847087585|240100
9.863428847087585|241100
9.863428847087585|242100
9.863428847087585|243100
9.863428847087585|244100
9.863428847087585|245100
9.863428847087585|246100
9.863428847087585|247100
9.863428847087585|248100
9.863428847087585|249100
9.863428847087585|250100
9.863428847087585|251100
9.863428847087585|252100
9.863428847087585|253100
9.863428847087585|254100
9.863428847087585|255100
9.863428847087585|256100
9.863428847087585|257100
9.863428847087585|258100
9.863428847087585|259100
9.863428847087585|260100
9.863428847087585|261100
9.863428847087585|262100
9.863428847087585|263100
9.863428847087585|264100
9.863428847087585|265100
9.863428847087585|266100
9.863428847087585|267100
9.863428847087585|268100
9.863428847087585|269100
9.863428847087585|270100
9.863428847087585|271100
9.863428847087585|272100
9.863428847087585|273100
9.863428847087585|274100
9.863428847087585|275100
9.863428847087585|276100
9.863428847087585|277100
9.863428847087585|278100
9.863428847087585|279100
9.863428847087585|280100
9.863428847087585|281100
9.863428847087585|282100
9.863428847087585|283100
9.863428847087585|284100
9.863428847087585|285100
9.863428847087585|286100
9.863428847087585|287100
9.863428847087585|288100
9.863428847087585|289100
9.863428847087585|290100
9.863428847087585|291100
9.863428847087585|292100
9.863428847087585|293100
9.863428847087585|294100
9.863428847087585|295100
9.863428847087585|296100
9.863428847087585|297100
9.863428847087585|298100
9.863428847087585|299100
9.863428847087585|300100
9.863428847087585|301100
9.863428847087585|302100
9.863428847087585|303100
9.863428847087585|304100
9.863428847087585|305100
9.863428847087585|306100
9.863428847087585|307100
9.863428847087585|308100
9.863428847087585|309100
9.863428847087585|310100
9.863428847087585|311100
9.863428847087585|312100
9.863428847087585|313100
9.863428847087585|314100
9.863428847087585|315100
9.863428847087585|316100
9.863428847087585|317100
9.863428847087585|318100
9.863428847087585|319100
9.863428847087585|320100
9.863428847087585|321100
9.863428847087585|322100
9.863428847087585|323100
9.863428847087585|324100
9.863428847087585|325100
9.863428847087585|326100
9.863428847087585|327100
9.863428847087585|328100
9.863428847087585|329100
9.863428847087585|330100
9.863428847087585|331100
9.863428847087585|332100
9.863428847087585|333100
9.863428847087585|334100
9.863428847087585|335100
9.863428847087585|336100
9.863428847087585|337100
9.863428847087585|338100
9.863428847087585|339100
9.863428847087585|340100
9.863428847087585|341100
9.863428847087585|342100
9.863428847087585|343100
9.863428847087585|344100
9.863428847087585|345100
9.863428847087585|346100
9.863428847087585|347100
9.863428847087585|348100
9.863428847087585|349100
9.863428847087585|350100
9.863428847087585|351100
9.863428847087585|352100
9.863428847087585|353100
9.863428847087585|354100
9.863428847087585|355100
9.863428847087585|356100
9.863428847087585|357100
9.863428847087585|358100
9.863428847087585|359100
9.863428847087585|360100
9.863428847087585|361100
9.863428847087585|362100
9.863428847087585|363100
9.863428847087585|364100
9.863428847087585|365100
9.863428847087585|366100
9.863428847087585|367100
9.863428847087585|368100
9.863428847087585|369100
9.863428847087585|370100
9.863428847087585|371100
9.863428847087585|372100
9.863428847087585|373100
9.863428847087585|374100
9.863428847087585|375100
9.863428847087585|376100
9.863428847087585|377100
9.863428847087585|378100
9.863428847087585|379100
9.863428847087585|380100
9.863428847087585|381100
9.863428847087585|382100
9.863428847087585|383100
9.863428847087585|384100
9.863428847087585|385100
9.863428847087585|386100
9.863428847087585|387100
9.863428847087585|388100
9.863428847087585|389100
9.863428847087585|390100
9.863428847087585|391100
9.863428847087585|392100
9.863428847087585|393100
9.863428847087585|394100
9.863428847087585|395100
9.863428847087585|396100
9.863428847087585|397100
9.863428847087585|398100
9.863428847087585|399100
9.863428847087585|400100
9.863428847087585|401100
9.863428847087585|402100
9.863428847087585|403100
9.863428847087585|404100
9.863428847087585|405100
9.863428847087585|406100
9.863428847087585|407100
9.863428847087585|408100
9.863428847087585|409100
9.863428847087585|410100
9.863428847087585|411100
9.863428847087585|412100
9.863428847087585|413100
9.863428847087585|414100
9.863428847087585|415100
9.863428847087585|416100
9.863428847087585|417100
9.863428847087585|418100
9.863428847087585|419100
9.863428847087585|420100
9.863428847087585|421100
9.863428847087585|422100
9.863428847087585|423100
9.863428847087585|424100
9.863428847087585|425100
9.863428847087585|426100
9.863428847087585|427100
9.863428847087585|428100
9.863428847087585|429100
9.863428847087585|430100
9.863428847087585|431100
9.863428847087585|432100
9.863428847087585|433100
9.863428847087585|434100
9.863428847087585|435100
9.863428847087585|436100
9.863428847087585|437100
9.863428847087585|438100
9.863428847087585|439100
9.863428847087585|440100
9.863428847087585|441100
9.863428847087585|442100
9.863428847087585|443100
9.863428847087585|444100
9.863428847087585|445100
9.863428847087585|446100
9.863428847087585|447100
9.863428847087585|448100
9.863428847087585|449100
9.863428847087585|450100
9.863428847087585|451100
9.863428847087585|452100
9.863428847087585|453100
9.863428847087585|454100
9.863428847087585|455100
9.863428847087585|456100
9.863428847087585|457100
9.863428847087585|458100
9.863428847087585|459100
9.863428847087585|460100
9.863428847087585|461100
9.863428847087585|462100
9.863428847087585|463100
9.863428847087585|464100
9.863428847087585|465100
9.863428847087585|466100
9.863428847087585|467100
9.863428847087585|468100
9.863428847087585|469100
9.863428847087585|470100
9.863428847087585|471100
9.863428847087585|472100
9.863428847087585|473100
9.863428847087585|474100
9.863428847087585|475100
9.863428847087585|476100
9.863428847087585|477100
9.863428847087585|478100
9.863428847087585|479100
9.863428847087585|480100
9.863428847087585|481100
9.863428847087585|482100
9.863428847087585|483100
9.863428847087585|484100
9.863428847087585|485100
9.863428847087585|486100
9.863428847087585|487100
9.863428847087585|488100
9.863428847087585|489100
9.863428847087585|490100
9.863428847087585|491100
9.863428847087585|492100
9.863428847087585|493100
9.863428847087585|494100
9.863428847087585|495100
9.863428847087585|496100
9.863428847087585|497100
9.863428847087585|498100
9.863428847087585|499100
9.863428847087585|500100
9.863428847087585|501100
9.863428847087585|502100
9.863428847087585|503100
9.863428847087585|504100
9.863428847087585|505100
9.863428847087585|506100
9.863428847087585|507100
9.863428847087585|508100
9.863428847087585|509100
9.863428847087585|510100
9.863428847087585|511100
9.863428847087585|512100
9.863428847087585|513100
9.863428847087585|514100
9.863428847087585|515100
9.863428847087585|516100
9.863428847087585|517100
9.863428847087585|518100
9.863428847087585|519100
9.863428847087585|520100
9.863428847087585|521100
9.863428847087585|522100
9.863428847087585|523100
9.863428847087585|524100
9.863428847087585|525100
9.863428847087585|526100
9.863428847087585|527100
9.863428847087585|528100
9.863428847087585|529100
9.863428847087585|530100
9.863428847087585|531100
9.863428847087585|532100
9.863428847087585|533100
9.863428847087585|534100
9.863428847087585|535100
9.863428847087585|536100
9.863428847087585|537100
9.863428847087585|538100
9.863428847087585|539100
9.863428847087585|540100
9.863428847087585|541100
9.863428847087585|542100
9.863428847087585|543100
9.863428847087585|544100
9.863428847087585|545100
9.863428847087585|546100
9.863428847087585|547100
9.863428847087585|548100
9.863428847087585|549100
9.863428847087585|550100
9.863428847087585|551100
9.863428847087585|552100
9.863428847087585|553100
9.863428847087585|554100
9.863428847087585|555100
9.863428847087585|556100
9.863428847087585|557100
9.863428847087585|558100
9.863428847087585|559100
9.863428847087585|560100
9.863428847087585|561100
9.863428847087585|562100
9.863428847087585|563100
9.863428847087585|564100
9.863428847087585|565100
9.863428847087585|566100
9.863428847087585|567100
9.863428847087585|568100
9.863428847087585|569100
9.863428847087585|570100
9.863428847087585|571100
9.863428847087585|572100
9.863428847087585|573100
9.863428847087585|574100
9.863428847087585|575100
9.863428847087585|576100
9.863428847087585|577100
9.863428847087585|578100
9.863428847087585|579100
9.863428847087585|580100
9.863428847087585|581100
9.863428847087585|582100
9.863428847087585|583100
9.863428847087585|584100
9.863428847087585|585100
9.863428847087585|586100
9.863428847087585|587100
9.863428847087585|588100
9.863428847087585|589100
9.863428847087585|590100
9.863428847087585|591100
9.863428847087585|592100
9.863428847087585|593100
9.863428847087585|594100
9.863428847087585|595100
9.863428847087585|596100
9.863428847087585|597100
9.863428847087585|598100
9.863428847087585|599100
9.863428847087585|600100
9.863428847087585|601100
9.863428847087585|602100
9.863428847087585|603100
9.863428847087585|604100
9.863428847087585|605100
9.863428847087585|606100
9.863428847087585|607100
9.863428847087585|608100
9.863428847087585|609100
9.863428847087585|610100
9.863428847087585|611100
9.863428847087585|612100
9.863428847087585|613100
9.863428847087585|614100
9.863428847087585|615100
9.863428847087585|616100
9.863428847087585|617100
9.863428847087585|618100
9.863428847087585|619100
9.863428847087585|620100
9.863428847087585|621100
9.863428847087585|622100
9.863428847087585|623100
9.863428847087585|624100
9.863428847087585|625100
9.863428847087585|626100
9.863428847087585|627100
9.863428847087585|628100
9.863428847087585|629100
9.863428847087585|630100
9.863428847087585|631100
9.863428847087585|632100
9.863428847087585|633100
9.863428847087585|634100
9.863428847087585|635100
9.863428847087585|636100
9.863428847087585|637100
9.863428847087585|638100
9.863428847087585|639100
9.863428847087585|640100
9.863428847087585|641100
9.863428847087585|642100
9.863428847087585|643100
9.863428847087585|644100
9.863428847087585|645100
9.863428847087585|646100
9.863428847087585|647100
9.863428847087585|648100
9.863428847087585|649100
9.863428847087585|650100
9.863428847087585|651100
9.863428847087585|652100
9.863428847087585|653100
9.863428847087585|654100
9.863428847087585|655100
9.863428847087585|656100
9.863428847087585|657100
9.863428847087585|658100
9.863428847087585|659100
9.863428847087585|660100
9.863428847087585|661100
9.863428847087585|662100
9.863428847087585|663100
9.863428847087585|664100
9.863428847087585|665100
9.863428847087585|666100
9.863428847087585|667100
9.863428847087585|668100
9.863428847087585|669100
9.863428847087585|670100
9.863428847087585|671100
9.863428847087585|672100
9.863428847087585|673100
9.863428847087585|674100
9.863428847087585|675100
9.863428847087585|676100
9.863428847087585|677100
9.863428847087585|678100
9.863428847087585|679100
9.863428847087585|680100
9.863428847087585|681100
9.863428847087585|682100
9.863428847087585|683100
9.863428847087585|684100
9.863428847087585|685100
9.863428847087585|686100
9.863428847087585|687100
9.863428847087585|688100
9.863428847087585|689100
9.863428847087585|690100
9.863428847087585|691100
9.863428847087585|692100
9.863428847087585|693100
9.863428847087585|694100
9.863428847087585|695100
9.863428847087585|696100
9.863428847087585|697100
9.863428847087585|698100
9.863428847087585|699100
9.863428847087585|700100
9.863428847087585|701100
9.863428847087585|702100
9.863428847087585|703100
9.863428847087585|704100
9.863428847087585|705100
9.863428847087585|706100
9.863428847087585|707100
9.863428847087585|708100
9.863428847087585|709100
9.863428847087585|710100
9.863428847087585|711100
9.863428847087585|712100
9.863428847087585|713100
9.863428847087585|714100
9.863428847087585|715100
9.863428847087585|716100
9.863428847087585|717100
9.863428847087585|718100
9.863428847087585|719100
9.863428847087585|720100
9.863428847087585|721100
9.863428847087585|722100
9.863428847087585|723100
9.863428847087585|724100
9.863428847087585|725100
9.863428847087585|726100
9.863428847087585|727100
9.863428847087585|728100
9.863428847087585|729100
9.863428847087585|730100
9.863428847087585|731100
9.863428847087585|732100
9.863428847087585|733100
9.863428847087585|734100
9.863428847087585|735100
9.863428847087585|736100
9.863428847087585|737100
9.863428847087585|738100
9.863428847087585|739100
9.863428847087585|740100
9.863428847087585|741100
9.863428847087585|742100
9.863428847087585|743100
9.863428847087585|744100
9.863428847087585|745100
9.863428847087585|746100
9.863428847087585|747100
9.863428847087585|748100
9.863428847087585|749100
9.863428847087585|750100
9.863428847087585|751100
9.863428847087585|752100
9.863428847087585|753100
9.863428847087585|754100
9.863428847087585|755100
9.863428847087585|756100
9.863428847087585|757100
9.863428847087585|758100
9.863428847087585|759100
9.863428847087585|760100
9.863428847087585|761100
9.863428847087585|762100
9.863428847087585|763100
9.863428847087585|764100
9.863428847087585|765100
9.863428847087585|766100
9.863428847087585|767100
9.863428847087585|768100
9.863428847087585|769100
9.863428847087585|770100
9.863428847087585|771100
9.863428847087585|772100
9.863428847087585|773100
9.863428847087585|774100
9.863428847087585|775100
9.863428847087585|776100
9.863428847087585|777100
9.863428847087585|778100
9.863428847087585|779100
9.863428847087585|780100
9.863428847087585|781100
9.863428847087585|782100
9.863428847087585|783100
9.863428847087585|784100
9.863428847087585|785100
9.863428847087585|786100
9.863428847087585|787100
9.863428847087585|788100
9.863428847087585|789100
9.863428847087585|790100
9.863428847087585|791100
9.863428847087585|792100
9.863428847087585|793100
9.863428847087585|794100
9.863428847087585|795100
9.863428847087585|796100
9.863428847087585|797100
9.863428847087585|798100
9.863428847087585|799100
9.863428847087585|800100
9.863428847087585|801100
9.863428847087585|802100
9.863428847087585|803100
9.863428847087585|804100
9.863428847087585|805100
9.863428847087585|806100
9.863428847087585|807100
9.863428847087585|808100
9.863428847087585|809100
9.863428847087585|810100
9.863428847087585|811100
9.863428847087585|812100
9.863428847087585|813100
9.863428847087585|814100
9.863428847087585|815100
9.863428847087585|816100
9.863428847087585|817100
9.863428847087585|818100
9.863428847087585|819100
9.863428847087585|820100
9.863428847087585|821100
9.863428847087585|822100
9.863428847087585|823100
9.863428847087585|824100
9.863428847087585|825100
9.863428847087585|826100
9.863428847087585|827100
9.863428847087585|828100
9.863428847087585|829100
9.863428847087585|830100
9.863428847087585|831100
9.863428847087585|832100
9.863428847087585|833100
9.863428847087585|834100
9.863428847087585|835100
9.863428847087585|836100
9.863428847087585|837100
9.863428847087585|838100
9.863428847087585|839100
9.863428847087585|840100
9.863428847087585|841100
9.863428847087585|842100
9.863428847087585|843100
9.863428847087585|844100
9.863428847087585|845100
9.863428847087585|846100
9.863428847087585|847100
9.863428847087585|848100
9.863428847087585|849100
9.863428847087585|850100
9.863428847087585|851100
9.863428847087585|852100
9.863428847087585|853100
9.863428847087585|854100
9.863428847087585|855100
9.863428847087585|856100
9.863428847087585|857100
9.863428847087585|858100
9.863428847087585|859100
9.863428847087585|860100
9.863428847087585|861100
9.863428847087585|862100
9.863428847087585|863100
9.863428847087585|864100
9.863428847087585|865100
9.863428847087585|866100
9.863428847087585|867100
9.863428847087585|868100
9.863428847087585|869100
9.863428847087585|870100
9.863428847087585|871100
9.863428847087585|872100
9.863428847087585|873100
9.863428847087585|874100
9.863428847087585|875100
9.863428847087585|876100
9.863428847087585|877100
9.863428847087585|878100
9.863428847087585|879100
9.863428847087585|880100
9.863428847087585|881100
9.863428847087585|882100
9.863428847087585|883100
9.863428847087585|884100
9.863428847087585|885100
9.863428847087585|886100
9.863428847087585|887100
9.863428847087585|888100
9.863428847087585|889100
9.863428847087585|890100
9.863428847087585|891100
9.863428847087585|892100
9.863428847087585|893100
9.863428847087585|894100
9.863428847087585|895100
9.863428847087585|896100
9.863428847087585|897100
9.863428847087585|898100
9.863428847087585|899100
9.863428847087585|900100
9.863428847087585|901100
9.863428847087585|902100
9.863428847087585|903100
9.863428847087585|904100
9.863428847087585|905100
9.863428847087585|906100
9.863428847087585|907100
9.863428847087585|908100
9.863428847087585|909100
9.863428847087585|910100
9.863428847087585|911100
9.863428847087585|912100
9.863428847087585|913100
9.863428847087585|914100
9.863428847087585|915100
9.863428847087585|916100
9.863428847087585|917100
9.863428847087585|918100
9.863428847087585|919100
9.863428847087585|920100
9.863428847087585|921100
9.863428847087585|922100
9.863428847087585|923100
9.863428847087585|924100
9.863428847087585|925100
9.863428847087585|926100
9.863428847087585|927100
9.863428847087585|928100
9.863428847087585|929100
9.863428847087585|930100
9.863428847087585|931100
9.863428847087585|932100
9.863428847087585|933100
9.863428847087585|934100
9.863428847087585|935100
9.863428847087585|936100
9.863428847087585|937100
9.863428847087585|938100
9.863428847087585|939100
9.863428847087585|940100
9.863428847087585|941100
9.863428847087585|942100
9.863428847087585|943100
9.863428847087585|944100
9.863428847087585|945100
9.863428847087585|946100
9.863428847087585|947100
9.863428847087585|948100
9.863428847087585|949100
9.863428847087585|950100
9.863428847087585|951100
9.863428847087585|952100
9.863428847087585|953100
9.863428847087585|954100
9.863428847087585|955100
9.863428847087585|956100
9.863428847087585|957100
9.863428847087585|958100
9.863428847087585|959100
9.863428847087585|960100
9.863428847087585|961100
9.863428847087585|962100
9.863428847087585|963100
9.863428847087585|964100
9.863428847087585|965100
9.863428847087585|966100
9.863428847087585|967100
9.863428847087585|968100
9.863428847087585|969100
9.863428847087585|970100
9.863428847087585|971100
9.863428847087585|972100
9.863428847087585|973100
9.863428847087585|974100
9.863428847087585|975100
9.863428847087585|976100
9.863428847087585|977100
9.863428847087585|978100
9.863428847087585|979100
9.863428847087585|980100
9.863428847087585|981100
9.863428847087585|982100
9.863428847087585|983100
9.863428847087585|984100
9.863428847087585|985100
9.863428847087585|986100
9.863428847087585|987100
9.863428847087585|988100
9.863428847087585|989100
9.863428847087585|990100
9.863428847087585|991100
9.863428847087585|992100
9.863428847087585|993100
9.863428847087585|994100
9.863428847087585|995100
9.863428847087585|996100
9.863428847087585|997100
9.863428847087585|998100
9.863428847087585|999100
9.863428847087585|1000100
