14.39474447017605|1010
12.495024974051587|2010
11.197026357238236|3010
10.748143033971429|4010
10.135135377849862|5010
9.463495046957341|6010
9.29850712955662|7010
9.12161619449657|8010
8.999549025441143|9010
8.833455666949865|10010
8.725940512714594|11010
8.725940512714594|12010
8.725940512714594|13010
8.725940512714594|14010
8.725940512714594|15010
8.725940512714594|16010
8.725940512714594|17010
8.705742166041466|18010
8.705742166041466|19010
8.705742166041466|20010
8.705742166041466|21010
8.705742166041466|22010
8.705742166041466|23010
8.705742166041466|24010
8.705742166041466|25010
8.705742166041466|26010
8.705742166041466|27010
8.705742166041466|28010
8.705742166041466|29010
8.705742166041466|30010
8.705742166041466|31010
8.705742166041466|32010
8.705742166041466|33010
8.705742166041466|34010
8.705742166041466|35010
8.705742166041466|36010
8.705742166041466|37010
8.705742166041466|38010
8.705742166041466|39010
8.705742166041466|40010
8.705742166041466|41010
8.705742166041466|42010
8.705742166041466|43010
8.705742166041466|44010
8.705742166041466|45010
8.705742166041466|46010
8.705742166041466|47010
8.705742166041466|48010
8.705742166041466|49010
8.705742166041466|50010
8.705742166041466|51010
8.705742166041466|52010
8.705742166041466|53010
8.705742166041466|54010
8.705742166041466|55010
8.705742166041466|56010
8.705742166041466|57010
8.705742166041466|58010
8.705742166041466|59010
8.705742166041466|60010
8.705742166041466|61010
8.705742166041466|62010
8.705742166041466|63010
8.705742166041466|64010
8.705742166041466|65010
8.705742166041466|66010
8.705742166041466|67010
8.705742166041466|68010
8.705742166041466|69010
8.705742166041466|70010
8.705742166041466|71010
8.705742166041466|72010
8.705742166041466|73010
8.705742166041466|74010
8.705742166041466|75010
8.705742166041466|76010
8.705742166041466|77010
8.705742166041466|78010
8.705742166041466|79010
8.705742166041466|80010
8.705742166041466|81010
8.705742166041466|82010
8.705742166041466|83010
8.705742166041466|84010
8.705742166041466|85010
8.705742166041466|86010
8.705742166041466|87010
8.705742166041466|88010
8.705742166041466|89010
8.705742166041466|90010
8.705742166041466|91010
8.705742166041466|92010
8.705742166041466|93010
8.705742166041466|94010
8.705742166041466|95010
8.705742166041466|96010
8.705742166041466|97010
8.705742166041466|98010
8.705742166041466|99010
8.705742166041466|100010
8.705742166041466|101010
8.705742166041466|102010
8.705742166041466|103010
8.705742166041466|104010
8.705742166041466|105010
8.705742166041466|106010
8.705742166041466|107010
8.705742166041466|108010
8.705742166041466|109010
8.705742166041466|110010
8.705742166041466|111010
8.705742166041466|112010
8.705742166041466|113010
8.705742166041466|114010
8.705742166041466|115010
8.705742166041466|116010
8.705742166041466|117010
8.705742166041466|118010
8.705742166041466|119010
8.705742166041466|120010
8.705742166041466|121010
8.705742166041466|122010
8.705742166041466|123010
8.705742166041466|124010
8.705742166041466|125010
8.705742166041466|126010
8.705742166041466|127010
8.705742166041466|128010
8.705742166041466|129010
8.705742166041466|130010
8.705742166041466|131010
8.705742166041466|132010
8.705742166041466|133010
8.705742166041466|134010
8.705742166041466|135010
8.705742166041466|136010
8.705742166041466|137010
8.705742166041466|138010
8.705742166041466|139010
8.705742166041466|140010
8.705742166041466|141010
8.705742166041466|142010
8.705742166041466|143010
8.705742166041466|144010
8.705742166041466|145010
8.705742166041466|146010
8.705742166041466|147010
8.705742166041466|148010
8.705742166041466|149010
8.705742166041466|150010
8.705742166041466|151010
8.705742166041466|152010
8.705742166041466|153010
8.705742166041466|154010
8.705742166041466|155010
8.705742166041466|156010
8.705742166041466|157010
8.705742166041466|158010
8.705742166041466|159010
8.705742166041466|160010
8.705742166041466|161010
8.705742166041466|162010
8.705742166041466|163010
8.705742166041466|164010
8.705742166041466|165010
8.705742166041466|166010
8.705742166041466|167010
8.705742166041466|168010
8.705742166041466|169010
8.705742166041466|170010
8.705742166041466|171010
8.705742166041466|172010
8.705742166041466|173010
8.705742166041466|174010
8.705742166041466|175010
8.705742166041466|176010
8.705742166041466|177010
8.705742166041466|178010
8.705742166041466|179010
8.705742166041466|180010
8.705742166041466|181010
8.705742166041466|182010
8.705742166041466|183010
8.705742166041466|184010
8.705742166041466|185010
8.705742166041466|186010
8.705742166041466|187010
8.705742166041466|188010
8.705742166041466|189010
8.705742166041466|190010
8.705742166041466|191010
8.705742166041466|192010
8.705742166041466|193010
8.705742166041466|194010
8.705742166041466|195010
8.705742166041466|196010
8.705742166041466|197010
8.705742166041466|198010
8.705742166041466|199010
8.705742166041466|200010
8.705742166041466|201010
8.705742166041466|202010
8.705742166041466|203010
8.705742166041466|204010
8.705742166041466|205010
8.705742166041466|206010
8.705742166041466|207010
8.705742166041466|208010
8.705742166041466|209010
8.705742166041466|210010
8.705742166041466|211010
8.705742166041466|212010
8.705742166041466|213010
8.705742166041466|214010
8.705742166041466|215010
8.705742166041466|216010
8.705742166041466|217010
8.705742166041466|218010
8.705742166041466|219010
8.705742166041466|220010
8.705742166041466|221010
8.705742166041466|222010
8.705742166041466|223010
8.705742166041466|224010
8.705742166041466|225010
8.705742166041466|226010
8.705742166041466|227010
8.705742166041466|228010
8.705742166041466|229010
8.705742166041466|230010
8.705742166041466|231010
8.705742166041466|232010
8.705742166041466|233010
8.705742166041466|234010
8.705742166041466|235010
8.705742166041466|236010
8.705742166041466|237010
8.705742166041466|238010
8.705742166041466|239010
8.705742166041466|240010
8.705742166041466|241010
8.705742166041466|242010
8.705742166041466|243010
8.705742166041466|244010
8.705742166041466|245010
8.705742166041466|246010
8.705742166041466|247010
8.705742166041466|248010
8.705742166041466|249010
8.705742166041466|250010
8.705742166041466|251010
8.705742166041466|252010
8.705742166041466|253010
8.705742166041466|254010
8.705742166041466|255010
8.705742166041466|256010
8.705742166041466|257010
8.705742166041466|258010
8.705742166041466|259010
8.705742166041466|260010
8.705742166041466|261010
8.705742166041466|262010
8.705742166041466|263010
8.705742166041466|264010
8.705742166041466|265010
8.705742166041466|266010
8.705742166041466|267010
8.705742166041466|268010
8.705742166041466|269010
8.705742166041466|270010
8.705742166041466|271010
8.705742166041466|272010
8.705742166041466|273010
8.705742166041466|274010
8.705742166041466|275010
8.705742166041466|276010
8.705742166041466|277010
8.705742166041466|278010
8.705742166041466|279010
8.705742166041466|280010
8.705742166041466|281010
8.705742166041466|282010
8.705742166041466|283010
8.705742166041466|284010
8.705742166041466|285010
8.705742166041466|286010
8.705742166041466|287010
8.705742166041466|288010
8.705742166041466|289010
8.705742166041466|290010
8.705742166041466|291010
8.705742166041466|292010
8.705742166041466|293010
8.705742166041466|294010
8.705742166041466|295010
8.705742166041466|296010
8.705742166041466|297010
8.705742166041466|298010
8.705742166041466|299010
8.705742166041466|300010
8.705742166041466|301010
8.705742166041466|302010
8.705742166041466|303010
8.705742166041466|304010
8.705742166041466|305010
8.705742166041466|306010
8.705742166041466|307010
8.705742166041466|308010
8.705742166041466|309010
8.705742166041466|310010
8.705742166041466|311010
8.705742166041466|312010
8.705742166041466|313010
8.705742166041466|314010
8.705742166041466|315010
8.705742166041466|316010
8.705742166041466|317010
8.705742166041466|318010
8.705742166041466|319010
8.705742166041466|320010
8.705742166041466|321010
8.705742166041466|322010
8.705742166041466|323010
8.705742166041466|324010
8.705742166041466|325010
8.705742166041466|326010
8.705742166041466|327010
8.705742166041466|328010
8.705742166041466|329010
8.705742166041466|330010
8.705742166041466|331010
8.705742166041466|332010
8.705742166041466|333010
8.705742166041466|334010
8.705742166041466|335010
8.705742166041466|336010
8.705742166041466|337010
8.705742166041466|338010
8.705742166041466|339010
8.705742166041466|340010
8.705742166041466|341010
8.705742166041466|342010
8.705742166041466|343010
8.705742166041466|344010
8.705742166041466|345010
8.705742166041466|346010
8.705742166041466|347010
8.705742166041466|348010
8.705742166041466|349010
8.705742166041466|350010
8.705742166041466|351010
8.705742166041466|352010
8.705742166041466|353010
8.705742166041466|354010
8.705742166041466|355010
8.705742166041466|356010
8.705742166041466|357010
8.705742166041466|358010
8.705742166041466|359010
8.705742166041466|360010
8.705742166041466|361010
8.705742166041466|362010
8.705742166041466|363010
8.705742166041466|364010
8.705742166041466|365010
8.705742166041466|366010
8.705742166041466|367010
8.705742166041466|368010
8.705742166041466|369010
8.705742166041466|370010
8.705742166041466|371010
8.705742166041466|372010
8.705742166041466|373010
8.705742166041466|374010
8.705742166041466|375010
8.705742166041466|376010
8.705742166041466|377010
8.705742166041466|378010
8.705742166041466|379010
8.705742166041466|380010
8.705742166041466|381010
8.705742166041466|382010
8.705742166041466|383010
8.705742166041466|384010
8.705742166041466|385010
8.705742166041466|386010
8.705742166041466|387010
8.705742166041466|388010
8.705742166041466|389010
8.705742166041466|390010
8.705742166041466|391010
8.705742166041466|392010
8.705742166041466|393010
8.705742166041466|394010
8.705742166041466|395010
8.705742166041466|396010
8.705742166041466|397010
8.705742166041466|398010
8.705742166041466|399010
8.705742166041466|400010
8.705742166041466|401010
8.705742166041466|402010
8.705742166041466|403010
8.705742166041466|404010
8.705742166041466|405010
8.705742166041466|406010
8.705742166041466|407010
8.705742166041466|408010
8.705742166041466|409010
8.705742166041466|410010
8.705742166041466|411010
8.705742166041466|412010
8.705742166041466|413010
8.705742166041466|414010
8.705742166041466|415010
8.705742166041466|416010
8.705742166041466|417010
8.705742166041466|418010
8.705742166041466|419010
8.705742166041466|420010
8.705742166041466|421010
8.705742166041466|422010
8.705742166041466|423010
8.705742166041466|424010
8.705742166041466|425010
8.705742166041466|426010
8.705742166041466|427010
8.705742166041466|428010
8.705742166041466|429010
8.705742166041466|430010
8.705742166041466|431010
8.705742166041466|432010
8.705742166041466|433010
8.705742166041466|434010
8.705742166041466|435010
8.705742166041466|436010
8.705742166041466|437010
8.705742166041466|438010
8.705742166041466|439010
8.705742166041466|440010
8.705742166041466|441010
8.705742166041466|442010
8.705742166041466|443010
8.705742166041466|444010
8.705742166041466|445010
8.705742166041466|446010
8.705742166041466|447010
8.705742166041466|448010
8.705742166041466|449010
8.705742166041466|450010
8.705742166041466|451010
8.705742166041466|452010
8.705742166041466|453010
8.705742166041466|454010
8.705742166041466|455010
8.705742166041466|456010
8.705742166041466|457010
8.705742166041466|458010
8.705742166041466|459010
8.705742166041466|460010
8.705742166041466|461010
8.705742166041466|462010
8.705742166041466|463010
8.705742166041466|464010
8.705742166041466|465010
8.705742166041466|466010
8.705742166041466|467010
8.705742166041466|468010
8.705742166041466|469010
8.705742166041466|470010
8.705742166041466|471010
8.705742166041466|472010
8.705742166041466|473010
8.705742166041466|474010
8.705742166041466|475010
8.705742166041466|476010
8.705742166041466|477010
8.705742166041466|478010
8.705742166041466|479010
8.705742166041466|480010
8.705742166041466|481010
8.705742166041466|482010
8.705742166041466|483010
8.705742166041466|484010
8.705742166041466|485010
8.705742166041466|486010
8.705742166041466|487010
8.705742166041466|488010
8.705742166041466|489010
8.705742166041466|490010
8.705742166041466|491010
8.705742166041466|492010
8.705742166041466|493010
8.705742166041466|494010
8.705742166041466|495010
8.705742166041466|496010
8.705742166041466|497010
8.705742166041466|498010
8.705742166041466|499010
8.705742166041466|500010
8.705742166041466|501010
8.705742166041466|502010
8.705742166041466|503010
8.705742166041466|504010
8.705742166041466|505010
8.705742166041466|506010
8.705742166041466|507010
8.705742166041466|508010
8.705742166041466|509010
8.705742166041466|510010
8.705742166041466|511010
8.705742166041466|512010
8.705742166041466|513010
8.705742166041466|514010
8.705742166041466|515010
8.705742166041466|516010
8.705742166041466|517010
8.705742166041466|518010
8.705742166041466|519010
8.705742166041466|520010
8.705742166041466|521010
8.705742166041466|522010
8.705742166041466|523010
8.705742166041466|524010
8.705742166041466|525010
8.705742166041466|526010
8.705742166041466|527010
8.705742166041466|528010
8.705742166041466|529010
8.705742166041466|530010
8.705742166041466|531010
8.705742166041466|532010
8.705742166041466|533010
8.705742166041466|534010
8.705742166041466|535010
8.705742166041466|536010
8.705742166041466|537010
8.705742166041466|538010
8.705742166041466|539010
8.705742166041466|540010
8.705742166041466|541010
8.705742166041466|542010
8.705742166041466|543010
8.705742166041466|544010
8.705742166041466|545010
8.705742166041466|546010
8.705742166041466|547010
8.705742166041466|548010
8.705742166041466|549010
8.705742166041466|550010
8.705742166041466|551010
8.705742166041466|552010
8.705742166041466|553010
8.705742166041466|554010
8.705742166041466|555010
8.705742166041466|556010
8.705742166041466|557010
8.705742166041466|558010
8.705742166041466|559010
8.705742166041466|560010
8.705742166041466|561010
8.705742166041466|562010
8.705742166041466|563010
8.705742166041466|564010
8.705742166041466|565010
8.705742166041466|566010
8.705742166041466|567010
8.705742166041466|568010
8.705742166041466|569010
8.705742166041466|570010
8.705742166041466|571010
8.705742166041466|572010
8.705742166041466|573010
8.705742166041466|574010
8.705742166041466|575010
8.705742166041466|576010
8.705742166041466|577010
8.705742166041466|578010
8.705742166041466|579010
8.705742166041466|580010
8.705742166041466|581010
8.705742166041466|582010
8.705742166041466|583010
8.705742166041466|584010
8.705742166041466|585010
8.705742166041466|586010
8.705742166041466|587010
8.705742166041466|588010
8.705742166041466|589010
8.705742166041466|590010
8.705742166041466|591010
8.705742166041466|592010
8.705742166041466|593010
8.705742166041466|594010
8.705742166041466|595010
8.705742166041466|596010
8.705742166041466|597010
8.705742166041466|598010
8.705742166041466|599010
8.705742166041466|600010
8.705742166041466|601010
8.705742166041466|602010
8.705742166041466|603010
8.705742166041466|604010
8.705742166041466|605010
8.705742166041466|606010
8.705742166041466|607010
8.705742166041466|608010
8.705742166041466|609010
8.705742166041466|610010
8.705742166041466|611010
8.705742166041466|612010
8.705742166041466|613010
8.705742166041466|614010
8.705742166041466|615010
8.705742166041466|616010
8.705742166041466|617010
8.705742166041466|618010
8.705742166041466|619010
8.705742166041466|620010
8.705742166041466|621010
8.705742166041466|622010
8.705742166041466|623010
8.705742166041466|624010
8.705742166041466|625010
8.705742166041466|626010
8.705742166041466|627010
8.705742166041466|628010
8.705742166041466|629010
8.705742166041466|630010
8.705742166041466|631010
8.705742166041466|632010
8.705742166041466|633010
8.705742166041466|634010
8.705742166041466|635010
8.705742166041466|636010
8.705742166041466|637010
8.705742166041466|638010
8.705742166041466|639010
8.705742166041466|640010
8.705742166041466|641010
8.705742166041466|642010
8.705742166041466|643010
8.705742166041466|644010
8.705742166041466|645010
8.705742166041466|646010
8.705742166041466|647010
8.705742166041466|648010
8.705742166041466|649010
8.705742166041466|650010
8.705742166041466|651010
8.705742166041466|652010
8.705742166041466|653010
8.705742166041466|654010
8.705742166041466|655010
8.705742166041466|656010
8.705742166041466|657010
8.705742166041466|658010
8.705742166041466|659010
8.705742166041466|660010
8.705742166041466|661010
8.705742166041466|662010
8.705742166041466|663010
8.705742166041466|664010
8.705742166041466|665010
8.705742166041466|666010
8.705742166041466|667010
8.705742166041466|668010
8.705742166041466|669010
8.705742166041466|670010
8.705742166041466|671010
8.705742166041466|672010
8.705742166041466|673010
8.705742166041466|674010
8.705742166041466|675010
8.705742166041466|676010
8.705742166041466|677010
8.705742166041466|678010
8.705742166041466|679010
8.705742166041466|680010
8.705742166041466|681010
8.705742166041466|682010
8.705742166041466|683010
8.705742166041466|684010
8.705742166041466|685010
8.705742166041466|686010
8.705742166041466|687010
8.705742166041466|688010
8.705742166041466|689010
8.705742166041466|690010
8.705742166041466|691010
8.705742166041466|692010
8.705742166041466|693010
8.705742166041466|694010
8.705742166041466|695010
8.705742166041466|696010
8.705742166041466|697010
8.705742166041466|698010
8.705742166041466|699010
8.705742166041466|700010
8.705742166041466|701010
8.705742166041466|702010
8.705742166041466|703010
8.705742166041466|704010
8.705742166041466|705010
8.705742166041466|706010
8.705742166041466|707010
8.705742166041466|708010
8.705742166041466|709010
8.705742166041466|710010
8.705742166041466|711010
8.705742166041466|712010
8.705742166041466|713010
8.705742166041466|714010
8.705742166041466|715010
8.705742166041466|716010
8.705742166041466|717010
8.705742166041466|718010
8.705742166041466|719010
8.705742166041466|720010
8.705742166041466|721010
8.705742166041466|722010
8.705742166041466|723010
8.705742166041466|724010
8.705742166041466|725010
8.705742166041466|726010
8.705742166041466|727010
8.705742166041466|728010
8.705742166041466|729010
8.705742166041466|730010
8.705742166041466|731010
8.705742166041466|732010
8.705742166041466|733010
8.705742166041466|734010
8.705742166041466|735010
8.705742166041466|736010
8.705742166041466|737010
8.705742166041466|738010
8.705742166041466|739010
8.705742166041466|740010
8.705742166041466|741010
8.705742166041466|742010
8.705742166041466|743010
8.705742166041466|744010
8.705742166041466|745010
8.705742166041466|746010
8.705742166041466|747010
8.705742166041466|748010
8.705742166041466|749010
8.705742166041466|750010
8.705742166041466|751010
8.705742166041466|752010
8.705742166041466|753010
8.705742166041466|754010
8.705742166041466|755010
8.705742166041466|756010
8.705742166041466|757010
8.705742166041466|758010
8.705742166041466|759010
8.705742166041466|760010
8.705742166041466|761010
8.705742166041466|762010
8.705742166041466|763010
8.705742166041466|764010
8.705742166041466|765010
8.705742166041466|766010
8.705742166041466|767010
8.705742166041466|768010
8.705742166041466|769010
8.705742166041466|770010
8.705742166041466|771010
8.705742166041466|772010
8.705742166041466|773010
8.705742166041466|774010
8.705742166041466|775010
8.705742166041466|776010
8.705742166041466|777010
8.705742166041466|778010
8.705742166041466|779010
8.705742166041466|780010
8.705742166041466|781010
8.705742166041466|782010
8.705742166041466|783010
8.705742166041466|784010
8.705742166041466|785010
8.705742166041466|786010
8.705742166041466|787010
8.705742166041466|788010
8.705742166041466|789010
8.705742166041466|790010
8.705742166041466|791010
8.705742166041466|792010
8.705742166041466|793010
8.705742166041466|794010
8.705742166041466|795010
8.705742166041466|796010
8.705742166041466|797010
8.705742166041466|798010
8.705742166041466|799010
8.705742166041466|800010
8.705742166041466|801010
8.705742166041466|802010
8.705742166041466|803010
8.705742166041466|804010
8.705742166041466|805010
8.705742166041466|806010
8.705742166041466|807010
8.705742166041466|808010
8.705742166041466|809010
8.705742166041466|810010
8.705742166041466|811010
8.705742166041466|812010
8.705742166041466|813010
8.705742166041466|814010
8.705742166041466|815010
8.705742166041466|816010
8.705742166041466|817010
8.705742166041466|818010
8.705742166041466|819010
8.705742166041466|820010
8.705742166041466|821010
8.705742166041466|822010
8.705742166041466|823010
8.705742166041466|824010
8.705742166041466|825010
8.705742166041466|826010
8.705742166041466|827010
8.705742166041466|828010
8.705742166041466|829010
8.705742166041466|830010
8.705742166041466|831010
8.705742166041466|832010
8.705742166041466|833010
8.705742166041466|834010
8.705742166041466|835010
8.705742166041466|836010
8.705742166041466|837010
8.705742166041466|838010
8.705742166041466|839010
8.705742166041466|840010
8.705742166041466|841010
8.705742166041466|842010
8.705742166041466|843010
8.705742166041466|844010
8.705742166041466|845010
8.705742166041466|846010
8.705742166041466|847010
8.705742166041466|848010
8.705742166041466|849010
8.705742166041466|850010
8.705742166041466|851010
8.705742166041466|852010
8.705742166041466|853010
8.705742166041466|854010
8.705742166041466|855010
8.705742166041466|856010
8.705742166041466|857010
8.705742166041466|858010
8.705742166041466|859010
8.705742166041466|860010
8.705742166041466|861010
8.705742166041466|862010
8.705742166041466|863010
8.705742166041466|864010
8.705742166041466|865010
8.705742166041466|866010
8.705742166041466|867010
8.705742166041466|868010
8.705742166041466|869010
8.705742166041466|870010
8.705742166041466|871010
8.705742166041466|872010
8.705742166041466|873010
8.705742166041466|874010
8.705742166041466|875010
8.705742166041466|876010
8.705742166041466|877010
8.705742166041466|878010
8.705742166041466|879010
8.705742166041466|880010
8.705742166041466|881010
8.705742166041466|882010
8.705742166041466|883010
8.705742166041466|884010
8.705742166041466|885010
8.705742166041466|886010
8.705742166041466|887010
8.705742166041466|888010
8.705742166041466|889010
8.705742166041466|890010
8.705742166041466|891010
8.705742166041466|892010
8.705742166041466|893010
8.705742166041466|894010
8.705742166041466|895010
8.705742166041466|896010
8.705742166041466|897010
8.705742166041466|898010
8.705742166041466|899010
8.705742166041466|900010
8.705742166041466|901010
8.705742166041466|902010
8.705742166041466|903010
8.705742166041466|904010
8.705742166041466|905010
8.705742166041466|906010
8.705742166041466|907010
8.705742166041466|908010
8.705742166041466|909010
8.705742166041466|910010
8.705742166041466|911010
8.705742166041466|912010
8.705742166041466|913010
8.705742166041466|914010
8.705742166041466|915010
8.705742166041466|916010
8.705742166041466|917010
8.705742166041466|918010
8.705742166041466|919010
8.705742166041466|920010
8.705742166041466|921010
8.705742166041466|922010
8.705742166041466|923010
8.705742166041466|924010
8.705742166041466|925010
8.705742166041466|926010
8.705742166041466|927010
8.705742166041466|928010
8.705742166041466|929010
8.705742166041466|930010
8.705742166041466|931010
8.705742166041466|932010
8.705742166041466|933010
8.705742166041466|934010
8.705742166041466|935010
8.705742166041466|936010
8.705742166041466|937010
8.705742166041466|938010
8.705742166041466|939010
8.705742166041466|940010
8.705742166041466|941010
8.705742166041466|942010
8.705742166041466|943010
8.705742166041466|944010
8.705742166041466|945010
8.705742166041466|946010
8.705742166041466|947010
8.705742166041466|948010
8.705742166041466|949010
8.705742166041466|950010
8.705742166041466|951010
8.705742166041466|952010
8.705742166041466|953010
8.705742166041466|954010
8.705742166041466|955010
8.705742166041466|956010
8.705742166041466|957010
8.705742166041466|958010
8.705742166041466|959010
8.705742166041466|960010
8.705742166041466|961010
8.705742166041466|962010
8.705742166041466|963010
8.705742166041466|964010
8.705742166041466|965010
8.705742166041466|966010
8.705742166041466|967010
8.705742166041466|968010
8.705742166041466|969010
8.705742166041466|970010
8.705742166041466|971010
8.705742166041466|972010
8.705742166041466|973010
8.705742166041466|974010
8.705742166041466|975010
8.705742166041466|976010
8.705742166041466|977010
8.705742166041466|978010
8.705742166041466|979010
8.705742166041466|980010
8.705742166041466|981010
8.705742166041466|982010
8.705742166041466|983010
8.705742166041466|984010
8.705742166041466|985010
8.705742166041466|986010
8.705742166041466|987010
8.705742166041466|988010
8.705742166041466|989010
8.705742166041466|990010
8.705742166041466|991010
8.705742166041466|992010
8.705742166041466|993010
8.705742166041466|994010
8.705742166041466|995010
8.705742166041466|996010
8.705742166041466|997010
8.705742166041466|998010
8.705742166041466|999010
8.705742166041466|1000010
