19.030931536766886|1100
16.571919522975215|2100
15.327716849026617|3100
14.337410669054231|4100
13.692086584163015|5100
12.68848677138974|6100
11.728471243135182|7100
11.169758785261294|8100
10.521253400774803|9100
10.226000025672604|10100
10.106339596101954|11100
9.789495876197353|12100
9.502868741590014|13100
9.483056682822324|14100
9.257803465485283|15100
9.202413710553373|16100
9.037353595670794|17100
8.913237225492834|18100
8.79867135533107|19100
8.732776548598782|20100
8.694549200667096|21100
8.673859288438674|22100
8.673859288438674|23100
8.673487336876851|24100
8.673487336876851|25100
8.6622999601473|26100
8.6622999601473|27100
8.6622999601473|28100
8.607906672569237|29100
8.59220116248925|30100
8.59220116248925|31100
8.59220116248925|32100
8.591846025289863|33100
8.591846025289863|34100
8.591846025289863|35100
8.591846025289863|36100
8.591846025289863|37100
8.591846025289863|38100
8.591846025289863|39100
8.591846025289863|40100
8.591846025289863|41100
8.591846025289863|42100
8.591846025289863|43100
8.591846025289863|44100
8.591846025289863|45100
8.591846025289863|46100
8.591846025289863|47100
8.591846025289863|48100
8.591846025289863|49100
8.591846025289863|50100
8.591846025289863|51100
8.591846025289863|52100
8.591846025289863|53100
8.591846025289863|54100
8.591846025289863|55100
8.591846025289863|56100
8.591846025289863|57100
8.591846025289863|58100
8.591846025289863|59100
8.591846025289863|60100
8.591846025289863|61100
8.591846025289863|62100
8.591846025289863|63100
8.591846025289863|64100
8.591846025289863|65100
8.591846025289863|66100
8.591846025289863|67100
8.591846025289863|68100
8.591846025289863|69100
8.591846025289863|70100
8.591846025289863|71100
8.591846025289863|72100
8.591846025289863|73100
8.591846025289863|74100
8.591846025289863|75100
8.591846025289863|76100
8.591846025289863|77100
8.591846025289863|78100
8.591846025289863|79100
8.591846025289863|80100
8.591846025289863|81100
8.591846025289863|82100
8.591846025289863|83100
8.591846025289863|84100
8.591846025289863|85100
8.591846025289863|86100
8.591846025289863|87100
8.591846025289863|88100
8.591846025289863|89100
8.591846025289863|90100
8.591846025289863|91100
8.591846025289863|92100
8.591846025289863|93100
8.591846025289863|94100
8.591846025289863|95100
8.591846025289863|96100
8.591846025289863|97100
8.591846025289863|98100
8.591846025289863|99100
8.591846025289863|100100
8.591846025289863|101100
8.591846025289863|102100
8.591846025289863|103100
8.591846025289863|104100
8.591846025289863|105100
8.591846025289863|106100
8.591846025289863|107100
8.591846025289863|108100
8.591846025289863|109100
8.591846025289863|110100
8.591846025289863|111100
8.591846025289863|112100
8.591846025289863|113100
8.591846025289863|114100
8.591846025289863|115100
8.591846025289863|116100
8.591846025289863|117100
8.591846025289863|118100
8.591846025289863|119100
8.591846025289863|120100
8.591846025289863|121100
8.591846025289863|122100
8.591846025289863|123100
8.591846025289863|124100
8.591846025289863|125100
8.591846025289863|126100
8.591846025289863|127100
8.591846025289863|128100
8.591846025289863|129100
8.591846025289863|130100
8.591846025289863|131100
8.591846025289863|132100
8.591846025289863|133100
8.591846025289863|134100
8.591846025289863|135100
8.591846025289863|136100
8.591846025289863|137100
8.591846025289863|138100
8.591846025289863|139100
8.591846025289863|140100
8.591846025289863|141100
8.591846025289863|142100
8.591846025289863|143100
8.591846025289863|144100
8.591846025289863|145100
8.591846025289863|146100
8.591846025289863|147100
8.591846025289863|148100
8.591846025289863|149100
8.591846025289863|150100
8.591846025289863|151100
8.591846025289863|152100
8.591846025289863|153100
8.591846025289863|154100
8.591846025289863|155100
8.591846025289863|156100
8.591846025289863|157100
8.591846025289863|158100
8.591846025289863|159100
8.591846025289863|160100
8.591846025289863|161100
8.591846025289863|162100
8.591846025289863|163100
8.591846025289863|164100
8.591846025289863|165100
8.591846025289863|166100
8.591846025289863|167100
8.591846025289863|168100
8.591846025289863|169100
8.591846025289863|170100
8.591846025289863|171100
8.591846025289863|172100
8.591846025289863|173100
8.591846025289863|174100
8.591846025289863|175100
8.591846025289863|176100
8.591846025289863|177100
8.591846025289863|178100
8.591846025289863|179100
8.591846025289863|180100
8.591846025289863|181100
8.591846025289863|182100
8.591846025289863|183100
8.591846025289863|184100
8.591846025289863|185100
8.591846025289863|186100
8.591846025289863|187100
8.591846025289863|188100
8.591846025289863|189100
8.591846025289863|190100
8.591846025289863|191100
8.591846025289863|192100
8.591846025289863|193100
8.591846025289863|194100
8.591846025289863|195100
8.591846025289863|196100
8.591846025289863|197100
8.591846025289863|198100
8.591846025289863|199100
8.591846025289863|200100
8.591846025289863|201100
8.591846025289863|202100
8.591846025289863|203100
8.591846025289863|204100
8.591846025289863|205100
8.591846025289863|206100
8.591846025289863|207100
8.591846025289863|208100
8.591846025289863|209100
8.591846025289863|210100
8.591846025289863|211100
8.591846025289863|212100
8.591846025289863|213100
8.591846025289863|214100
8.591846025289863|215100
8.591846025289863|216100
8.591846025289863|217100
8.591846025289863|218100
8.591846025289863|219100
8.591846025289863|220100
8.591846025289863|221100
8.591846025289863|222100
8.591846025289863|223100
8.591846025289863|224100
8.591846025289863|225100
8.591846025289863|226100
8.591846025289863|227100
8.591846025289863|228100
8.591846025289863|229100
8.591846025289863|230100
8.591846025289863|231100
8.591846025289863|232100
8.591846025289863|233100
8.591846025289863|234100
8.591846025289863|235100
8.591846025289863|236100
8.591846025289863|237100
8.591846025289863|238100
8.591846025289863|239100
8.591846025289863|240100
8.591846025289863|241100
8.591846025289863|242100
8.591846025289863|243100
8.591846025289863|244100
8.591846025289863|245100
8.591846025289863|246100
8.591846025289863|247100
8.591846025289863|248100
8.591846025289863|249100
8.591846025289863|250100
8.591846025289863|251100
8.591846025289863|252100
8.591846025289863|253100
8.591846025289863|254100
8.591846025289863|255100
8.591846025289863|256100
8.591846025289863|257100
8.591846025289863|258100
8.591846025289863|259100
8.591846025289863|260100
8.591846025289863|261100
8.591846025289863|262100
8.591846025289863|263100
8.591846025289863|264100
8.591846025289863|265100
8.591846025289863|266100
8.591846025289863|267100
8.591846025289863|268100
8.591846025289863|269100
8.591846025289863|270100
8.591846025289863|271100
8.591846025289863|272100
8.591846025289863|273100
8.591846025289863|274100
8.591846025289863|275100
8.591846025289863|276100
8.591846025289863|277100
8.591846025289863|278100
8.591846025289863|279100
8.591846025289863|280100
8.591846025289863|281100
8.591846025289863|282100
8.591846025289863|283100
8.591846025289863|284100
8.591846025289863|285100
8.591846025289863|286100
8.591846025289863|287100
8.591846025289863|288100
8.591846025289863|289100
8.591846025289863|290100
8.591846025289863|291100
8.591846025289863|292100
8.591846025289863|293100
8.591846025289863|294100
8.591846025289863|295100
8.591846025289863|296100
8.591846025289863|297100
8.591846025289863|298100
8.591846025289863|299100
8.591846025289863|300100
8.591846025289863|301100
8.591846025289863|302100
8.591846025289863|303100
8.591846025289863|304100
8.591846025289863|305100
8.591846025289863|306100
8.591846025289863|307100
8.591846025289863|308100
8.591846025289863|309100
8.591846025289863|310100
8.591846025289863|311100
8.591846025289863|312100
8.591846025289863|313100
8.591846025289863|314100
8.591846025289863|315100
8.591846025289863|316100
8.591846025289863|317100
8.591846025289863|318100
8.591846025289863|319100
8.591846025289863|320100
8.591846025289863|321100
8.591846025289863|322100
8.591846025289863|323100
8.591846025289863|324100
8.591846025289863|325100
8.591846025289863|326100
8.591846025289863|327100
8.591846025289863|328100
8.591846025289863|329100
8.591846025289863|330100
8.591846025289863|331100
8.591846025289863|332100
8.591846025289863|333100
8.591846025289863|334100
8.591846025289863|335100
8.591846025289863|336100
8.591846025289863|337100
8.591846025289863|338100
8.591846025289863|339100
8.591846025289863|340100
8.591846025289863|341100
8.591846025289863|342100
8.591846025289863|343100
8.591846025289863|344100
8.591846025289863|345100
8.591846025289863|346100
8.591846025289863|347100
8.591846025289863|348100
8.591846025289863|349100
8.591846025289863|350100
8.591846025289863|351100
8.591846025289863|352100
8.591846025289863|353100
8.591846025289863|354100
8.591846025289863|355100
8.591846025289863|356100
8.591846025289863|357100
8.591846025289863|358100
8.591846025289863|359100
8.591846025289863|360100
8.591846025289863|361100
8.591846025289863|362100
8.591846025289863|363100
8.591846025289863|364100
8.591846025289863|365100
8.591846025289863|366100
8.591846025289863|367100
8.591846025289863|368100
8.591846025289863|369100
8.591846025289863|370100
8.591846025289863|371100
8.591846025289863|372100
8.591846025289863|373100
8.591846025289863|374100
8.591846025289863|375100
8.591846025289863|376100
8.591846025289863|377100
8.591846025289863|378100
8.591846025289863|379100
8.591846025289863|380100
8.591846025289863|381100
8.591846025289863|382100
8.591846025289863|383100
8.591846025289863|384100
8.591846025289863|385100
8.591846025289863|386100
8.591846025289863|387100
8.591846025289863|388100
8.591846025289863|389100
8.591846025289863|390100
8.591846025289863|391100
8.591846025289863|392100
8.591846025289863|393100
8.591846025289863|394100
8.591846025289863|395100
8.591846025289863|396100
8.591846025289863|397100
8.591846025289863|398100
8.591846025289863|399100
8.591846025289863|400100
8.591846025289863|401100
8.591846025289863|402100
8.591846025289863|403100
8.591846025289863|404100
8.591846025289863|405100
8.591846025289863|406100
8.591846025289863|407100
8.591846025289863|408100
8.591846025289863|409100
8.591846025289863|410100
8.591846025289863|411100
8.591846025289863|412100
8.591846025289863|413100
8.591846025289863|414100
8.591846025289863|415100
8.591846025289863|416100
8.591846025289863|417100
8.591846025289863|418100
8.591846025289863|419100
8.591846025289863|420100
8.591846025289863|421100
8.591846025289863|422100
8.591846025289863|423100
8.591846025289863|424100
8.591846025289863|425100
8.591846025289863|426100
8.591846025289863|427100
8.591846025289863|428100
8.591846025289863|429100
8.591846025289863|430100
8.591846025289863|431100
8.591846025289863|432100
8.591846025289863|433100
8.591846025289863|434100
8.591846025289863|435100
8.591846025289863|436100
8.591846025289863|437100
8.591846025289863|438100
8.591846025289863|439100
8.591846025289863|440100
8.591846025289863|441100
8.591846025289863|442100
8.591846025289863|443100
8.591846025289863|444100
8.591846025289863|445100
8.591846025289863|446100
8.591846025289863|447100
8.591846025289863|448100
8.591846025289863|449100
8.591846025289863|450100
8.591846025289863|451100
8.591846025289863|452100
8.591846025289863|453100
8.591846025289863|454100
8.591846025289863|455100
8.591846025289863|456100
8.591846025289863|457100
8.591846025289863|458100
8.591846025289863|459100
8.591846025289863|460100
8.591846025289863|461100
8.591846025289863|462100
8.591846025289863|463100
8.591846025289863|464100
8.591846025289863|465100
8.591846025289863|466100
8.591846025289863|467100
8.591846025289863|468100
8.591846025289863|469100
8.591846025289863|470100
8.591846025289863|471100
8.591846025289863|472100
8.591846025289863|473100
8.591846025289863|474100
8.591846025289863|475100
8.591846025289863|476100
8.591846025289863|477100
8.591846025289863|478100
8.591846025289863|479100
8.591846025289863|480100
8.591846025289863|481100
8.591846025289863|482100
8.591846025289863|483100
8.591846025289863|484100
8.591846025289863|485100
8.591846025289863|486100
8.591846025289863|487100
8.591846025289863|488100
8.591846025289863|489100
8.591846025289863|490100
8.591846025289863|491100
8.591846025289863|492100
8.591846025289863|493100
8.591846025289863|494100
8.591846025289863|495100
8.591846025289863|496100
8.591846025289863|497100
8.591846025289863|498100
8.591846025289863|499100
8.591846025289863|500100
8.591846025289863|501100
8.591846025289863|502100
8.591846025289863|503100
8.591846025289863|504100
8.591846025289863|505100
8.591846025289863|506100
8.591846025289863|507100
8.591846025289863|508100
8.591846025289863|509100
8.591846025289863|510100
8.591846025289863|511100
8.591846025289863|512100
8.591846025289863|513100
8.591846025289863|514100
8.591846025289863|515100
8.591846025289863|516100
8.591846025289863|517100
8.591846025289863|518100
8.591846025289863|519100
8.591846025289863|520100
8.591846025289863|521100
8.591846025289863|522100
8.591846025289863|523100
8.591846025289863|524100
8.591846025289863|525100
8.591846025289863|526100
8.591846025289863|527100
8.591846025289863|528100
8.591846025289863|529100
8.591846025289863|530100
8.591846025289863|531100
8.591846025289863|532100
8.591846025289863|533100
8.591846025289863|534100
8.591846025289863|535100
8.591846025289863|536100
8.591846025289863|537100
8.591846025289863|538100
8.591846025289863|539100
8.591846025289863|540100
8.591846025289863|541100
8.591846025289863|542100
8.591846025289863|543100
8.591846025289863|544100
8.591846025289863|545100
8.591846025289863|546100
8.591846025289863|547100
8.591846025289863|548100
8.591846025289863|549100
8.591846025289863|550100
8.591846025289863|551100
8.591846025289863|552100
8.591846025289863|553100
8.591846025289863|554100
8.591846025289863|555100
8.591846025289863|556100
8.591846025289863|557100
8.591846025289863|558100
8.591846025289863|559100
8.591846025289863|560100
8.591846025289863|561100
8.591846025289863|562100
8.591846025289863|563100
8.591846025289863|564100
8.591846025289863|565100
8.591846025289863|566100
8.591846025289863|567100
8.591846025289863|568100
8.591846025289863|569100
8.591846025289863|570100
8.591846025289863|571100
8.591846025289863|572100
8.591846025289863|573100
8.591846025289863|574100
8.591846025289863|575100
8.591846025289863|576100
8.591846025289863|577100
8.591846025289863|578100
8.591846025289863|579100
8.591846025289863|580100
8.591846025289863|581100
8.591846025289863|582100
8.591846025289863|583100
8.591846025289863|584100
8.591846025289863|585100
8.591846025289863|586100
8.591846025289863|587100
8.591846025289863|588100
8.591846025289863|589100
8.591846025289863|590100
8.591846025289863|591100
8.591846025289863|592100
8.591846025289863|593100
8.591846025289863|594100
8.591846025289863|595100
8.591846025289863|596100
8.591846025289863|597100
8.591846025289863|598100
8.591846025289863|599100
8.591846025289863|600100
8.591846025289863|601100
8.591846025289863|602100
8.591846025289863|603100
8.591846025289863|604100
8.591846025289863|605100
8.591846025289863|606100
8.591846025289863|607100
8.591846025289863|608100
8.591846025289863|609100
8.591846025289863|610100
8.591846025289863|611100
8.591846025289863|612100
8.591846025289863|613100
8.591846025289863|614100
8.591846025289863|615100
8.591846025289863|616100
8.591846025289863|617100
8.591846025289863|618100
8.591846025289863|619100
8.591846025289863|620100
8.591846025289863|621100
8.591846025289863|622100
8.591846025289863|623100
8.591846025289863|624100
8.591846025289863|625100
8.591846025289863|626100
8.591846025289863|627100
8.591846025289863|628100
8.591846025289863|629100
8.591846025289863|630100
8.591846025289863|631100
8.591846025289863|632100
8.591846025289863|633100
8.591846025289863|634100
8.591846025289863|635100
8.591846025289863|636100
8.591846025289863|637100
8.591846025289863|638100
8.591846025289863|639100
8.591846025289863|640100
8.591846025289863|641100
8.591846025289863|642100
8.591846025289863|643100
8.591846025289863|644100
8.591846025289863|645100
8.591846025289863|646100
8.591846025289863|647100
8.591846025289863|648100
8.591846025289863|649100
8.591846025289863|650100
8.591846025289863|651100
8.591846025289863|652100
8.591846025289863|653100
8.591846025289863|654100
8.591846025289863|655100
8.591846025289863|656100
8.591846025289863|657100
8.591846025289863|658100
8.591846025289863|659100
8.591846025289863|660100
8.591846025289863|661100
8.591846025289863|662100
8.591846025289863|663100
8.591846025289863|664100
8.591846025289863|665100
8.591846025289863|666100
8.591846025289863|667100
8.591846025289863|668100
8.591846025289863|669100
8.591846025289863|670100
8.591846025289863|671100
8.591846025289863|672100
8.591846025289863|673100
8.591846025289863|674100
8.591846025289863|675100
8.591846025289863|676100
8.591846025289863|677100
8.591846025289863|678100
8.591846025289863|679100
8.591846025289863|680100
8.591846025289863|681100
8.591846025289863|682100
8.591846025289863|683100
8.591846025289863|684100
8.591846025289863|685100
8.591846025289863|686100
8.591846025289863|687100
8.591846025289863|688100
8.591846025289863|689100
8.591846025289863|690100
8.591846025289863|691100
8.591846025289863|692100
8.591846025289863|693100
8.591846025289863|694100
8.591846025289863|695100
8.591846025289863|696100
8.591846025289863|697100
8.591846025289863|698100
8.591846025289863|699100
8.591846025289863|700100
8.591846025289863|701100
8.591846025289863|702100
8.591846025289863|703100
8.591846025289863|704100
8.591846025289863|705100
8.591846025289863|706100
8.591846025289863|707100
8.591846025289863|708100
8.591846025289863|709100
8.591846025289863|710100
8.591846025289863|711100
8.591846025289863|712100
8.591846025289863|713100
8.591846025289863|714100
8.591846025289863|715100
8.591846025289863|716100
8.591846025289863|717100
8.591846025289863|718100
8.591846025289863|719100
8.591846025289863|720100
8.591846025289863|721100
8.591846025289863|722100
8.591846025289863|723100
8.591846025289863|724100
8.591846025289863|725100
8.591846025289863|726100
8.591846025289863|727100
8.591846025289863|728100
8.591846025289863|729100
8.591846025289863|730100
8.591846025289863|731100
8.591846025289863|732100
8.591846025289863|733100
8.591846025289863|734100
8.591846025289863|735100
8.591846025289863|736100
8.591846025289863|737100
8.591846025289863|738100
8.591846025289863|739100
8.591846025289863|740100
8.591846025289863|741100
8.591846025289863|742100
8.591846025289863|743100
8.591846025289863|744100
8.591846025289863|745100
8.591846025289863|746100
8.591846025289863|747100
8.591846025289863|748100
8.591846025289863|749100
8.591846025289863|750100
8.591846025289863|751100
8.591846025289863|752100
8.591846025289863|753100
8.591846025289863|754100
8.591846025289863|755100
8.591846025289863|756100
8.591846025289863|757100
8.591846025289863|758100
8.591846025289863|759100
8.591846025289863|760100
8.591846025289863|761100
8.591846025289863|762100
8.591846025289863|763100
8.591846025289863|764100
8.591846025289863|765100
8.591846025289863|766100
8.591846025289863|767100
8.591846025289863|768100
8.591846025289863|769100
8.591846025289863|770100
8.591846025289863|771100
8.591846025289863|772100
8.591846025289863|773100
8.591846025289863|774100
8.591846025289863|775100
8.591846025289863|776100
8.591846025289863|777100
8.591846025289863|778100
8.591846025289863|779100
8.591846025289863|780100
8.591846025289863|781100
8.591846025289863|782100
8.591846025289863|783100
8.591846025289863|784100
8.591846025289863|785100
8.591846025289863|786100
8.591846025289863|787100
8.591846025289863|788100
8.591846025289863|789100
8.591846025289863|790100
8.591846025289863|791100
8.591846025289863|792100
8.591846025289863|793100
8.591846025289863|794100
8.591846025289863|795100
8.591846025289863|796100
8.591846025289863|797100
8.591846025289863|798100
8.591846025289863|799100
8.591846025289863|800100
8.591846025289863|801100
8.591846025289863|802100
8.591846025289863|803100
8.591846025289863|804100
8.591846025289863|805100
8.591846025289863|806100
8.591846025289863|807100
8.591846025289863|808100
8.591846025289863|809100
8.591846025289863|810100
8.591846025289863|811100
8.591846025289863|812100
8.591846025289863|813100
8.591846025289863|814100
8.591846025289863|815100
8.591846025289863|816100
8.591846025289863|817100
8.591846025289863|818100
8.591846025289863|819100
8.591846025289863|820100
8.591846025289863|821100
8.591846025289863|822100
8.591846025289863|823100
8.591846025289863|824100
8.591846025289863|825100
8.591846025289863|826100
8.591846025289863|827100
8.591846025289863|828100
8.591846025289863|829100
8.591846025289863|830100
8.591846025289863|831100
8.591846025289863|832100
8.591846025289863|833100
8.591846025289863|834100
8.591846025289863|835100
8.591846025289863|836100
8.591846025289863|837100
8.591846025289863|838100
8.591846025289863|839100
8.591846025289863|840100
8.591846025289863|841100
8.591846025289863|842100
8.591846025289863|843100
8.591846025289863|844100
8.591846025289863|845100
8.591846025289863|846100
8.591846025289863|847100
8.591846025289863|848100
8.591846025289863|849100
8.591846025289863|850100
8.591846025289863|851100
8.591846025289863|852100
8.591846025289863|853100
8.591846025289863|854100
8.591846025289863|855100
8.591846025289863|856100
8.591846025289863|857100
8.591846025289863|858100
8.591846025289863|859100
8.591846025289863|860100
8.591846025289863|861100
8.591846025289863|862100
8.591846025289863|863100
8.591846025289863|864100
8.591846025289863|865100
8.591846025289863|866100
8.591846025289863|867100
8.591846025289863|868100
8.591846025289863|869100
8.591846025289863|870100
8.591846025289863|871100
8.591846025289863|872100
8.591846025289863|873100
8.591846025289863|874100
8.591846025289863|875100
8.591846025289863|876100
8.591846025289863|877100
8.591846025289863|878100
8.591846025289863|879100
8.591846025289863|880100
8.591846025289863|881100
8.591846025289863|882100
8.591846025289863|883100
8.591846025289863|884100
8.591846025289863|885100
8.591846025289863|886100
8.591846025289863|887100
8.591846025289863|888100
8.591846025289863|889100
8.591846025289863|890100
8.591846025289863|891100
8.591846025289863|892100
8.591846025289863|893100
8.591846025289863|894100
8.591846025289863|895100
8.591846025289863|896100
8.591846025289863|897100
8.591846025289863|898100
8.591846025289863|899100
8.591846025289863|900100
8.591846025289863|901100
8.591846025289863|902100
8.591846025289863|903100
8.591846025289863|904100
8.591846025289863|905100
8.591846025289863|906100
8.591846025289863|907100
8.591846025289863|908100
8.591846025289863|909100
8.591846025289863|910100
8.591846025289863|911100
8.591846025289863|912100
8.591846025289863|913100
8.591846025289863|914100
8.591846025289863|915100
8.591846025289863|916100
8.591846025289863|917100
8.591846025289863|918100
8.591846025289863|919100
8.591846025289863|920100
8.591846025289863|921100
8.591846025289863|922100
8.591846025289863|923100
8.591846025289863|924100
8.591846025289863|925100
8.591846025289863|926100
8.591846025289863|927100
8.591846025289863|928100
8.591846025289863|929100
8.591846025289863|930100
8.591846025289863|931100
8.591846025289863|932100
8.591846025289863|933100
8.591846025289863|934100
8.591846025289863|935100
8.591846025289863|936100
8.591846025289863|937100
8.591846025289863|938100
8.591846025289863|939100
8.591846025289863|940100
8.591846025289863|941100
8.591846025289863|942100
8.591846025289863|943100
8.591846025289863|944100
8.591846025289863|945100
8.591846025289863|946100
8.591846025289863|947100
8.591846025289863|948100
8.591846025289863|949100
8.591846025289863|950100
8.591846025289863|951100
8.591846025289863|952100
8.591846025289863|953100
8.591846025289863|954100
8.591846025289863|955100
8.591846025289863|956100
8.591846025289863|957100
8.591846025289863|958100
8.591846025289863|959100
8.591846025289863|960100
8.591846025289863|961100
8.591846025289863|962100
8.591846025289863|963100
8.591846025289863|964100
8.591846025289863|965100
8.591846025289863|966100
8.591846025289863|967100
8.591846025289863|968100
8.591846025289863|969100
8.591846025289863|970100
8.591846025289863|971100
8.591846025289863|972100
8.591846025289863|973100
8.591846025289863|974100
8.591846025289863|975100
8.591846025289863|976100
8.591846025289863|977100
8.591846025289863|978100
8.591846025289863|979100
8.591846025289863|980100
8.591846025289863|981100
8.591846025289863|982100
8.591846025289863|983100
8.591846025289863|984100
8.591846025289863|985100
8.591846025289863|986100
8.591846025289863|987100
8.591846025289863|988100
8.591846025289863|989100
8.591846025289863|990100
8.591846025289863|991100
8.591846025289863|992100
8.591846025289863|993100
8.591846025289863|994100
8.591846025289863|995100
8.591846025289863|996100
8.591846025289863|997100
8.591846025289863|998100
8.591846025289863|999100
8.591846025289863|1000100
