13.938308377478753|1010
11.244116391441384|2010
10.282019430702045|3010
9.878198247811671|4010
9.825559636230048|5010
9.613138514477262|6010
9.521754799851369|7010
9.49957306911443|8010
9.49957306911443|9010
9.435181318760039|10010
9.435181318760039|11010
9.435181318760039|12010
9.435181318760039|13010
9.435181318760039|14010
9.435181318760039|15010
9.435181318760039|16010
9.435181318760039|17010
9.435181318760039|18010
9.435181318760039|19010
9.435181318760039|20010
9.435181318760039|21010
9.435181318760039|22010
9.435181318760039|23010
9.435181318760039|24010
9.435181318760039|25010
9.435181318760039|26010
9.435181318760039|27010
9.435181318760039|28010
9.435181318760039|29010
9.435181318760039|30010
9.435181318760039|31010
9.435181318760039|32010
9.435181318760039|33010
9.435181318760039|34010
9.435181318760039|35010
9.435181318760039|36010
9.435181318760039|37010
9.435181318760039|38010
9.435181318760039|39010
9.435181318760039|40010
9.435181318760039|41010
9.435181318760039|42010
9.435181318760039|43010
9.435181318760039|44010
9.435181318760039|45010
9.435181318760039|46010
9.435181318760039|47010
9.435181318760039|48010
9.435181318760039|49010
9.435181318760039|50010
9.435181318760039|51010
9.435181318760039|52010
9.435181318760039|53010
9.435181318760039|54010
9.435181318760039|55010
9.435181318760039|56010
9.435181318760039|57010
9.435181318760039|58010
9.435181318760039|59010
9.435181318760039|60010
9.435181318760039|61010
9.435181318760039|62010
9.435181318760039|63010
9.435181318760039|64010
9.435181318760039|65010
9.435181318760039|66010
9.435181318760039|67010
9.435181318760039|68010
9.435181318760039|69010
9.435181318760039|70010
9.435181318760039|71010
9.435181318760039|72010
9.435181318760039|73010
9.435181318760039|74010
9.435181318760039|75010
9.435181318760039|76010
9.435181318760039|77010
9.435181318760039|78010
9.435181318760039|79010
9.435181318760039|80010
9.435181318760039|81010
9.435181318760039|82010
9.435181318760039|83010
9.435181318760039|84010
9.435181318760039|85010
9.435181318760039|86010
9.435181318760039|87010
9.435181318760039|88010
9.435181318760039|89010
9.435181318760039|90010
9.435181318760039|91010
9.435181318760039|92010
9.435181318760039|93010
9.435181318760039|94010
9.435181318760039|95010
9.435181318760039|96010
9.435181318760039|97010
9.435181318760039|98010
9.435181318760039|99010
9.435181318760039|100010
9.435181318760039|101010
9.435181318760039|102010
9.435181318760039|103010
9.435181318760039|104010
9.435181318760039|105010
9.435181318760039|106010
9.435181318760039|107010
9.435181318760039|108010
9.435181318760039|109010
9.435181318760039|110010
9.435181318760039|111010
9.435181318760039|112010
9.435181318760039|113010
9.435181318760039|114010
9.435181318760039|115010
9.435181318760039|116010
9.435181318760039|117010
9.435181318760039|118010
9.435181318760039|119010
9.435181318760039|120010
9.435181318760039|121010
9.435181318760039|122010
9.435181318760039|123010
9.435181318760039|124010
9.435181318760039|125010
9.435181318760039|126010
9.435181318760039|127010
9.435181318760039|128010
9.435181318760039|129010
9.435181318760039|130010
9.435181318760039|131010
9.435181318760039|132010
9.435181318760039|133010
9.435181318760039|134010
9.435181318760039|135010
9.435181318760039|136010
9.435181318760039|137010
9.435181318760039|138010
9.435181318760039|139010
9.435181318760039|140010
9.435181318760039|141010
9.435181318760039|142010
9.435181318760039|143010
9.435181318760039|144010
9.435181318760039|145010
9.435181318760039|146010
9.435181318760039|147010
9.435181318760039|148010
9.435181318760039|149010
9.435181318760039|150010
9.435181318760039|151010
9.435181318760039|152010
9.435181318760039|153010
9.435181318760039|154010
9.435181318760039|155010
9.435181318760039|156010
9.435181318760039|157010
9.435181318760039|158010
9.435181318760039|159010
9.435181318760039|160010
9.435181318760039|161010
9.435181318760039|162010
9.435181318760039|163010
9.435181318760039|164010
9.435181318760039|165010
9.435181318760039|166010
9.435181318760039|167010
9.435181318760039|168010
9.435181318760039|169010
9.435181318760039|170010
9.435181318760039|171010
9.435181318760039|172010
9.435181318760039|173010
9.435181318760039|174010
9.435181318760039|175010
9.435181318760039|176010
9.435181318760039|177010
9.435181318760039|178010
9.435181318760039|179010
9.435181318760039|180010
9.435181318760039|181010
9.435181318760039|182010
9.435181318760039|183010
9.435181318760039|184010
9.435181318760039|185010
9.435181318760039|186010
9.435181318760039|187010
9.435181318760039|188010
9.435181318760039|189010
9.435181318760039|190010
9.435181318760039|191010
9.435181318760039|192010
9.435181318760039|193010
9.435181318760039|194010
9.435181318760039|195010
9.435181318760039|196010
9.435181318760039|197010
9.435181318760039|198010
9.435181318760039|199010
9.435181318760039|200010
9.435181318760039|201010
9.435181318760039|202010
9.435181318760039|203010
9.435181318760039|204010
9.435181318760039|205010
9.435181318760039|206010
9.435181318760039|207010
9.435181318760039|208010
9.435181318760039|209010
9.435181318760039|210010
9.435181318760039|211010
9.435181318760039|212010
9.435181318760039|213010
9.435181318760039|214010
9.435181318760039|215010
9.435181318760039|216010
9.435181318760039|217010
9.435181318760039|218010
9.435181318760039|219010
9.435181318760039|220010
9.435181318760039|221010
9.435181318760039|222010
9.435181318760039|223010
9.435181318760039|224010
9.435181318760039|225010
9.435181318760039|226010
9.435181318760039|227010
9.435181318760039|228010
9.435181318760039|229010
9.435181318760039|230010
9.435181318760039|231010
9.435181318760039|232010
9.435181318760039|233010
9.435181318760039|234010
9.435181318760039|235010
9.435181318760039|236010
9.435181318760039|237010
9.435181318760039|238010
9.435181318760039|239010
9.435181318760039|240010
9.435181318760039|241010
9.435181318760039|242010
9.435181318760039|243010
9.435181318760039|244010
9.435181318760039|245010
9.435181318760039|246010
9.435181318760039|247010
9.435181318760039|248010
9.435181318760039|249010
9.435181318760039|250010
9.435181318760039|251010
9.435181318760039|252010
9.435181318760039|253010
9.435181318760039|254010
9.435181318760039|255010
9.435181318760039|256010
9.435181318760039|257010
9.435181318760039|258010
9.435181318760039|259010
9.435181318760039|260010
9.435181318760039|261010
9.435181318760039|262010
9.435181318760039|263010
9.435181318760039|264010
9.435181318760039|265010
9.435181318760039|266010
9.435181318760039|267010
9.435181318760039|268010
9.435181318760039|269010
9.435181318760039|270010
9.435181318760039|271010
9.435181318760039|272010
9.435181318760039|273010
9.435181318760039|274010
9.435181318760039|275010
9.435181318760039|276010
9.435181318760039|277010
9.435181318760039|278010
9.435181318760039|279010
9.435181318760039|280010
9.435181318760039|281010
9.435181318760039|282010
9.435181318760039|283010
9.435181318760039|284010
9.435181318760039|285010
9.435181318760039|286010
9.435181318760039|287010
9.435181318760039|288010
9.435181318760039|289010
9.435181318760039|290010
9.435181318760039|291010
9.435181318760039|292010
9.435181318760039|293010
9.435181318760039|294010
9.435181318760039|295010
9.435181318760039|296010
9.435181318760039|297010
9.435181318760039|298010
9.435181318760039|299010
9.435181318760039|300010
9.435181318760039|301010
9.435181318760039|302010
9.435181318760039|303010
9.435181318760039|304010
9.435181318760039|305010
9.435181318760039|306010
9.435181318760039|307010
9.435181318760039|308010
9.435181318760039|309010
9.435181318760039|310010
9.435181318760039|311010
9.435181318760039|312010
9.435181318760039|313010
9.435181318760039|314010
9.435181318760039|315010
9.435181318760039|316010
9.435181318760039|317010
9.435181318760039|318010
9.435181318760039|319010
9.435181318760039|320010
9.435181318760039|321010
9.435181318760039|322010
9.435181318760039|323010
9.435181318760039|324010
9.435181318760039|325010
9.435181318760039|326010
9.435181318760039|327010
9.435181318760039|328010
9.435181318760039|329010
9.435181318760039|330010
9.435181318760039|331010
9.435181318760039|332010
9.435181318760039|333010
9.435181318760039|334010
9.435181318760039|335010
9.435181318760039|336010
9.435181318760039|337010
9.435181318760039|338010
9.435181318760039|339010
9.435181318760039|340010
9.435181318760039|341010
9.435181318760039|342010
9.435181318760039|343010
9.435181318760039|344010
9.435181318760039|345010
9.435181318760039|346010
9.435181318760039|347010
9.435181318760039|348010
9.435181318760039|349010
9.435181318760039|350010
9.435181318760039|351010
9.435181318760039|352010
9.435181318760039|353010
9.435181318760039|354010
9.435181318760039|355010
9.435181318760039|356010
9.435181318760039|357010
9.435181318760039|358010
9.435181318760039|359010
9.435181318760039|360010
9.435181318760039|361010
9.435181318760039|362010
9.435181318760039|363010
9.435181318760039|364010
9.435181318760039|365010
9.435181318760039|366010
9.435181318760039|367010
9.435181318760039|368010
9.435181318760039|369010
9.435181318760039|370010
9.435181318760039|371010
9.435181318760039|372010
9.435181318760039|373010
9.435181318760039|374010
9.435181318760039|375010
9.435181318760039|376010
9.435181318760039|377010
9.435181318760039|378010
9.435181318760039|379010
9.435181318760039|380010
9.435181318760039|381010
9.435181318760039|382010
9.435181318760039|383010
9.435181318760039|384010
9.435181318760039|385010
9.435181318760039|386010
9.435181318760039|387010
9.435181318760039|388010
9.435181318760039|389010
9.435181318760039|390010
9.435181318760039|391010
9.435181318760039|392010
9.435181318760039|393010
9.435181318760039|394010
9.435181318760039|395010
9.435181318760039|396010
9.435181318760039|397010
9.435181318760039|398010
9.435181318760039|399010
9.435181318760039|400010
9.435181318760039|401010
9.435181318760039|402010
9.435181318760039|403010
9.435181318760039|404010
9.435181318760039|405010
9.435181318760039|406010
9.435181318760039|407010
9.435181318760039|408010
9.435181318760039|409010
9.435181318760039|410010
9.435181318760039|411010
9.435181318760039|412010
9.435181318760039|413010
9.435181318760039|414010
9.435181318760039|415010
9.435181318760039|416010
9.435181318760039|417010
9.435181318760039|418010
9.435181318760039|419010
9.435181318760039|420010
9.435181318760039|421010
9.435181318760039|422010
9.435181318760039|423010
9.435181318760039|424010
9.435181318760039|425010
9.435181318760039|426010
9.435181318760039|427010
9.435181318760039|428010
9.435181318760039|429010
9.435181318760039|430010
9.435181318760039|431010
9.435181318760039|432010
9.435181318760039|433010
9.435181318760039|434010
9.435181318760039|435010
9.435181318760039|436010
9.435181318760039|437010
9.435181318760039|438010
9.435181318760039|439010
9.435181318760039|440010
9.435181318760039|441010
9.435181318760039|442010
9.435181318760039|443010
9.435181318760039|444010
9.435181318760039|445010
9.435181318760039|446010
9.435181318760039|447010
9.435181318760039|448010
9.435181318760039|449010
9.435181318760039|450010
9.435181318760039|451010
9.435181318760039|452010
9.435181318760039|453010
9.435181318760039|454010
9.435181318760039|455010
9.435181318760039|456010
9.435181318760039|457010
9.435181318760039|458010
9.435181318760039|459010
9.435181318760039|460010
9.435181318760039|461010
9.435181318760039|462010
9.435181318760039|463010
9.435181318760039|464010
9.435181318760039|465010
9.435181318760039|466010
9.435181318760039|467010
9.435181318760039|468010
9.435181318760039|469010
9.435181318760039|470010
9.435181318760039|471010
9.435181318760039|472010
9.435181318760039|473010
9.435181318760039|474010
9.435181318760039|475010
9.435181318760039|476010
9.435181318760039|477010
9.435181318760039|478010
9.435181318760039|479010
9.435181318760039|480010
9.435181318760039|481010
9.435181318760039|482010
9.435181318760039|483010
9.435181318760039|484010
9.435181318760039|485010
9.435181318760039|486010
9.435181318760039|487010
9.435181318760039|488010
9.435181318760039|489010
9.435181318760039|490010
9.435181318760039|491010
9.435181318760039|492010
9.435181318760039|493010
9.435181318760039|494010
9.435181318760039|495010
9.435181318760039|496010
9.435181318760039|497010
9.435181318760039|498010
9.435181318760039|499010
9.435181318760039|500010
9.435181318760039|501010
9.435181318760039|502010
9.435181318760039|503010
9.435181318760039|504010
9.435181318760039|505010
9.435181318760039|506010
9.435181318760039|507010
9.435181318760039|508010
9.435181318760039|509010
9.435181318760039|510010
9.435181318760039|511010
9.435181318760039|512010
9.435181318760039|513010
9.435181318760039|514010
9.435181318760039|515010
9.435181318760039|516010
9.435181318760039|517010
9.435181318760039|518010
9.435181318760039|519010
9.435181318760039|520010
9.435181318760039|521010
9.435181318760039|522010
9.435181318760039|523010
9.435181318760039|524010
9.435181318760039|525010
9.435181318760039|526010
9.435181318760039|527010
9.435181318760039|528010
9.435181318760039|529010
9.435181318760039|530010
9.435181318760039|531010
9.435181318760039|532010
9.435181318760039|533010
9.435181318760039|534010
9.435181318760039|535010
9.435181318760039|536010
9.435181318760039|537010
9.435181318760039|538010
9.435181318760039|539010
9.435181318760039|540010
9.435181318760039|541010
9.435181318760039|542010
9.435181318760039|543010
9.435181318760039|544010
9.435181318760039|545010
9.435181318760039|546010
9.435181318760039|547010
9.435181318760039|548010
9.435181318760039|549010
9.435181318760039|550010
9.435181318760039|551010
9.435181318760039|552010
9.435181318760039|553010
9.435181318760039|554010
9.435181318760039|555010
9.435181318760039|556010
9.435181318760039|557010
9.435181318760039|558010
9.435181318760039|559010
9.435181318760039|560010
9.435181318760039|561010
9.435181318760039|562010
9.435181318760039|563010
9.435181318760039|564010
9.435181318760039|565010
9.435181318760039|566010
9.435181318760039|567010
9.435181318760039|568010
9.435181318760039|569010
9.435181318760039|570010
9.435181318760039|571010
9.435181318760039|572010
9.435181318760039|573010
9.435181318760039|574010
9.435181318760039|575010
9.435181318760039|576010
9.435181318760039|577010
9.435181318760039|578010
9.435181318760039|579010
9.435181318760039|580010
9.435181318760039|581010
9.435181318760039|582010
9.435181318760039|583010
9.435181318760039|584010
9.435181318760039|585010
9.435181318760039|586010
9.435181318760039|587010
9.435181318760039|588010
9.435181318760039|589010
9.435181318760039|590010
9.435181318760039|591010
9.435181318760039|592010
9.435181318760039|593010
9.435181318760039|594010
9.435181318760039|595010
9.435181318760039|596010
9.435181318760039|597010
9.435181318760039|598010
9.435181318760039|599010
9.435181318760039|600010
9.435181318760039|601010
9.435181318760039|602010
9.435181318760039|603010
9.435181318760039|604010
9.435181318760039|605010
9.435181318760039|606010
9.435181318760039|607010
9.435181318760039|608010
9.435181318760039|609010
9.435181318760039|610010
9.435181318760039|611010
9.435181318760039|612010
9.435181318760039|613010
9.435181318760039|614010
9.435181318760039|615010
9.435181318760039|616010
9.435181318760039|617010
9.435181318760039|618010
9.435181318760039|619010
9.435181318760039|620010
9.435181318760039|621010
9.435181318760039|622010
9.435181318760039|623010
9.435181318760039|624010
9.435181318760039|625010
9.435181318760039|626010
9.435181318760039|627010
9.435181318760039|628010
9.435181318760039|629010
9.435181318760039|630010
9.435181318760039|631010
9.435181318760039|632010
9.435181318760039|633010
9.435181318760039|634010
9.435181318760039|635010
9.435181318760039|636010
9.435181318760039|637010
9.435181318760039|638010
9.435181318760039|639010
9.435181318760039|640010
9.435181318760039|641010
9.435181318760039|642010
9.435181318760039|643010
9.435181318760039|644010
9.435181318760039|645010
9.435181318760039|646010
9.435181318760039|647010
9.435181318760039|648010
9.435181318760039|649010
9.435181318760039|650010
9.435181318760039|651010
9.435181318760039|652010
9.435181318760039|653010
9.435181318760039|654010
9.435181318760039|655010
9.435181318760039|656010
9.435181318760039|657010
9.435181318760039|658010
9.435181318760039|659010
9.435181318760039|660010
9.435181318760039|661010
9.435181318760039|662010
9.435181318760039|663010
9.435181318760039|664010
9.435181318760039|665010
9.435181318760039|666010
9.435181318760039|667010
9.435181318760039|668010
9.435181318760039|669010
9.435181318760039|670010
9.435181318760039|671010
9.435181318760039|672010
9.435181318760039|673010
9.435181318760039|674010
9.435181318760039|675010
9.435181318760039|676010
9.435181318760039|677010
9.435181318760039|678010
9.435181318760039|679010
9.435181318760039|680010
9.435181318760039|681010
9.435181318760039|682010
9.435181318760039|683010
9.435181318760039|684010
9.435181318760039|685010
9.435181318760039|686010
9.435181318760039|687010
9.435181318760039|688010
9.435181318760039|689010
9.435181318760039|690010
9.435181318760039|691010
9.435181318760039|692010
9.435181318760039|693010
9.435181318760039|694010
9.435181318760039|695010
9.435181318760039|696010
9.435181318760039|697010
9.435181318760039|698010
9.435181318760039|699010
9.435181318760039|700010
9.435181318760039|701010
9.435181318760039|702010
9.435181318760039|703010
9.435181318760039|704010
9.435181318760039|705010
9.435181318760039|706010
9.435181318760039|707010
9.435181318760039|708010
9.435181318760039|709010
9.435181318760039|710010
9.435181318760039|711010
9.435181318760039|712010
9.435181318760039|713010
9.435181318760039|714010
9.435181318760039|715010
9.435181318760039|716010
9.435181318760039|717010
9.435181318760039|718010
9.435181318760039|719010
9.435181318760039|720010
9.435181318760039|721010
9.435181318760039|722010
9.435181318760039|723010
9.435181318760039|724010
9.435181318760039|725010
9.435181318760039|726010
9.435181318760039|727010
9.435181318760039|728010
9.435181318760039|729010
9.435181318760039|730010
9.435181318760039|731010
9.435181318760039|732010
9.435181318760039|733010
9.435181318760039|734010
9.435181318760039|735010
9.435181318760039|736010
9.435181318760039|737010
9.435181318760039|738010
9.435181318760039|739010
9.435181318760039|740010
9.435181318760039|741010
9.435181318760039|742010
9.435181318760039|743010
9.435181318760039|744010
9.435181318760039|745010
9.435181318760039|746010
9.435181318760039|747010
9.435181318760039|748010
9.435181318760039|749010
9.435181318760039|750010
9.435181318760039|751010
9.435181318760039|752010
9.435181318760039|753010
9.435181318760039|754010
9.435181318760039|755010
9.435181318760039|756010
9.435181318760039|757010
9.435181318760039|758010
9.435181318760039|759010
9.435181318760039|760010
9.435181318760039|761010
9.435181318760039|762010
9.435181318760039|763010
9.435181318760039|764010
9.435181318760039|765010
9.435181318760039|766010
9.435181318760039|767010
9.435181318760039|768010
9.435181318760039|769010
9.435181318760039|770010
9.435181318760039|771010
9.435181318760039|772010
9.435181318760039|773010
9.435181318760039|774010
9.435181318760039|775010
9.435181318760039|776010
9.435181318760039|777010
9.435181318760039|778010
9.435181318760039|779010
9.435181318760039|780010
9.435181318760039|781010
9.435181318760039|782010
9.435181318760039|783010
9.435181318760039|784010
9.435181318760039|785010
9.435181318760039|786010
9.435181318760039|787010
9.435181318760039|788010
9.435181318760039|789010
9.435181318760039|790010
9.435181318760039|791010
9.435181318760039|792010
9.435181318760039|793010
9.435181318760039|794010
9.435181318760039|795010
9.435181318760039|796010
9.435181318760039|797010
9.435181318760039|798010
9.435181318760039|799010
9.435181318760039|800010
9.435181318760039|801010
9.435181318760039|802010
9.435181318760039|803010
9.435181318760039|804010
9.435181318760039|805010
9.435181318760039|806010
9.435181318760039|807010
9.435181318760039|808010
9.435181318760039|809010
9.435181318760039|810010
9.435181318760039|811010
9.435181318760039|812010
9.435181318760039|813010
9.435181318760039|814010
9.435181318760039|815010
9.435181318760039|816010
9.435181318760039|817010
9.435181318760039|818010
9.435181318760039|819010
9.435181318760039|820010
9.435181318760039|821010
9.435181318760039|822010
9.435181318760039|823010
9.435181318760039|824010
9.435181318760039|825010
9.435181318760039|826010
9.435181318760039|827010
9.435181318760039|828010
9.435181318760039|829010
9.435181318760039|830010
9.435181318760039|831010
9.435181318760039|832010
9.435181318760039|833010
9.435181318760039|834010
9.435181318760039|835010
9.435181318760039|836010
9.435181318760039|837010
9.435181318760039|838010
9.435181318760039|839010
9.435181318760039|840010
9.435181318760039|841010
9.435181318760039|842010
9.435181318760039|843010
9.435181318760039|844010
9.435181318760039|845010
9.435181318760039|846010
9.435181318760039|847010
9.435181318760039|848010
9.435181318760039|849010
9.435181318760039|850010
9.435181318760039|851010
9.435181318760039|852010
9.435181318760039|853010
9.435181318760039|854010
9.435181318760039|855010
9.435181318760039|856010
9.435181318760039|857010
9.435181318760039|858010
9.435181318760039|859010
9.435181318760039|860010
9.435181318760039|861010
9.435181318760039|862010
9.435181318760039|863010
9.435181318760039|864010
9.435181318760039|865010
9.435181318760039|866010
9.435181318760039|867010
9.435181318760039|868010
9.435181318760039|869010
9.435181318760039|870010
9.435181318760039|871010
9.435181318760039|872010
9.435181318760039|873010
9.435181318760039|874010
9.435181318760039|875010
9.435181318760039|876010
9.435181318760039|877010
9.435181318760039|878010
9.435181318760039|879010
9.435181318760039|880010
9.435181318760039|881010
9.435181318760039|882010
9.435181318760039|883010
9.435181318760039|884010
9.435181318760039|885010
9.435181318760039|886010
9.435181318760039|887010
9.435181318760039|888010
9.435181318760039|889010
9.435181318760039|890010
9.435181318760039|891010
9.435181318760039|892010
9.435181318760039|893010
9.435181318760039|894010
9.435181318760039|895010
9.435181318760039|896010
9.435181318760039|897010
9.435181318760039|898010
9.435181318760039|899010
9.435181318760039|900010
9.435181318760039|901010
9.435181318760039|902010
9.435181318760039|903010
9.435181318760039|904010
9.435181318760039|905010
9.435181318760039|906010
9.435181318760039|907010
9.435181318760039|908010
9.435181318760039|909010
9.435181318760039|910010
9.435181318760039|911010
9.435181318760039|912010
9.435181318760039|913010
9.435181318760039|914010
9.435181318760039|915010
9.435181318760039|916010
9.435181318760039|917010
9.435181318760039|918010
9.435181318760039|919010
9.435181318760039|920010
9.435181318760039|921010
9.435181318760039|922010
9.435181318760039|923010
9.435181318760039|924010
9.435181318760039|925010
9.435181318760039|926010
9.435181318760039|927010
9.435181318760039|928010
9.435181318760039|929010
9.435181318760039|930010
9.435181318760039|931010
9.435181318760039|932010
9.435181318760039|933010
9.435181318760039|934010
9.435181318760039|935010
9.435181318760039|936010
9.435181318760039|937010
9.435181318760039|938010
9.435181318760039|939010
9.435181318760039|940010
9.435181318760039|941010
9.435181318760039|942010
9.435181318760039|943010
9.435181318760039|944010
9.435181318760039|945010
9.435181318760039|946010
9.435181318760039|947010
9.435181318760039|948010
9.435181318760039|949010
9.435181318760039|950010
9.435181318760039|951010
9.435181318760039|952010
9.435181318760039|953010
9.435181318760039|954010
9.435181318760039|955010
9.435181318760039|956010
9.435181318760039|957010
9.435181318760039|958010
9.435181318760039|959010
9.435181318760039|960010
9.435181318760039|961010
9.435181318760039|962010
9.435181318760039|963010
9.435181318760039|964010
9.435181318760039|965010
9.435181318760039|966010
9.435181318760039|967010
9.435181318760039|968010
9.435181318760039|969010
9.435181318760039|970010
9.435181318760039|971010
9.435181318760039|972010
9.435181318760039|973010
9.435181318760039|974010
9.435181318760039|975010
9.435181318760039|976010
9.435181318760039|977010
9.435181318760039|978010
9.435181318760039|979010
9.435181318760039|980010
9.435181318760039|981010
9.435181318760039|982010
9.435181318760039|983010
9.435181318760039|984010
9.435181318760039|985010
9.435181318760039|986010
9.435181318760039|987010
9.435181318760039|988010
9.435181318760039|989010
9.435181318760039|990010
9.435181318760039|991010
9.435181318760039|992010
9.435181318760039|993010
9.435181318760039|994010
9.435181318760039|995010
9.435181318760039|996010
9.435181318760039|997010
9.435181318760039|998010
9.435181318760039|999010
9.435181318760039|1000010
