22.17457561687559|2000
21.850087011777646|3000
20.939211427522903|4000
20.433609368158436|5000
20.188055540946845|6000
19.237167553726113|7000
19.237167553726113|8000
18.770576324518938|9000
18.770576324518938|10000
18.356775178830773|11000
17.792778125833017|12000
17.384911292060448|13000
17.384911292060448|14000
16.960516312321513|15000
16.486510204390807|16000
16.368079648006876|17000
16.2616701291804|18000
16.04502821415734|19000
15.950546206753176|20000
15.32396450173318|21000
15.32396450173318|22000
15.173131144021035|23000
15.128753119344758|24000
14.63953854521928|25000
14.63953854521928|26000
14.492394594910072|27000
14.205915912736314|28000
13.998743669524536|29000
13.808197062467483|30000
13.808197062467483|31000
13.588329254901032|32000
13.588329254901032|33000
13.468148650556419|34000
13.328102380517624|35000
13.328102380517624|36000
13.252308988681918|37000
12.696187276482851|38000
12.696187276482851|39000
12.696187276482851|40000
12.46743809944594|41000
12.46743809944594|42000
12.422582174105134|43000
12.094909226604338|44000
12.094909226604338|45000
12.094909226604338|46000
12.094909226604338|47000
11.778071568601773|48000
11.638893576714802|49000
11.638893576714802|50000
11.593492912231909|51000
11.525495110981016|52000
11.525495110981016|53000
11.513706343017784|54000
11.332900878656355|55000
11.191651173074762|56000
10.939267209198368|57000
10.939267209198368|58000
10.924263169333273|59000
10.863912345093645|60000
10.863912345093645|61000
10.857270338294608|62000
10.709312198918374|63000
10.709312198918374|64000
10.705194066755427|65000
10.673245205446248|66000
10.522193697888195|67000
10.522193697888195|68000
10.507187917784611|69000
10.437008712446655|70000
10.437008712446655|71000
10.37112322436316|72000
10.311032100066786|73000
10.289997157498807|74000
10.272511737974469|75000
10.198885371721564|76000
10.173759144163114|77000
10.160741672551403|78000
10.159350849627899|79000
10.058947649852563|80000
10.003193454555896|81000
10.003193454555896|82000
9.940149762681886|83000
9.820975193640164|84000
9.820975193640164|85000
9.785462687444893|86000
9.785462687444893|87000
9.753710929267518|88000
9.737328385344446|89000
9.737328385344446|90000
9.698063140767625|91000
9.682633432027952|92000
9.676701985191452|93000
9.52010154778629|94000
9.52010154778629|95000
9.453150343762024|96000
9.453150343762024|97000
9.436023091287808|98000
9.436023091287808|99000
9.412227960095464|100000
9.335604714856922|101000
9.304936621944677|102000
9.28725519964576|103000
9.258704840672092|104000
9.258704840672092|105000
9.169709570740656|106000
9.169709570740656|107000
9.167010460038858|108000
9.0937320955328|109000
9.0937320955328|110000
9.0937320955328|111000
9.093513212327563|112000
9.093513212327563|113000
9.082788327120882|114000
9.003988028819618|115000
9.003988028819618|116000
9.003988028819618|117000
9.003988028819618|118000
8.851640593003442|119000
8.851640593003442|120000
8.838955587263625|121000
8.838955587263625|122000
8.838649033103911|123000
8.759932089834145|124000
8.759932089834145|125000
8.759932089834145|126000
8.733978477491299|127000
8.733978477491299|128000
8.730471809353778|129000
8.730471809353778|130000
8.716001656545057|131000
8.716001656545057|132000
8.642269974322003|133000
8.642269974322003|134000
8.642269974322003|135000
8.56352646621108|136000
8.56352646621108|137000
8.56352646621108|138000
8.523270350083438|139000
8.523270350083438|140000
8.523270350083438|141000
8.493810069603072|142000
8.493810069603072|143000
8.493810069603072|144000
8.493810069603072|145000
8.493810069603072|146000
8.493810069603072|147000
8.464686895450171|148000
8.464686895450171|149000
8.464686895450171|150000
8.464686895450171|151000
8.464686895450171|152000
8.464686895450171|153000
8.462628163141833|154000
8.454342500468584|155000
8.450253755205784|156000
8.450253755205784|157000
8.450253755205784|158000
8.450253755205784|159000
8.445085609517374|160000
8.445085609517374|161000
8.440996864254574|162000
8.440996864254574|163000
8.439909360224199|164000
8.431294706605474|165000
8.431294706605474|166000
8.430652469272989|167000
8.430652469272989|168000
8.430652469272989|169000
8.430652469272989|170000
8.430652469272989|171000
8.429235974297136|172000
8.420950311623889|173000
8.407279034517183|174000
8.407279034517183|175000
8.407279034517183|176000
8.407279034517183|177000
8.407279034517183|178000
8.407279034517183|179000
8.405220302208845|180000
8.405220302208845|181000
8.405220302208845|182000
8.405220302208845|183000
8.400646786890361|184000
8.400646786890361|185000
8.395963411257634|186000
8.395963411257634|187000
8.39487590722726|188000
8.39487590722726|189000
8.39487590722726|190000
8.39487590722726|191000
8.387677748584387|192000
8.385619016276049|193000
8.385619016276049|194000
8.385619016276049|195000
8.385619016276049|196000
8.385619016276049|197000
8.378986768649227|198000
8.378986768649227|199000
8.378986768649227|200000
8.378986768649227|201000
8.378643843321601|202000
8.378643843321601|203000
8.378643843321601|204000
8.378643843321601|205000
8.372144982374948|206000
8.372144982374948|207000
8.372144982374948|208000
8.372144982374948|209000
8.372144982374948|210000
8.372144982374948|211000
8.372144982374948|212000
8.254724871018242|213000
8.254724871018242|214000
8.254724871018242|215000
8.125237577598659|216000
8.125237577598659|217000
8.125237577598659|218000
8.125237577598659|219000
8.125237577598659|220000
8.12494277234488|221000
8.12494277234488|222000
8.12494277234488|223000
8.050619701487514|224000
8.050619701487514|225000
8.04883883256841|226000
8.04883883256841|227000
8.021461025546676|228000
8.021461025546676|229000
8.021461025546676|230000
8.021461025546676|231000
8.021461025546676|232000
8.021461025546676|233000
8.006958519807185|234000
8.006958519807185|235000
8.006958519807185|236000
8.006958519807185|237000
7.883926531847479|238000
7.883926531847479|239000
7.883926531847479|240000
7.883926531847479|241000
7.883926531847479|242000
7.869718831361765|243000
7.869718831361765|244000
7.869718831361765|245000
7.869718831361765|246000
7.869718831361765|247000
7.869718831361765|248000
7.869718831361765|249000
7.869718831361765|250000
7.869718831361765|251000
7.860832275158814|252000
7.860832275158814|253000
7.858773542850476|254000
7.858773542850476|255000
7.858773542850476|256000
7.858773542850476|257000
7.858773542850476|258000
7.858773542850476|259000
7.858773542850476|260000
7.858773542850476|261000
7.858773542850476|262000
7.858773542850476|263000
7.858773542850476|264000
7.858773542850476|265000
7.858773542850476|266000
7.858773542850476|267000
7.858773542850476|268000
7.858773542850476|269000
7.858773542850476|270000
7.858773542850476|271000
7.858773542850476|272000
7.858773542850476|273000
7.858773542850476|274000
7.858773542850476|275000
7.858773542850476|276000
7.858773542850476|277000
7.858773542850476|278000
7.858773542850476|279000
7.858773542850476|280000
7.858773542850476|281000
7.858773542850476|282000
7.858773542850476|283000
7.858773542850476|284000
7.858773542850476|285000
7.858773542850476|286000
7.858773542850476|287000
7.858773542850476|288000
7.858773542850476|289000
7.858773542850476|290000
7.858773542850476|291000
7.858773542850476|292000
7.858773542850476|293000
7.858773542850476|294000
7.858773542850476|295000
7.858773542850476|296000
7.858773542850476|297000
7.858773542850476|298000
7.858773542850476|299000
7.858773542850476|300000
7.858773542850476|301000
7.858773542850476|302000
7.858773542850476|303000
7.858773542850476|304000
7.858773542850476|305000
7.858773542850476|306000
7.858773542850476|307000
7.858773542850476|308000
7.858773542850476|309000
7.858773542850476|310000
7.858773542850476|311000
7.858773542850476|312000
7.858773542850476|313000
7.858773542850476|314000
7.858773542850476|315000
7.858773542850476|316000
7.858773542850476|317000
7.858773542850476|318000
7.858773542850476|319000
7.858773542850476|320000
7.858773542850476|321000
7.858773542850476|322000
7.858773542850476|323000
7.858773542850476|324000
7.858773542850476|325000
7.858773542850476|326000
7.858773542850476|327000
7.858773542850476|328000
7.858773542850476|329000
7.858773542850476|330000
7.858773542850476|331000
7.858773542850476|332000
7.858773542850476|333000
7.858773542850476|334000
7.858773542850476|335000
7.858773542850476|336000
7.858773542850476|337000
7.858773542850476|338000
7.858773542850476|339000
7.858773542850476|340000
7.858773542850476|341000
7.858773542850476|342000
7.858773542850476|343000
7.858773542850476|344000
7.858773542850476|345000
7.858773542850476|346000
7.858773542850476|347000
7.858773542850476|348000
7.858773542850476|349000
7.858773542850476|350000
7.858773542850476|351000
7.858773542850476|352000
7.858773542850476|353000
7.858773542850476|354000
7.858773542850476|355000
7.858773542850476|356000
7.858773542850476|357000
7.858773542850476|358000
7.858773542850476|359000
7.858773542850476|360000
7.858773542850476|361000
7.858773542850476|362000
7.858773542850476|363000
7.858773542850476|364000
7.858773542850476|365000
7.858773542850476|366000
7.858773542850476|367000
7.858773542850476|368000
7.858773542850476|369000
7.858773542850476|370000
7.858773542850476|371000
7.858773542850476|372000
7.858773542850476|373000
7.858773542850476|374000
7.858773542850476|375000
7.858773542850476|376000
7.858773542850476|377000
7.858773542850476|378000
7.858773542850476|379000
7.858773542850476|380000
7.858773542850476|381000
7.858773542850476|382000
7.858773542850476|383000
7.858773542850476|384000
7.858773542850476|385000
7.858773542850476|386000
7.858773542850476|387000
7.858773542850476|388000
7.858773542850476|389000
7.858773542850476|390000
7.858773542850476|391000
7.858773542850476|392000
7.858773542850476|393000
7.858773542850476|394000
7.858773542850476|395000
7.858773542850476|396000
7.858773542850476|397000
7.858773542850476|398000
7.858773542850476|399000
7.858773542850476|400000
7.858773542850476|401000
7.858773542850476|402000
7.858773542850476|403000
7.858773542850476|404000
7.858773542850476|405000
7.858773542850476|406000
7.858773542850476|407000
7.858773542850476|408000
7.858773542850476|409000
7.858773542850476|410000
7.858773542850476|411000
7.858773542850476|412000
7.858773542850476|413000
7.858773542850476|414000
7.858773542850476|415000
7.858773542850476|416000
7.858773542850476|417000
7.858773542850476|418000
7.858773542850476|419000
7.858773542850476|420000
7.858773542850476|421000
7.858773542850476|422000
7.858773542850476|423000
7.858773542850476|424000
7.858773542850476|425000
7.858773542850476|426000
7.858773542850476|427000
7.858773542850476|428000
7.858773542850476|429000
7.858773542850476|430000
7.858773542850476|431000
7.858773542850476|432000
7.858773542850476|433000
7.858773542850476|434000
7.858773542850476|435000
7.858773542850476|436000
7.858773542850476|437000
7.858773542850476|438000
7.858773542850476|439000
7.858773542850476|440000
7.858773542850476|441000
7.858773542850476|442000
7.858773542850476|443000
7.858773542850476|444000
7.858773542850476|445000
7.858773542850476|446000
7.858773542850476|447000
7.858773542850476|448000
7.858773542850476|449000
7.858773542850476|450000
7.858773542850476|451000
7.858773542850476|452000
7.858773542850476|453000
7.858773542850476|454000
7.858773542850476|455000
7.858773542850476|456000
7.858773542850476|457000
7.858773542850476|458000
7.858773542850476|459000
7.858773542850476|460000
7.858773542850476|461000
7.858773542850476|462000
7.858773542850476|463000
7.858773542850476|464000
7.858773542850476|465000
7.858773542850476|466000
7.858773542850476|467000
7.858773542850476|468000
7.858773542850476|469000
7.858773542850476|470000
7.858773542850476|471000
7.858773542850476|472000
7.858773542850476|473000
7.858773542850476|474000
7.858773542850476|475000
7.858773542850476|476000
7.858773542850476|477000
7.858773542850476|478000
7.858773542850476|479000
7.858773542850476|480000
7.858773542850476|481000
7.858773542850476|482000
7.858773542850476|483000
7.858773542850476|484000
7.858773542850476|485000
7.858773542850476|486000
7.858773542850476|487000
7.858773542850476|488000
7.858773542850476|489000
7.858773542850476|490000
7.858773542850476|491000
7.858773542850476|492000
7.858773542850476|493000
7.858773542850476|494000
7.858773542850476|495000
7.858773542850476|496000
7.858773542850476|497000
7.858773542850476|498000
7.858773542850476|499000
7.858773542850476|500000
7.858773542850476|501000
7.858773542850476|502000
7.858773542850476|503000
7.858773542850476|504000
7.858773542850476|505000
7.858773542850476|506000
7.858773542850476|507000
7.858773542850476|508000
7.858773542850476|509000
7.858773542850476|510000
7.858773542850476|511000
7.858773542850476|512000
7.858773542850476|513000
7.858773542850476|514000
7.858773542850476|515000
7.858773542850476|516000
7.858773542850476|517000
7.858773542850476|518000
7.858773542850476|519000
7.858773542850476|520000
7.858773542850476|521000
7.858773542850476|522000
7.858773542850476|523000
7.858773542850476|524000
7.858773542850476|525000
7.858773542850476|526000
7.858773542850476|527000
7.858773542850476|528000
7.858773542850476|529000
7.858773542850476|530000
7.858773542850476|531000
7.858773542850476|532000
7.858773542850476|533000
7.858773542850476|534000
7.858773542850476|535000
7.858773542850476|536000
7.858773542850476|537000
7.858773542850476|538000
7.858773542850476|539000
7.858773542850476|540000
7.858773542850476|541000
7.858773542850476|542000
7.858773542850476|543000
7.858773542850476|544000
7.858773542850476|545000
7.858773542850476|546000
7.858773542850476|547000
7.858773542850476|548000
7.858773542850476|549000
7.858773542850476|550000
7.858773542850476|551000
7.858773542850476|552000
7.858773542850476|553000
7.858773542850476|554000
7.858773542850476|555000
7.858773542850476|556000
7.858773542850476|557000
7.858773542850476|558000
7.858773542850476|559000
7.858773542850476|560000
7.858773542850476|561000
7.858773542850476|562000
7.858773542850476|563000
7.858773542850476|564000
7.858773542850476|565000
7.858773542850476|566000
7.858773542850476|567000
7.858773542850476|568000
7.858773542850476|569000
7.858773542850476|570000
7.858773542850476|571000
7.858773542850476|572000
7.858773542850476|573000
7.858773542850476|574000
7.858773542850476|575000
7.858773542850476|576000
7.858773542850476|577000
7.858773542850476|578000
7.858773542850476|579000
7.858773542850476|580000
7.858773542850476|581000
7.858773542850476|582000
7.858773542850476|583000
7.858773542850476|584000
7.858773542850476|585000
7.858773542850476|586000
7.858773542850476|587000
7.858773542850476|588000
7.858773542850476|589000
7.858773542850476|590000
7.858773542850476|591000
7.858773542850476|592000
7.858773542850476|593000
7.858773542850476|594000
7.858773542850476|595000
7.858773542850476|596000
7.858773542850476|597000
7.858773542850476|598000
7.858773542850476|599000
7.858773542850476|600000
7.858773542850476|601000
7.858773542850476|602000
7.858773542850476|603000
7.858773542850476|604000
7.858773542850476|605000
7.858773542850476|606000
7.858773542850476|607000
7.858773542850476|608000
7.858773542850476|609000
7.858773542850476|610000
7.858773542850476|611000
7.858773542850476|612000
7.858773542850476|613000
7.858773542850476|614000
7.858773542850476|615000
7.858773542850476|616000
7.858773542850476|617000
7.858773542850476|618000
7.858773542850476|619000
7.858773542850476|620000
7.858773542850476|621000
7.858773542850476|622000
7.858773542850476|623000
7.858773542850476|624000
7.858773542850476|625000
7.858773542850476|626000
7.858773542850476|627000
7.858773542850476|628000
7.858773542850476|629000
7.858773542850476|630000
7.858773542850476|631000
7.858773542850476|632000
7.858773542850476|633000
7.858773542850476|634000
7.858773542850476|635000
7.858773542850476|636000
7.858773542850476|637000
7.858773542850476|638000
7.858773542850476|639000
7.858773542850476|640000
7.858773542850476|641000
7.858773542850476|642000
7.858773542850476|643000
7.858773542850476|644000
7.858773542850476|645000
7.858773542850476|646000
7.858773542850476|647000
7.858773542850476|648000
7.858773542850476|649000
7.858773542850476|650000
7.858773542850476|651000
7.858773542850476|652000
7.858773542850476|653000
7.858773542850476|654000
7.858773542850476|655000
7.858773542850476|656000
7.858773542850476|657000
7.858773542850476|658000
7.858773542850476|659000
7.858773542850476|660000
7.858773542850476|661000
7.858773542850476|662000
7.858773542850476|663000
7.858773542850476|664000
7.858773542850476|665000
7.858773542850476|666000
7.858773542850476|667000
7.858773542850476|668000
7.858773542850476|669000
7.858773542850476|670000
7.858773542850476|671000
7.858773542850476|672000
7.858773542850476|673000
7.858773542850476|674000
7.858773542850476|675000
7.858773542850476|676000
7.858773542850476|677000
7.858773542850476|678000
7.858773542850476|679000
7.858773542850476|680000
7.858773542850476|681000
7.858773542850476|682000
7.858773542850476|683000
7.858773542850476|684000
7.858773542850476|685000
7.858773542850476|686000
7.858773542850476|687000
7.858773542850476|688000
7.858773542850476|689000
7.858773542850476|690000
7.858773542850476|691000
7.858773542850476|692000
7.858773542850476|693000
7.858773542850476|694000
7.858773542850476|695000
7.858773542850476|696000
7.858773542850476|697000
7.858773542850476|698000
7.858773542850476|699000
7.858773542850476|700000
7.858773542850476|701000
7.858773542850476|702000
7.858773542850476|703000
7.858773542850476|704000
7.858773542850476|705000
7.858773542850476|706000
7.858773542850476|707000
7.858773542850476|708000
7.858773542850476|709000
7.858773542850476|710000
7.858773542850476|711000
7.858773542850476|712000
7.858773542850476|713000
7.858773542850476|714000
7.858773542850476|715000
7.858773542850476|716000
7.858773542850476|717000
7.858773542850476|718000
7.858773542850476|719000
7.858773542850476|720000
7.858773542850476|721000
7.858773542850476|722000
7.858773542850476|723000
7.858773542850476|724000
7.858773542850476|725000
7.858773542850476|726000
7.858773542850476|727000
7.858773542850476|728000
7.858773542850476|729000
7.858773542850476|730000
7.858773542850476|731000
7.858773542850476|732000
7.858773542850476|733000
7.858773542850476|734000
7.858773542850476|735000
7.858773542850476|736000
7.858773542850476|737000
7.858773542850476|738000
7.858773542850476|739000
7.858773542850476|740000
7.858773542850476|741000
7.858773542850476|742000
7.858773542850476|743000
7.858773542850476|744000
7.858773542850476|745000
7.858773542850476|746000
7.858773542850476|747000
7.858773542850476|748000
7.858773542850476|749000
7.858773542850476|750000
7.858773542850476|751000
7.858773542850476|752000
7.858773542850476|753000
7.858773542850476|754000
7.858773542850476|755000
7.858773542850476|756000
7.858773542850476|757000
7.858773542850476|758000
7.858773542850476|759000
7.858773542850476|760000
7.858773542850476|761000
7.858773542850476|762000
7.858773542850476|763000
7.858773542850476|764000
7.858773542850476|765000
7.858773542850476|766000
7.858773542850476|767000
7.858773542850476|768000
7.858773542850476|769000
7.858773542850476|770000
7.858773542850476|771000
7.858773542850476|772000
7.858773542850476|773000
7.858773542850476|774000
7.858773542850476|775000
7.858773542850476|776000
7.858773542850476|777000
7.858773542850476|778000
7.858773542850476|779000
7.858773542850476|780000
7.858773542850476|781000
7.858773542850476|782000
7.858773542850476|783000
7.858773542850476|784000
7.858773542850476|785000
7.858773542850476|786000
7.858773542850476|787000
7.858773542850476|788000
7.858773542850476|789000
7.858773542850476|790000
7.858773542850476|791000
7.858773542850476|792000
7.858773542850476|793000
7.858773542850476|794000
7.858773542850476|795000
7.858773542850476|796000
7.858773542850476|797000
7.858773542850476|798000
7.858773542850476|799000
7.858773542850476|800000
7.858773542850476|801000
7.858773542850476|802000
7.858773542850476|803000
7.858773542850476|804000
7.858773542850476|805000
7.858773542850476|806000
7.858773542850476|807000
7.858773542850476|808000
7.858773542850476|809000
7.858773542850476|810000
7.858773542850476|811000
7.858773542850476|812000
7.858773542850476|813000
7.858773542850476|814000
7.858773542850476|815000
7.858773542850476|816000
7.858773542850476|817000
7.858773542850476|818000
7.858773542850476|819000
7.858773542850476|820000
7.858773542850476|821000
7.858773542850476|822000
7.858773542850476|823000
7.858773542850476|824000
7.858773542850476|825000
7.858773542850476|826000
7.858773542850476|827000
7.858773542850476|828000
7.858773542850476|829000
7.858773542850476|830000
7.858773542850476|831000
7.858773542850476|832000
7.858773542850476|833000
7.858773542850476|834000
7.858773542850476|835000
7.858773542850476|836000
7.858773542850476|837000
7.858773542850476|838000
7.858773542850476|839000
7.858773542850476|840000
7.858773542850476|841000
7.858773542850476|842000
7.858773542850476|843000
7.858773542850476|844000
7.858773542850476|845000
7.858773542850476|846000
7.858773542850476|847000
7.858773542850476|848000
7.858773542850476|849000
7.858773542850476|850000
7.858773542850476|851000
7.858773542850476|852000
7.858773542850476|853000
7.858773542850476|854000
7.858773542850476|855000
7.858773542850476|856000
7.858773542850476|857000
7.858773542850476|858000
7.858773542850476|859000
7.858773542850476|860000
7.858773542850476|861000
7.858773542850476|862000
7.858773542850476|863000
7.858773542850476|864000
7.858773542850476|865000
7.858773542850476|866000
7.858773542850476|867000
7.858773542850476|868000
7.858773542850476|869000
7.858773542850476|870000
7.858773542850476|871000
7.858773542850476|872000
7.858773542850476|873000
7.858773542850476|874000
7.858773542850476|875000
7.858773542850476|876000
7.858773542850476|877000
7.858773542850476|878000
7.858773542850476|879000
7.858773542850476|880000
7.858773542850476|881000
7.858773542850476|882000
7.858773542850476|883000
7.858773542850476|884000
7.858773542850476|885000
7.858773542850476|886000
7.858773542850476|887000
7.858773542850476|888000
7.858773542850476|889000
7.858773542850476|890000
7.858773542850476|891000
7.858773542850476|892000
7.858773542850476|893000
7.858773542850476|894000
7.858773542850476|895000
7.858773542850476|896000
7.858773542850476|897000
7.858773542850476|898000
7.858773542850476|899000
7.858773542850476|900000
7.858773542850476|901000
7.858773542850476|902000
7.858773542850476|903000
7.858773542850476|904000
7.858773542850476|905000
7.858773542850476|906000
7.858773542850476|907000
7.858773542850476|908000
7.858773542850476|909000
7.858773542850476|910000
7.858773542850476|911000
7.858773542850476|912000
7.858773542850476|913000
7.858773542850476|914000
7.858773542850476|915000
7.858773542850476|916000
7.858773542850476|917000
7.858773542850476|918000
7.858773542850476|919000
7.858773542850476|920000
7.858773542850476|921000
7.858773542850476|922000
7.858773542850476|923000
7.858773542850476|924000
7.858773542850476|925000
7.858773542850476|926000
7.858773542850476|927000
7.858773542850476|928000
7.858773542850476|929000
7.858773542850476|930000
7.858773542850476|931000
7.858773542850476|932000
7.858773542850476|933000
7.858773542850476|934000
7.858773542850476|935000
7.858773542850476|936000
7.858773542850476|937000
7.858773542850476|938000
7.858773542850476|939000
7.858773542850476|940000
7.858773542850476|941000
7.858773542850476|942000
7.858773542850476|943000
7.858773542850476|944000
7.858773542850476|945000
7.858773542850476|946000
7.858773542850476|947000
7.858773542850476|948000
7.858773542850476|949000
7.858773542850476|950000
7.858773542850476|951000
7.858773542850476|952000
7.858773542850476|953000
7.858773542850476|954000
7.858773542850476|955000
7.858773542850476|956000
7.858773542850476|957000
7.858773542850476|958000
7.858773542850476|959000
7.858773542850476|960000
7.858773542850476|961000
7.858773542850476|962000
7.858773542850476|963000
7.858773542850476|964000
7.858773542850476|965000
7.858773542850476|966000
7.858773542850476|967000
7.858773542850476|968000
7.858773542850476|969000
7.858773542850476|970000
7.858773542850476|971000
7.858773542850476|972000
7.858773542850476|973000
7.858773542850476|974000
7.858773542850476|975000
7.858773542850476|976000
7.858773542850476|977000
7.858773542850476|978000
7.858773542850476|979000
7.858773542850476|980000
7.858773542850476|981000
7.858773542850476|982000
7.858773542850476|983000
7.858773542850476|984000
7.858773542850476|985000
7.858773542850476|986000
7.858773542850476|987000
7.858773542850476|988000
7.858773542850476|989000
7.858773542850476|990000
7.858773542850476|991000
7.858773542850476|992000
7.858773542850476|993000
7.858773542850476|994000
7.858773542850476|995000
7.858773542850476|996000
7.858773542850476|997000
7.858773542850476|998000
7.858773542850476|999000
7.858773542850476|1000000
