21.785646656742788|2000
21.468909076809183|3000
21.247490918711833|4000
20.99238398158029|5000
20.126314246898737|6000
19.903442383626775|7000
19.574387428357568|8000
19.27517550909091|9000
18.786544578877255|10000
18.786544578877255|11000
18.272050244473363|12000
18.057817637297727|13000
17.92061239052373|14000
16.583637623767956|15000
16.583637623767956|16000
16.412106231651258|17000
16.412106231651258|18000
16.203375458142947|19000
15.858487423631608|20000
15.858487423631608|21000
15.622752953705797|22000
15.411792393089579|23000
15.233305083485595|24000
14.85539454077958|25000
14.85539454077958|26000
14.619665395840798|27000
14.619665395840798|28000
14.291778345277038|29000
14.291778345277038|30000
14.20845393642809|31000
13.513568667391368|32000
13.513568667391368|33000
13.476955310209181|34000
13.476955310209181|35000
13.09045507588528|36000
13.019362157920687|37000
13.019362157920687|38000
12.825650548926646|39000
12.825650548926646|40000
12.694002703424852|41000
12.694002703424852|42000
12.35083900206468|43000
12.205161039900606|44000
12.205161039900606|45000
12.205161039900606|46000
12.110960090151252|47000
12.062966890301606|48000
11.927416308639016|49000
11.747507127219908|50000
11.626274205113322|51000
11.451491279554723|52000
11.451491279554723|53000
11.451491279554723|54000
11.380699108097044|55000
11.380699108097044|56000
11.179165452518461|57000
11.153432038142794|58000
10.950926082176688|59000
10.950926082176688|60000
10.839156016753618|61000
10.756448373114367|62000
10.756448373114367|63000
10.52725012973532|64000
10.52725012973532|65000
10.434034641536428|66000
10.434034641536428|67000
10.304791011397688|68000
10.304791011397688|69000
10.304791011397688|70000
10.285537597433862|71000
10.285537597433862|72000
10.223805318605931|73000
10.223805318605931|74000
10.061676305541194|75000
10.061676305541194|76000
10.061676305541194|77000
10.061676305541194|78000
10.061676305541194|79000
9.945410591306976|80000
9.945410591306976|81000
9.867198596478875|82000
9.867198596478875|83000
9.779591251752144|84000
9.779591251752144|85000
9.779591251752144|86000
9.588803869179918|87000
9.588803869179918|88000
9.588803869179918|89000
9.588803869179918|90000
9.588803869179918|91000
9.588803869179918|92000
9.509665209496356|93000
9.482073452812823|94000
9.422984529625086|95000
9.422984529625086|96000
9.379280636290659|97000
9.379280636290659|98000
9.343845869941525|99000
9.316254113257992|100000
9.314017427558019|101000
9.270313534223591|102000
9.270313534223591|103000
9.270313534223591|104000
9.270313534223591|105000
9.181968760963343|106000
9.181968760963343|107000
9.181968760963343|108000
9.181968760963343|109000
9.181968760963343|110000
9.181968760963343|111000
9.181968760963343|112000
9.162717331574827|113000
9.162717331574827|114000
9.07523834459625|115000
9.07523834459625|116000
9.07523834459625|117000
9.07523834459625|118000
9.066154932922448|119000
9.05238373272049|120000
9.05238373272049|121000
9.05238373272049|122000
9.05238373272049|123000
9.05238373272049|124000
8.974280728573973|125000
8.93921686071303|126000
8.93921686071303|127000
8.93921686071303|128000
8.93921686071303|129000
8.93921686071303|130000
8.917357758005043|131000
8.917357758005043|132000
8.903695471125621|133000
8.89859912090024|134000
8.832486444345935|135000
8.810627341637947|136000
8.810627341637947|137000
8.810627341637947|138000
8.810627341637947|139000
8.810627341637947|140000
8.810627341637947|141000
8.810627341637947|142000
8.810627341637947|143000
8.797359370950094|144000
8.784362843001752|145000
8.784362843001752|146000
8.784362843001752|147000
8.778107941561577|148000
8.778107941561577|149000
8.754080079298054|150000
8.752168656862898|151000
8.746183213586926|152000
8.746183213586926|153000
8.746183213586926|154000
8.745033970822222|155000
8.733720494606947|156000
8.733720494606947|157000
8.732917227474383|158000
8.732915242899074|159000
8.732915242899074|160000
8.728678221656752|161000
8.728678221656752|162000
8.720452523919095|163000
8.720452523919095|164000
8.720452523919095|165000
8.720452523919095|166000
8.720452523919095|167000
8.70119910995527|168000
8.70119910995527|169000
8.70119910995527|170000
8.644086986765968|171000
8.644086986765968|172000
8.644086986765968|173000
8.644086986765968|174000
8.644086986765968|175000
8.635040878290136|176000
8.635040878290136|177000
8.635040878290136|178000
8.635040878290136|179000
8.624833572802144|180000
8.617375840830599|181000
8.617375840830599|182000
8.615860695739181|183000
8.615787464326312|184000
8.615787464326312|185000
8.615787464326312|186000
8.615787464326312|187000
8.608329732354767|188000
8.608329732354767|189000
8.608329732354767|190000
8.608329732354767|191000
8.608329732354767|192000
8.608329732354767|193000
8.608329732354767|194000
8.608329732354767|195000
8.608329732354767|196000
8.608329732354767|197000
8.608329732354767|198000
8.608329732354767|199000
8.608329732354767|200000
8.608329732354767|201000
8.608329732354767|202000
8.608329732354767|203000
8.608329732354767|204000
8.608329732354767|205000
8.608329732354767|206000
8.608329732354767|207000
8.608329732354767|208000
8.608329732354767|209000
8.608329732354767|210000
8.608329732354767|211000
8.608329732354767|212000
8.608329732354767|213000
8.608329732354767|214000
8.608329732354767|215000
8.608329732354767|216000
8.608329732354767|217000
8.608329732354767|218000
8.608329732354767|219000
8.608329732354767|220000
8.608329732354767|221000
8.608329732354767|222000
8.608329732354767|223000
8.608329732354767|224000
8.608329732354767|225000
8.608329732354767|226000
8.608329732354767|227000
8.608329732354767|228000
8.608329732354767|229000
8.608329732354767|230000
8.608329732354767|231000
8.608329732354767|232000
8.608329732354767|233000
8.608329732354767|234000
8.608329732354767|235000
8.608329732354767|236000
8.608329732354767|237000
8.608329732354767|238000
8.608329732354767|239000
8.608329732354767|240000
8.608329732354767|241000
8.608329732354767|242000
8.608329732354767|243000
8.608329732354767|244000
8.608329732354767|245000
8.608329732354767|246000
8.608329732354767|247000
8.608329732354767|248000
8.608329732354767|249000
8.608329732354767|250000
8.608329732354767|251000
8.608329732354767|252000
8.608329732354767|253000
8.608329732354767|254000
8.608329732354767|255000
8.608329732354767|256000
8.608329732354767|257000
8.608329732354767|258000
8.608329732354767|259000
8.608329732354767|260000
8.608329732354767|261000
8.608329732354767|262000
8.608329732354767|263000
8.608329732354767|264000
8.608329732354767|265000
8.608329732354767|266000
8.608329732354767|267000
8.608329732354767|268000
8.608329732354767|269000
8.608329732354767|270000
8.608329732354767|271000
8.608329732354767|272000
8.608329732354767|273000
8.608329732354767|274000
8.608329732354767|275000
8.608329732354767|276000
8.608329732354767|277000
8.608329732354767|278000
8.608329732354767|279000
8.608329732354767|280000
8.608329732354767|281000
8.608329732354767|282000
8.608329732354767|283000
8.608329732354767|284000
8.608329732354767|285000
8.608329732354767|286000
8.608329732354767|287000
8.608329732354767|288000
8.608329732354767|289000
8.608329732354767|290000
8.608329732354767|291000
8.608329732354767|292000
8.608329732354767|293000
8.608329732354767|294000
8.608329732354767|295000
8.608329732354767|296000
8.608329732354767|297000
8.608329732354767|298000
8.608329732354767|299000
8.608329732354767|300000
8.608329732354767|301000
8.608329732354767|302000
8.608329732354767|303000
8.608329732354767|304000
8.608329732354767|305000
8.608329732354767|306000
8.608329732354767|307000
8.608329732354767|308000
8.608329732354767|309000
8.608329732354767|310000
8.608329732354767|311000
8.608329732354767|312000
8.608329732354767|313000
8.608329732354767|314000
8.608329732354767|315000
8.608329732354767|316000
8.608329732354767|317000
8.608329732354767|318000
8.608329732354767|319000
8.608329732354767|320000
8.608329732354767|321000
8.608329732354767|322000
8.608329732354767|323000
8.608329732354767|324000
8.608329732354767|325000
8.608329732354767|326000
8.608329732354767|327000
8.608329732354767|328000
8.608329732354767|329000
8.608329732354767|330000
8.608329732354767|331000
8.608329732354767|332000
8.608329732354767|333000
8.608329732354767|334000
8.608329732354767|335000
8.608329732354767|336000
8.608329732354767|337000
8.608329732354767|338000
8.608329732354767|339000
8.608329732354767|340000
8.608329732354767|341000
8.608329732354767|342000
8.608329732354767|343000
8.608329732354767|344000
8.608329732354767|345000
8.608329732354767|346000
8.608329732354767|347000
8.608329732354767|348000
8.608329732354767|349000
8.608329732354767|350000
8.608329732354767|351000
8.608329732354767|352000
8.608329732354767|353000
8.608329732354767|354000
8.608329732354767|355000
8.608329732354767|356000
8.608329732354767|357000
8.608329732354767|358000
8.608329732354767|359000
8.608329732354767|360000
8.608329732354767|361000
8.608329732354767|362000
8.608329732354767|363000
8.608329732354767|364000
8.608329732354767|365000
8.608329732354767|366000
8.608329732354767|367000
8.608329732354767|368000
8.608329732354767|369000
8.608329732354767|370000
8.608329732354767|371000
8.608329732354767|372000
8.608329732354767|373000
8.608329732354767|374000
8.608329732354767|375000
8.608329732354767|376000
8.608329732354767|377000
8.608329732354767|378000
8.608329732354767|379000
8.608329732354767|380000
8.608329732354767|381000
8.608329732354767|382000
8.608329732354767|383000
8.608329732354767|384000
8.608329732354767|385000
8.608329732354767|386000
8.608329732354767|387000
8.608329732354767|388000
8.608329732354767|389000
8.608329732354767|390000
8.608329732354767|391000
8.608329732354767|392000
8.608329732354767|393000
8.608329732354767|394000
8.608329732354767|395000
8.608329732354767|396000
8.608329732354767|397000
8.608329732354767|398000
8.608329732354767|399000
8.608329732354767|400000
8.608329732354767|401000
8.608329732354767|402000
8.608329732354767|403000
8.608329732354767|404000
8.608329732354767|405000
8.608329732354767|406000
8.608329732354767|407000
8.608329732354767|408000
8.608329732354767|409000
8.608329732354767|410000
8.608329732354767|411000
8.608329732354767|412000
8.608329732354767|413000
8.608329732354767|414000
8.608329732354767|415000
8.608329732354767|416000
8.608329732354767|417000
8.608329732354767|418000
8.608329732354767|419000
8.608329732354767|420000
8.608329732354767|421000
8.608329732354767|422000
8.608329732354767|423000
8.608329732354767|424000
8.608329732354767|425000
8.608329732354767|426000
8.608329732354767|427000
8.608329732354767|428000
8.608329732354767|429000
8.608329732354767|430000
8.608329732354767|431000
8.608329732354767|432000
8.608329732354767|433000
8.608329732354767|434000
8.608329732354767|435000
8.608329732354767|436000
8.608329732354767|437000
8.608329732354767|438000
8.608329732354767|439000
8.608329732354767|440000
8.608329732354767|441000
8.608329732354767|442000
8.608329732354767|443000
8.608329732354767|444000
8.608329732354767|445000
8.608329732354767|446000
8.608329732354767|447000
8.608329732354767|448000
8.608329732354767|449000
8.608329732354767|450000
8.608329732354767|451000
8.608329732354767|452000
8.608329732354767|453000
8.608329732354767|454000
8.608329732354767|455000
8.608329732354767|456000
8.608329732354767|457000
8.608329732354767|458000
8.608329732354767|459000
8.608329732354767|460000
8.608329732354767|461000
8.608329732354767|462000
8.608329732354767|463000
8.608329732354767|464000
8.608329732354767|465000
8.608329732354767|466000
8.608329732354767|467000
8.608329732354767|468000
8.608329732354767|469000
8.608329732354767|470000
8.608329732354767|471000
8.608329732354767|472000
8.608329732354767|473000
8.608329732354767|474000
8.608329732354767|475000
8.608329732354767|476000
8.608329732354767|477000
8.608329732354767|478000
8.608329732354767|479000
8.608329732354767|480000
8.608329732354767|481000
8.608329732354767|482000
8.608329732354767|483000
8.608329732354767|484000
8.608329732354767|485000
8.608329732354767|486000
8.608329732354767|487000
8.608329732354767|488000
8.608329732354767|489000
8.608329732354767|490000
8.608329732354767|491000
8.608329732354767|492000
8.608329732354767|493000
8.608329732354767|494000
8.608329732354767|495000
8.608329732354767|496000
8.608329732354767|497000
8.608329732354767|498000
8.608329732354767|499000
8.608329732354767|500000
8.608329732354767|501000
8.608329732354767|502000
8.608329732354767|503000
8.608329732354767|504000
8.608329732354767|505000
8.608329732354767|506000
8.608329732354767|507000
8.608329732354767|508000
8.608329732354767|509000
8.608329732354767|510000
8.608329732354767|511000
8.608329732354767|512000
8.608329732354767|513000
8.608329732354767|514000
8.608329732354767|515000
8.608329732354767|516000
8.608329732354767|517000
8.608329732354767|518000
8.608329732354767|519000
8.608329732354767|520000
8.608329732354767|521000
8.608329732354767|522000
8.608329732354767|523000
8.608329732354767|524000
8.608329732354767|525000
8.608329732354767|526000
8.608329732354767|527000
8.608329732354767|528000
8.608329732354767|529000
8.608329732354767|530000
8.608329732354767|531000
8.608329732354767|532000
8.608329732354767|533000
8.608329732354767|534000
8.608329732354767|535000
8.608329732354767|536000
8.608329732354767|537000
8.608329732354767|538000
8.608329732354767|539000
8.608329732354767|540000
8.608329732354767|541000
8.608329732354767|542000
8.608329732354767|543000
8.608329732354767|544000
8.608329732354767|545000
8.608329732354767|546000
8.608329732354767|547000
8.608329732354767|548000
8.608329732354767|549000
8.608329732354767|550000
8.608329732354767|551000
8.608329732354767|552000
8.608329732354767|553000
8.608329732354767|554000
8.608329732354767|555000
8.608329732354767|556000
8.608329732354767|557000
8.608329732354767|558000
8.608329732354767|559000
8.608329732354767|560000
8.608329732354767|561000
8.608329732354767|562000
8.608329732354767|563000
8.608329732354767|564000
8.608329732354767|565000
8.608329732354767|566000
8.608329732354767|567000
8.608329732354767|568000
8.608329732354767|569000
8.608329732354767|570000
8.608329732354767|571000
8.608329732354767|572000
8.608329732354767|573000
8.608329732354767|574000
8.608329732354767|575000
8.608329732354767|576000
8.608329732354767|577000
8.608329732354767|578000
8.608329732354767|579000
8.608329732354767|580000
8.608329732354767|581000
8.608329732354767|582000
8.608329732354767|583000
8.608329732354767|584000
8.608329732354767|585000
8.608329732354767|586000
8.608329732354767|587000
8.608329732354767|588000
8.608329732354767|589000
8.608329732354767|590000
8.608329732354767|591000
8.608329732354767|592000
8.608329732354767|593000
8.608329732354767|594000
8.608329732354767|595000
8.608329732354767|596000
8.608329732354767|597000
8.608329732354767|598000
8.608329732354767|599000
8.608329732354767|600000
8.608329732354767|601000
8.608329732354767|602000
8.608329732354767|603000
8.608329732354767|604000
8.608329732354767|605000
8.608329732354767|606000
8.608329732354767|607000
8.608329732354767|608000
8.608329732354767|609000
8.608329732354767|610000
8.608329732354767|611000
8.608329732354767|612000
8.608329732354767|613000
8.608329732354767|614000
8.608329732354767|615000
8.608329732354767|616000
8.608329732354767|617000
8.608329732354767|618000
8.608329732354767|619000
8.608329732354767|620000
8.608329732354767|621000
8.608329732354767|622000
8.608329732354767|623000
8.608329732354767|624000
8.608329732354767|625000
8.608329732354767|626000
8.608329732354767|627000
8.608329732354767|628000
8.608329732354767|629000
8.608329732354767|630000
8.608329732354767|631000
8.608329732354767|632000
8.608329732354767|633000
8.608329732354767|634000
8.608329732354767|635000
8.608329732354767|636000
8.608329732354767|637000
8.608329732354767|638000
8.608329732354767|639000
8.608329732354767|640000
8.608329732354767|641000
8.608329732354767|642000
8.608329732354767|643000
8.608329732354767|644000
8.608329732354767|645000
8.608329732354767|646000
8.608329732354767|647000
8.608329732354767|648000
8.608329732354767|649000
8.608329732354767|650000
8.608329732354767|651000
8.608329732354767|652000
8.608329732354767|653000
8.608329732354767|654000
8.608329732354767|655000
8.608329732354767|656000
8.608329732354767|657000
8.608329732354767|658000
8.608329732354767|659000
8.608329732354767|660000
8.608329732354767|661000
8.608329732354767|662000
8.608329732354767|663000
8.608329732354767|664000
8.608329732354767|665000
8.608329732354767|666000
8.608329732354767|667000
8.608329732354767|668000
8.608329732354767|669000
8.608329732354767|670000
8.608329732354767|671000
8.608329732354767|672000
8.608329732354767|673000
8.608329732354767|674000
8.608329732354767|675000
8.608329732354767|676000
8.608329732354767|677000
8.608329732354767|678000
8.608329732354767|679000
8.608329732354767|680000
8.608329732354767|681000
8.608329732354767|682000
8.608329732354767|683000
8.608329732354767|684000
8.608329732354767|685000
8.608329732354767|686000
8.608329732354767|687000
8.608329732354767|688000
8.608329732354767|689000
8.608329732354767|690000
8.608329732354767|691000
8.608329732354767|692000
8.608329732354767|693000
8.608329732354767|694000
8.608329732354767|695000
8.608329732354767|696000
8.608329732354767|697000
8.608329732354767|698000
8.608329732354767|699000
8.608329732354767|700000
8.608329732354767|701000
8.608329732354767|702000
8.608329732354767|703000
8.608329732354767|704000
8.608329732354767|705000
8.608329732354767|706000
8.608329732354767|707000
8.608329732354767|708000
8.608329732354767|709000
8.608329732354767|710000
8.608329732354767|711000
8.608329732354767|712000
8.608329732354767|713000
8.608329732354767|714000
8.608329732354767|715000
8.608329732354767|716000
8.608329732354767|717000
8.608329732354767|718000
8.608329732354767|719000
8.608329732354767|720000
8.608329732354767|721000
8.608329732354767|722000
8.608329732354767|723000
8.608329732354767|724000
8.608329732354767|725000
8.608329732354767|726000
8.608329732354767|727000
8.608329732354767|728000
8.608329732354767|729000
8.608329732354767|730000
8.608329732354767|731000
8.608329732354767|732000
8.608329732354767|733000
8.608329732354767|734000
8.608329732354767|735000
8.608329732354767|736000
8.608329732354767|737000
8.608329732354767|738000
8.608329732354767|739000
8.608329732354767|740000
8.608329732354767|741000
8.608329732354767|742000
8.608329732354767|743000
8.608329732354767|744000
8.608329732354767|745000
8.608329732354767|746000
8.608329732354767|747000
8.608329732354767|748000
8.608329732354767|749000
8.608329732354767|750000
8.608329732354767|751000
8.608329732354767|752000
8.608329732354767|753000
8.608329732354767|754000
8.608329732354767|755000
8.608329732354767|756000
8.608329732354767|757000
8.608329732354767|758000
8.608329732354767|759000
8.608329732354767|760000
8.608329732354767|761000
8.608329732354767|762000
8.608329732354767|763000
8.608329732354767|764000
8.608329732354767|765000
8.608329732354767|766000
8.608329732354767|767000
8.608329732354767|768000
8.608329732354767|769000
8.608329732354767|770000
8.608329732354767|771000
8.608329732354767|772000
8.608329732354767|773000
8.608329732354767|774000
8.608329732354767|775000
8.608329732354767|776000
8.608329732354767|777000
8.608329732354767|778000
8.608329732354767|779000
8.608329732354767|780000
8.608329732354767|781000
8.608329732354767|782000
8.608329732354767|783000
8.608329732354767|784000
8.608329732354767|785000
8.608329732354767|786000
8.608329732354767|787000
8.608329732354767|788000
8.608329732354767|789000
8.608329732354767|790000
8.608329732354767|791000
8.608329732354767|792000
8.608329732354767|793000
8.608329732354767|794000
8.608329732354767|795000
8.608329732354767|796000
8.608329732354767|797000
8.608329732354767|798000
8.608329732354767|799000
8.608329732354767|800000
8.608329732354767|801000
8.608329732354767|802000
8.608329732354767|803000
8.608329732354767|804000
8.608329732354767|805000
8.608329732354767|806000
8.608329732354767|807000
8.608329732354767|808000
8.608329732354767|809000
8.608329732354767|810000
8.608329732354767|811000
8.608329732354767|812000
8.608329732354767|813000
8.608329732354767|814000
8.608329732354767|815000
8.608329732354767|816000
8.608329732354767|817000
8.608329732354767|818000
8.608329732354767|819000
8.608329732354767|820000
8.608329732354767|821000
8.608329732354767|822000
8.608329732354767|823000
8.608329732354767|824000
8.608329732354767|825000
8.608329732354767|826000
8.608329732354767|827000
8.608329732354767|828000
8.608329732354767|829000
8.608329732354767|830000
8.608329732354767|831000
8.608329732354767|832000
8.608329732354767|833000
8.608329732354767|834000
8.608329732354767|835000
8.608329732354767|836000
8.608329732354767|837000
8.608329732354767|838000
8.608329732354767|839000
8.608329732354767|840000
8.608329732354767|841000
8.608329732354767|842000
8.608329732354767|843000
8.608329732354767|844000
8.608329732354767|845000
8.608329732354767|846000
8.608329732354767|847000
8.608329732354767|848000
8.608329732354767|849000
8.608329732354767|850000
8.608329732354767|851000
8.608329732354767|852000
8.608329732354767|853000
8.608329732354767|854000
8.608329732354767|855000
8.608329732354767|856000
8.608329732354767|857000
8.608329732354767|858000
8.608329732354767|859000
8.608329732354767|860000
8.608329732354767|861000
8.608329732354767|862000
8.608329732354767|863000
8.608329732354767|864000
8.608329732354767|865000
8.608329732354767|866000
8.608329732354767|867000
8.608329732354767|868000
8.608329732354767|869000
8.608329732354767|870000
8.608329732354767|871000
8.608329732354767|872000
8.608329732354767|873000
8.608329732354767|874000
8.608329732354767|875000
8.608329732354767|876000
8.608329732354767|877000
8.608329732354767|878000
8.608329732354767|879000
8.608329732354767|880000
8.608329732354767|881000
8.608329732354767|882000
8.608329732354767|883000
8.608329732354767|884000
8.608329732354767|885000
8.608329732354767|886000
8.608329732354767|887000
8.608329732354767|888000
8.608329732354767|889000
8.608329732354767|890000
8.608329732354767|891000
8.608329732354767|892000
8.608329732354767|893000
8.608329732354767|894000
8.608329732354767|895000
8.608329732354767|896000
8.608329732354767|897000
8.608329732354767|898000
8.608329732354767|899000
8.608329732354767|900000
8.608329732354767|901000
8.608329732354767|902000
8.608329732354767|903000
8.608329732354767|904000
8.608329732354767|905000
8.608329732354767|906000
8.608329732354767|907000
8.608329732354767|908000
8.608329732354767|909000
8.608329732354767|910000
8.608329732354767|911000
8.608329732354767|912000
8.608329732354767|913000
8.608329732354767|914000
8.608329732354767|915000
8.608329732354767|916000
8.608329732354767|917000
8.608329732354767|918000
8.608329732354767|919000
8.608329732354767|920000
8.608329732354767|921000
8.608329732354767|922000
8.608329732354767|923000
8.608329732354767|924000
8.608329732354767|925000
8.608329732354767|926000
8.608329732354767|927000
8.608329732354767|928000
8.608329732354767|929000
8.608329732354767|930000
8.608329732354767|931000
8.608329732354767|932000
8.608329732354767|933000
8.608329732354767|934000
8.608329732354767|935000
8.608329732354767|936000
8.608329732354767|937000
8.608329732354767|938000
8.608329732354767|939000
8.608329732354767|940000
8.608329732354767|941000
8.608329732354767|942000
8.608329732354767|943000
8.608329732354767|944000
8.608329732354767|945000
8.608329732354767|946000
8.608329732354767|947000
8.608329732354767|948000
8.608329732354767|949000
8.608329732354767|950000
8.608329732354767|951000
8.608329732354767|952000
8.608329732354767|953000
8.608329732354767|954000
8.608329732354767|955000
8.608329732354767|956000
8.608329732354767|957000
8.608329732354767|958000
8.608329732354767|959000
8.608329732354767|960000
8.608329732354767|961000
8.608329732354767|962000
8.608329732354767|963000
8.608329732354767|964000
8.608329732354767|965000
8.608329732354767|966000
8.608329732354767|967000
8.608329732354767|968000
8.608329732354767|969000
8.608329732354767|970000
8.608329732354767|971000
8.608329732354767|972000
8.608329732354767|973000
8.608329732354767|974000
8.608329732354767|975000
8.608329732354767|976000
8.608329732354767|977000
8.608329732354767|978000
8.608329732354767|979000
8.608329732354767|980000
8.608329732354767|981000
8.608329732354767|982000
8.608329732354767|983000
8.608329732354767|984000
8.608329732354767|985000
8.608329732354767|986000
8.608329732354767|987000
8.608329732354767|988000
8.608329732354767|989000
8.608329732354767|990000
8.608329732354767|991000
8.608329732354767|992000
8.608329732354767|993000
8.608329732354767|994000
8.608329732354767|995000
8.608329732354767|996000
8.608329732354767|997000
8.608329732354767|998000
8.608329732354767|999000
8.608329732354767|1000000
