0.738 0.448
0.626 0.447
0.317 0.522
0.873 0.697
0.783 0.290
0.809 0.320
0.458 0.973
0.589 0.493
0.741 0.428
0.816 0.825
0.504 0.917
0.736 0.458
0.602 0.477
0.872 0.660
0.435 1.001
0.871 0.642
0.527 0.889
0.397 0.512
0.740 0.438
0.744 0.244
0.423 0.509
0.650 0.416
0.871 0.885
0.481 0.945
0.873 0.716
0.757 0.260
0.614 0.462
0.732 0.735
0.731 0.229
0.291 0.525
0.760 0.765
0.550 0.861
0.638 0.431
0.740 0.433
0.788 0.795
0.589 0.493
0.704 0.705
0.796 0.305
0.872 0.679
0.344 0.519
0.844 0.855
0.370 0.515
0.737 0.453
0.739 0.443
0.265 0.528
0.770 0.275
0.874 0.753
0.573 0.832
0.874 0.734
0.662 0.401
