14.777217139294986|1010
13.425025936487065|2010
11.543659558662775|3010
10.595014893213177|4010
9.147630401940727|5010
8.814076774192968|6010
8.636989272827918|7010
8.234962586425565|8010
7.962858766451045|9010
7.762160103625684|10010
7.716480485794431|11010
7.6334373717884985|12010
7.561963175922523|13010
7.549038336136795|14010
7.549038336136795|15010
7.483286321496235|16010
7.458019949924175|17010
7.458019949924175|18010
7.458019949924175|19010
7.386602768027929|20010
7.299342756559888|21010
7.089728746697182|22010
7.067189336193054|23010
7.037038568333616|24010
7.037038568333616|25010
6.943539021608855|26010
6.927364389407631|27010
6.763983300511427|28010
6.763983300511427|29010
6.763983300511427|30010
6.763983300511427|31010
6.763983300511427|32010
6.763983300511427|33010
6.763983300511427|34010
6.734304528257255|35010
6.734304528257255|36010
6.734304528257255|37010
6.734304528257255|38010
6.7088104449821255|39010
6.7088104449821255|40010
6.708810444982125|41010
6.708810444982125|42010
6.708810444982125|43010
6.671879142402224|44010
6.671879142402224|45010
6.671879142402224|46010
6.671879142402224|47010
6.671879142402224|48010
6.671879142402224|49010
6.671879142402224|50010
6.671879142402224|51010
6.671879142402224|52010
6.671879142402224|53010
6.671879142402224|54010
6.671879142402224|55010
6.671879142402224|56010
6.671879142402224|57010
6.671879142402224|58010
6.671879142402224|59010
6.671879142402224|60010
6.671879142402224|61010
6.671879142402224|62010
6.671879142402224|63010
6.671879142402224|64010
6.671879142402224|65010
6.671879142402224|66010
6.671879142402224|67010
6.671879142402224|68010
6.671879142402224|69010
6.671879142402224|70010
6.671879142402224|71010
6.671879142402224|72010
6.671879142402224|73010
6.671879142402224|74010
6.671879142402224|75010
6.671879142402224|76010
6.671879142402224|77010
6.671879142402224|78010
6.671879142402224|79010
6.671879142402224|80010
6.671879142402224|81010
6.671879142402224|82010
6.671879142402224|83010
6.671879142402224|84010
6.671879142402224|85010
6.671879142402224|86010
6.671879142402224|87010
6.671879142402224|88010
6.671879142402224|89010
6.671879142402224|90010
6.671879142402224|91010
6.671879142402224|92010
6.671879142402224|93010
6.671879142402224|94010
6.671879142402224|95010
6.671879142402224|96010
6.671879142402224|97010
6.671879142402224|98010
6.671879142402224|99010
6.671879142402224|100010
6.671879142402224|101010
6.671879142402224|102010
6.671879142402224|103010
6.671879142402224|104010
6.671879142402224|105010
6.671879142402224|106010
6.671879142402224|107010
6.671879142402224|108010
6.671879142402224|109010
6.671879142402224|110010
6.671879142402224|111010
6.671879142402224|112010
6.671879142402224|113010
6.671879142402224|114010
6.671879142402224|115010
6.671879142402224|116010
6.671879142402224|117010
6.671879142402224|118010
6.671879142402224|119010
6.671879142402224|120010
6.671879142402224|121010
6.671879142402224|122010
6.671879142402224|123010
6.671879142402224|124010
6.671879142402224|125010
6.671879142402224|126010
6.671879142402224|127010
6.671879142402224|128010
6.671879142402224|129010
6.671879142402224|130010
6.671879142402224|131010
6.671879142402224|132010
6.671879142402224|133010
6.671879142402224|134010
6.671879142402224|135010
6.671879142402224|136010
6.671879142402224|137010
6.671879142402224|138010
6.671879142402224|139010
6.671879142402224|140010
6.671879142402224|141010
6.671879142402224|142010
6.671879142402224|143010
6.671879142402224|144010
6.671879142402224|145010
6.671879142402224|146010
6.671879142402224|147010
6.671879142402224|148010
6.671879142402224|149010
6.671879142402224|150010
6.671879142402224|151010
6.671879142402224|152010
6.671879142402224|153010
6.671879142402224|154010
6.671879142402224|155010
6.671879142402224|156010
6.671879142402224|157010
6.671879142402224|158010
6.671879142402224|159010
6.671879142402224|160010
6.671879142402224|161010
6.671879142402224|162010
6.671879142402224|163010
6.671879142402224|164010
6.671879142402224|165010
6.671879142402224|166010
6.671879142402224|167010
6.671879142402224|168010
6.671879142402224|169010
6.671879142402224|170010
6.671879142402224|171010
6.671879142402224|172010
6.671879142402224|173010
6.671879142402224|174010
6.671879142402224|175010
6.671879142402224|176010
6.671879142402224|177010
6.671879142402224|178010
6.671879142402224|179010
6.671879142402224|180010
6.671879142402224|181010
6.5725111986071045|182010
6.550609572631862|183010
6.550609572631862|184010
6.550609572631862|185010
6.550609572631861|186010
6.550609572631861|187010
6.505280508389454|188010
6.505280508389454|189010
6.505280508389454|190010
6.505280508389454|191010
6.505280508389454|192010
6.505280508389454|193010
6.505280508389454|194010
6.505280508389454|195010
6.505280508389454|196010
6.505280508389454|197010
6.505280508389454|198010
6.505280508389454|199010
6.505280508389454|200010
6.505280508389454|201010
6.505280508389454|202010
6.505280508389454|203010
6.505280508389454|204010
6.505280508389454|205010
6.505280508389454|206010
6.505280508389454|207010
6.505280508389454|208010
6.505280508389454|209010
6.505280508389454|210010
6.505280508389454|211010
6.505280508389454|212010
6.505280508389454|213010
6.505280508389454|214010
6.505280508389454|215010
6.505280508389454|216010
6.505280508389454|217010
6.505280508389454|218010
6.505280508389454|219010
6.505280508389454|220010
6.505280508389454|221010
6.505280508389454|222010
6.505280508389454|223010
6.505280508389454|224010
6.505280508389454|225010
6.505280508389454|226010
6.505280508389454|227010
6.505280508389454|228010
6.505280508389454|229010
6.505280508389454|230010
6.505280508389454|231010
6.505280508389454|232010
6.505280508389454|233010
6.505280508389454|234010
6.505280508389454|235010
6.505280508389454|236010
6.505280508389454|237010
6.505280508389454|238010
6.505280508389454|239010
6.505280508389454|240010
6.505280508389454|241010
6.505280508389454|242010
6.505280508389454|243010
6.505280508389454|244010
6.505280508389454|245010
6.505280508389454|246010
6.505280508389454|247010
6.505280508389454|248010
6.505280508389454|249010
6.505280508389454|250010
6.505280508389454|251010
6.505280508389454|252010
6.505280508389454|253010
6.505280508389454|254010
6.505280508389454|255010
6.505280508389454|256010
6.505280508389454|257010
6.505280508389454|258010
6.505280508389454|259010
6.505280508389454|260010
6.505280508389454|261010
6.505280508389454|262010
6.505280508389454|263010
6.505280508389454|264010
6.505280508389454|265010
6.505280508389454|266010
6.505280508389454|267010
6.505280508389454|268010
6.505280508389454|269010
6.505280508389454|270010
6.505280508389454|271010
6.505280508389454|272010
6.505280508389454|273010
6.505280508389454|274010
6.505280508389454|275010
6.505280508389454|276010
6.505280508389454|277010
6.505280508389454|278010
6.505280508389454|279010
6.505280508389454|280010
6.505280508389454|281010
6.505280508389454|282010
6.505280508389454|283010
6.505280508389454|284010
6.505280508389454|285010
6.505280508389454|286010
6.505280508389454|287010
6.505280508389454|288010
6.505280508389454|289010
6.505280508389454|290010
6.505280508389454|291010
6.505280508389454|292010
6.505280508389454|293010
6.505280508389454|294010
6.505280508389454|295010
6.505280508389454|296010
6.505280508389454|297010
6.505280508389454|298010
6.505280508389454|299010
6.505280508389454|300010
6.505280508389454|301010
6.505280508389454|302010
6.505280508389454|303010
6.505280508389454|304010
6.505280508389454|305010
6.505280508389454|306010
6.505280508389454|307010
6.505280508389454|308010
6.505280508389454|309010
6.505280508389454|310010
6.505280508389454|311010
6.505280508389454|312010
6.505280508389454|313010
6.505280508389454|314010
6.505280508389454|315010
6.505280508389454|316010
6.505280508389454|317010
6.505280508389454|318010
6.408757267047968|319010
6.408757267047968|320010
6.374587516628302|321010
6.374587516628302|322010
6.374587516628302|323010
6.374587516628302|324010
6.374587516628302|325010
6.374587516628302|326010
6.374587516628302|327010
6.374587516628302|328010
6.374587516628302|329010
6.374587516628302|330010
6.374587516628302|331010
6.374587516628302|332010
6.374587516628302|333010
6.374587516628302|334010
6.374587516628302|335010
6.374587516628302|336010
6.374587516628302|337010
6.374587516628302|338010
6.374587516628302|339010
6.374587516628302|340010
6.374587516628302|341010
6.374587516628302|342010
6.374587516628302|343010
6.374587516628302|344010
6.374587516628302|345010
6.374587516628302|346010
6.374587516628302|347010
6.374587516628302|348010
6.374587516628302|349010
6.374587516628302|350010
6.374587516628302|351010
6.374587516628302|352010
6.374587516628302|353010
6.374587516628302|354010
6.374587516628302|355010
6.374587516628302|356010
6.374587516628302|357010
6.374587516628302|358010
6.374587516628302|359010
6.374587516628302|360010
6.374587516628302|361010
6.374587516628302|362010
6.374587516628302|363010
6.374587516628302|364010
6.374587516628302|365010
6.374587516628302|366010
6.374587516628302|367010
6.374587516628302|368010
6.374587516628302|369010
6.374587516628302|370010
6.374587516628302|371010
6.374587516628302|372010
6.374587516628302|373010
6.374587516628302|374010
6.374587516628302|375010
6.374587516628302|376010
6.374587516628302|377010
6.374587516628302|378010
6.374587516628302|379010
6.374587516628302|380010
6.374587516628302|381010
6.374587516628302|382010
6.374587516628302|383010
6.374587516628302|384010
6.374587516628302|385010
6.374587516628302|386010
6.374587516628302|387010
6.374587516628302|388010
6.374587516628302|389010
6.374587516628302|390010
6.374587516628302|391010
6.374587516628302|392010
6.374587516628302|393010
6.374587516628302|394010
6.374587516628302|395010
6.374587516628302|396010
6.374587516628302|397010
6.374587516628302|398010
6.374587516628302|399010
6.374587516628302|400010
6.374587516628302|401010
6.374587516628302|402010
6.374587516628302|403010
6.374587516628302|404010
6.374587516628302|405010
6.374587516628302|406010
6.374587516628302|407010
6.374587516628302|408010
6.374587516628302|409010
6.374587516628302|410010
6.374587516628302|411010
6.374587516628302|412010
6.374587516628302|413010
6.374587516628302|414010
6.374587516628302|415010
6.374587516628302|416010
6.374587516628302|417010
6.374587516628302|418010
6.374587516628302|419010
6.374587516628302|420010
6.374587516628302|421010
6.374587516628302|422010
6.374587516628302|423010
6.374587516628302|424010
6.374587516628302|425010
6.374587516628302|426010
6.374587516628302|427010
6.374587516628302|428010
6.374587516628302|429010
6.374587516628302|430010
6.374587516628302|431010
6.374587516628302|432010
6.374587516628302|433010
6.374587516628302|434010
6.374587516628302|435010
6.374587516628302|436010
6.374587516628302|437010
6.374587516628302|438010
6.374587516628302|439010
6.374587516628302|440010
6.374587516628302|441010
6.374587516628302|442010
6.374587516628302|443010
6.374587516628302|444010
6.374587516628302|445010
6.374587516628302|446010
6.374587516628302|447010
6.374587516628302|448010
6.374587516628302|449010
6.374587516628302|450010
6.374587516628302|451010
6.374587516628302|452010
6.374587516628302|453010
6.374587516628302|454010
6.374587516628302|455010
6.374587516628302|456010
6.374587516628302|457010
6.374587516628302|458010
6.374587516628302|459010
6.374587516628302|460010
6.374587516628302|461010
6.374587516628302|462010
6.374587516628302|463010
6.374587516628302|464010
6.374587516628302|465010
6.374587516628302|466010
6.374587516628302|467010
6.374587516628302|468010
6.374587516628302|469010
6.374587516628302|470010
6.374587516628302|471010
6.374587516628302|472010
6.374587516628302|473010
6.374587516628302|474010
6.374587516628302|475010
6.374587516628302|476010
6.374587516628302|477010
6.374587516628302|478010
6.374587516628302|479010
6.374587516628302|480010
6.374587516628302|481010
6.374587516628302|482010
6.374587516628302|483010
6.374587516628302|484010
6.374587516628302|485010
6.374587516628302|486010
6.374587516628302|487010
6.374587516628302|488010
6.374587516628302|489010
6.374587516628302|490010
6.374587516628302|491010
6.374587516628302|492010
6.374587516628302|493010
6.374587516628302|494010
6.374587516628302|495010
6.374587516628302|496010
6.374587516628302|497010
6.374587516628302|498010
6.374587516628302|499010
6.374587516628302|500010
6.374587516628302|501010
6.374587516628302|502010
6.374587516628302|503010
6.374587516628302|504010
6.374587516628302|505010
6.374587516628302|506010
6.374587516628302|507010
6.374587516628302|508010
6.374587516628302|509010
6.374587516628302|510010
6.374587516628302|511010
6.374587516628302|512010
6.374587516628302|513010
6.374587516628302|514010
6.374587516628302|515010
6.374587516628302|516010
6.374587516628302|517010
6.374587516628302|518010
6.374587516628302|519010
6.374587516628302|520010
6.374587516628302|521010
6.374587516628302|522010
6.374587516628302|523010
6.374587516628302|524010
6.374587516628302|525010
6.374587516628302|526010
6.374587516628302|527010
6.374587516628302|528010
6.374587516628302|529010
6.374587516628302|530010
6.374587516628302|531010
6.374587516628302|532010
6.374587516628302|533010
6.374587516628302|534010
6.374587516628302|535010
6.374587516628302|536010
6.374587516628302|537010
6.374587516628302|538010
6.374587516628302|539010
6.374587516628302|540010
6.374587516628302|541010
6.374587516628302|542010
6.374587516628302|543010
6.374587516628302|544010
6.374587516628302|545010
6.374587516628302|546010
6.374587516628302|547010
6.374587516628302|548010
6.374587516628302|549010
6.374587516628302|550010
6.374587516628302|551010
6.374587516628302|552010
6.374587516628302|553010
6.374587516628302|554010
6.374587516628302|555010
6.374587516628302|556010
6.374587516628302|557010
6.374587516628302|558010
6.374587516628302|559010
6.374587516628302|560010
6.374587516628302|561010
6.374587516628302|562010
6.374587516628302|563010
6.374587516628302|564010
6.374587516628302|565010
6.374587516628302|566010
6.374587516628302|567010
6.374587516628302|568010
6.374587516628302|569010
6.374587516628302|570010
6.374587516628302|571010
6.374587516628302|572010
6.374587516628302|573010
6.374587516628302|574010
6.374587516628302|575010
6.374587516628302|576010
6.374587516628302|577010
6.374587516628302|578010
6.374587516628302|579010
6.374587516628302|580010
6.374587516628302|581010
6.374587516628302|582010
6.374587516628302|583010
6.374587516628302|584010
6.374587516628302|585010
6.374587516628302|586010
6.374587516628302|587010
6.374587516628302|588010
6.374587516628302|589010
6.374587516628302|590010
6.374587516628302|591010
6.374587516628302|592010
6.374587516628302|593010
6.374587516628302|594010
6.374587516628302|595010
6.374587516628302|596010
6.374587516628302|597010
6.374587516628302|598010
6.374587516628302|599010
6.374587516628302|600010
6.374587516628302|601010
6.374587516628302|602010
6.374587516628302|603010
6.374587516628302|604010
6.374587516628302|605010
6.374587516628302|606010
6.374587516628302|607010
6.374587516628302|608010
6.374587516628302|609010
6.374587516628302|610010
6.374587516628302|611010
6.374587516628302|612010
6.374587516628302|613010
6.374587516628302|614010
6.374587516628302|615010
6.374587516628302|616010
6.374587516628302|617010
6.374587516628302|618010
6.374587516628302|619010
6.374587516628302|620010
6.374587516628302|621010
6.374587516628302|622010
6.374587516628302|623010
6.374587516628302|624010
6.374587516628302|625010
6.374587516628302|626010
6.374587516628302|627010
6.374587516628302|628010
6.374587516628302|629010
6.374587516628302|630010
6.374587516628302|631010
6.374587516628302|632010
6.374587516628302|633010
6.374587516628302|634010
6.374587516628302|635010
6.374587516628302|636010
6.374587516628302|637010
6.374587516628302|638010
6.374587516628302|639010
6.374587516628302|640010
6.374587516628302|641010
6.374587516628302|642010
6.374587516628302|643010
6.374587516628302|644010
6.374587516628302|645010
6.374587516628302|646010
6.374587516628302|647010
6.374587516628302|648010
6.374587516628302|649010
6.374587516628302|650010
6.374587516628302|651010
6.374587516628302|652010
6.374587516628302|653010
6.374587516628302|654010
6.374587516628302|655010
6.374587516628302|656010
6.374587516628302|657010
6.374587516628302|658010
6.374587516628302|659010
6.374587516628302|660010
6.374587516628302|661010
6.374587516628302|662010
6.374587516628302|663010
6.374587516628302|664010
6.374587516628302|665010
6.374587516628302|666010
6.374587516628302|667010
6.374587516628302|668010
6.374587516628302|669010
6.374587516628302|670010
6.374587516628302|671010
6.374587516628302|672010
6.374587516628302|673010
6.374587516628302|674010
6.374587516628302|675010
6.374587516628302|676010
6.374587516628302|677010
6.374587516628302|678010
6.374587516628302|679010
6.374587516628302|680010
6.374587516628302|681010
6.374587516628302|682010
6.374587516628302|683010
6.374587516628302|684010
6.374587516628302|685010
6.374587516628302|686010
6.374587516628302|687010
6.374587516628302|688010
6.374587516628302|689010
6.374587516628302|690010
6.374587516628302|691010
6.374587516628302|692010
6.374587516628302|693010
6.374587516628302|694010
6.374587516628302|695010
6.374587516628302|696010
6.374587516628302|697010
6.374587516628302|698010
6.374587516628302|699010
6.374587516628302|700010
6.374587516628302|701010
6.374587516628302|702010
6.374587516628302|703010
6.374587516628302|704010
6.374587516628302|705010
6.374587516628302|706010
6.374587516628302|707010
6.374587516628302|708010
6.374587516628302|709010
6.374587516628302|710010
6.374587516628302|711010
6.374587516628302|712010
6.374587516628302|713010
6.374587516628302|714010
6.374587516628302|715010
6.374587516628302|716010
6.374587516628302|717010
6.374587516628302|718010
6.374587516628302|719010
6.374587516628302|720010
6.374587516628302|721010
6.374587516628302|722010
6.374587516628302|723010
6.374587516628302|724010
6.374587516628302|725010
6.374587516628302|726010
6.374587516628302|727010
6.374587516628302|728010
6.374587516628302|729010
6.374587516628302|730010
6.374587516628302|731010
6.374587516628302|732010
6.374587516628302|733010
6.374587516628302|734010
6.374587516628302|735010
6.374587516628302|736010
6.374587516628302|737010
6.374587516628302|738010
6.374587516628302|739010
6.374587516628302|740010
6.374587516628302|741010
6.374587516628302|742010
6.374587516628302|743010
6.374587516628302|744010
6.374587516628302|745010
6.374587516628302|746010
6.374587516628302|747010
6.374587516628302|748010
6.374587516628302|749010
6.374587516628302|750010
6.374587516628302|751010
6.374587516628302|752010
6.374587516628302|753010
6.374587516628302|754010
6.374587516628302|755010
6.374587516628302|756010
6.374587516628302|757010
6.374587516628302|758010
6.374587516628302|759010
6.374587516628302|760010
6.374587516628302|761010
6.374587516628302|762010
6.374587516628302|763010
6.374587516628302|764010
6.374587516628302|765010
6.374587516628302|766010
6.374587516628302|767010
6.374587516628302|768010
6.374587516628302|769010
6.374587516628302|770010
6.374587516628302|771010
6.374587516628302|772010
6.374587516628302|773010
6.374587516628302|774010
6.374587516628302|775010
6.374587516628302|776010
6.374587516628302|777010
6.374587516628302|778010
6.374587516628302|779010
6.374587516628302|780010
6.374587516628302|781010
6.374587516628302|782010
6.374587516628302|783010
6.374587516628302|784010
6.374587516628302|785010
6.374587516628302|786010
6.374587516628302|787010
6.374587516628302|788010
6.374587516628302|789010
6.374587516628302|790010
6.374587516628302|791010
6.374587516628302|792010
6.374587516628302|793010
6.374587516628302|794010
6.374587516628302|795010
6.374587516628302|796010
6.374587516628302|797010
6.374587516628302|798010
6.374587516628302|799010
6.374587516628302|800010
6.374587516628302|801010
6.374587516628302|802010
6.374587516628302|803010
6.374587516628302|804010
6.374587516628302|805010
6.374587516628302|806010
6.374587516628302|807010
6.374587516628302|808010
6.374587516628302|809010
6.374587516628302|810010
6.374587516628302|811010
6.374587516628302|812010
6.374587516628302|813010
6.374587516628302|814010
6.374587516628302|815010
6.374587516628302|816010
6.374587516628302|817010
6.374587516628302|818010
6.374587516628302|819010
6.374587516628302|820010
6.374587516628302|821010
6.374587516628302|822010
6.374587516628302|823010
6.374587516628302|824010
6.374587516628302|825010
6.374587516628302|826010
6.374587516628302|827010
6.374587516628302|828010
6.374587516628302|829010
6.374587516628302|830010
6.374587516628302|831010
6.374587516628302|832010
6.374587516628302|833010
6.374587516628302|834010
6.374587516628302|835010
6.374587516628302|836010
6.374587516628302|837010
6.374587516628302|838010
6.374587516628302|839010
6.374587516628302|840010
6.374587516628302|841010
6.374587516628302|842010
6.374587516628302|843010
6.374587516628302|844010
6.374587516628302|845010
6.374587516628302|846010
6.374587516628302|847010
6.374587516628302|848010
6.374587516628302|849010
6.374587516628302|850010
6.374587516628302|851010
6.374587516628302|852010
6.374587516628302|853010
6.374587516628302|854010
6.374587516628302|855010
6.374587516628302|856010
6.374587516628302|857010
6.374587516628302|858010
6.374587516628302|859010
6.374587516628302|860010
6.374587516628302|861010
6.374587516628302|862010
6.374587516628302|863010
6.374587516628302|864010
6.374587516628302|865010
6.374587516628302|866010
6.374587516628302|867010
6.374587516628302|868010
6.374587516628302|869010
6.374587516628302|870010
6.374587516628302|871010
6.374587516628302|872010
6.374587516628302|873010
6.374587516628302|874010
6.374587516628302|875010
6.374587516628302|876010
6.374587516628302|877010
6.374587516628302|878010
6.374587516628302|879010
6.374587516628302|880010
6.374587516628302|881010
6.374587516628302|882010
6.374587516628302|883010
6.374587516628302|884010
6.374587516628302|885010
6.374587516628302|886010
6.374587516628302|887010
6.374587516628302|888010
6.374587516628302|889010
6.374587516628302|890010
6.374587516628302|891010
6.374587516628302|892010
6.374587516628302|893010
6.374587516628302|894010
6.374587516628302|895010
6.374587516628302|896010
6.374587516628302|897010
6.374587516628302|898010
6.374587516628302|899010
6.374587516628302|900010
6.374587516628302|901010
6.374587516628302|902010
6.374587516628302|903010
6.374587516628302|904010
6.374587516628302|905010
6.374587516628302|906010
6.374587516628302|907010
6.374587516628302|908010
6.374587516628302|909010
6.374587516628302|910010
6.374587516628302|911010
6.374587516628302|912010
6.374587516628302|913010
6.374587516628302|914010
6.374587516628302|915010
6.374587516628302|916010
6.374587516628302|917010
6.374587516628302|918010
6.374587516628302|919010
6.374587516628302|920010
6.374587516628302|921010
6.374587516628302|922010
6.374587516628302|923010
6.374587516628302|924010
6.374587516628302|925010
6.374587516628302|926010
6.374587516628302|927010
6.374587516628302|928010
6.374587516628302|929010
6.374587516628302|930010
6.374587516628302|931010
6.374587516628302|932010
6.374587516628302|933010
6.374587516628302|934010
6.374587516628302|935010
6.374587516628302|936010
6.374587516628302|937010
6.374587516628302|938010
6.374587516628302|939010
6.374587516628302|940010
6.374587516628302|941010
6.374587516628302|942010
6.374587516628302|943010
6.374587516628302|944010
6.374587516628302|945010
6.374587516628302|946010
6.374587516628302|947010
6.374587516628302|948010
6.374587516628302|949010
6.374587516628302|950010
6.374587516628302|951010
6.374587516628302|952010
6.374587516628302|953010
6.374587516628302|954010
6.374587516628302|955010
6.374587516628302|956010
6.374587516628302|957010
6.374587516628302|958010
6.374587516628302|959010
6.374587516628302|960010
6.374587516628302|961010
6.374587516628302|962010
6.374587516628302|963010
6.374587516628302|964010
6.374587516628302|965010
6.374587516628302|966010
6.374587516628302|967010
6.374587516628302|968010
6.374587516628302|969010
6.374587516628302|970010
6.374587516628302|971010
6.374587516628302|972010
6.374587516628302|973010
6.374587516628302|974010
6.374587516628302|975010
6.374587516628302|976010
6.374587516628302|977010
6.374587516628302|978010
6.374587516628302|979010
6.374587516628302|980010
6.374587516628302|981010
6.374587516628302|982010
6.374587516628302|983010
6.374587516628302|984010
6.374587516628302|985010
6.374587516628302|986010
6.374587516628302|987010
6.374587516628302|988010
6.374587516628302|989010
6.374587516628302|990010
6.374587516628302|991010
6.374587516628302|992010
6.374587516628302|993010
6.374587516628302|994010
6.374587516628302|995010
6.374587516628302|996010
6.374587516628302|997010
6.374587516628302|998010
6.374587516628302|999010
6.374587516628302|1000010
