12.469637218099294|1010
11.26425383691022|2010
10.041403891437046|3010
9.407421486223756|4010
8.899749657656667|5010
8.431199474809377|6010
8.04901344738272|7010
7.948310326973608|8010
7.845670701421907|9010
7.845670701421906|10010
7.825960838758503|11010
7.732921840081323|12010
7.732921840081323|13010
7.411312165985605|14010
7.402574588756499|15010
7.257440299358515|16010
7.204467073669499|17010
7.204467073669499|18010
7.204467073669499|19010
7.165914709012211|20010
7.165914709012211|21010
7.133587548720278|22010
7.133587548720278|23010
7.02609945746481|24010
7.011620611274803|25010
6.832794009394366|26010
6.832794009394366|27010
6.743613093400979|28010
6.654807322967359|29010
6.654807322967359|30010
6.654807322967359|31010
6.654807322967356|32010
6.654807322967356|33010
6.654807322967356|34010
6.654807322967356|35010
6.654807322967356|36010
6.654807322967356|37010
6.654807322967356|38010
6.654807322967356|39010
6.654807322967356|40010
6.654807322967356|41010
6.654807322967356|42010
6.654807322967356|43010
6.654807322967356|44010
6.654807322967356|45010
6.654807322967356|46010
6.654807322967356|47010
6.654807322967356|48010
6.654807322967356|49010
6.654807322967356|50010
6.654807322967356|51010
6.654807322967356|52010
6.654807322967356|53010
6.654807322967356|54010
6.654807322967356|55010
6.654807322967356|56010
6.654807322967356|57010
6.654807322967356|58010
6.654807322967356|59010
6.654807322967356|60010
6.654807322967356|61010
6.654807322967356|62010
6.654807322967356|63010
6.654807322967356|64010
6.654807322967356|65010
6.654807322967356|66010
6.654807322967356|67010
6.654807322967356|68010
6.654807322967356|69010
6.654807322967356|70010
6.654807322967356|71010
6.654807322967356|72010
6.654807322967356|73010
6.654807322967356|74010
6.654807322967356|75010
6.654807322967356|76010
6.654807322967356|77010
6.654807322967356|78010
6.654807322967356|79010
6.654807322967356|80010
6.654807322967356|81010
6.654807322967356|82010
6.654807322967356|83010
6.654807322967356|84010
6.654807322967356|85010
6.654807322967356|86010
6.654807322967356|87010
6.654807322967356|88010
6.654807322967356|89010
6.654807322967356|90010
6.654807322967356|91010
6.654807322967356|92010
6.654807322967356|93010
6.654807322967356|94010
6.654807322967356|95010
6.654807322967356|96010
6.654807322967356|97010
6.654807322967356|98010
6.654807322967356|99010
6.654807322967356|100010
6.654807322967356|101010
6.654807322967356|102010
6.654807322967356|103010
6.654807322967356|104010
6.654807322967356|105010
6.654807322967356|106010
6.654807322967356|107010
6.654807322967356|108010
6.654807322967356|109010
6.654807322967356|110010
6.654807322967356|111010
6.654807322967356|112010
6.654807322967356|113010
6.654807322967356|114010
6.654807322967356|115010
6.654807322967356|116010
6.654807322967356|117010
6.654807322967356|118010
6.654807322967356|119010
6.654807322967356|120010
6.654807322967356|121010
6.654807322967356|122010
6.654807322967356|123010
6.654807322967356|124010
6.654807322967356|125010
6.654807322967356|126010
6.654807322967356|127010
6.654807322967356|128010
6.654807322967356|129010
6.654807322967356|130010
6.654807322967356|131010
6.654807322967356|132010
6.654807322967356|133010
6.654807322967356|134010
6.654807322967356|135010
6.654807322967356|136010
6.654807322967356|137010
6.654807322967356|138010
6.654807322967356|139010
6.654807322967356|140010
6.654807322967356|141010
6.654807322967356|142010
6.654807322967356|143010
6.654807322967356|144010
6.654807322967356|145010
6.654807322967356|146010
6.654807322967356|147010
6.654807322967356|148010
6.654807322967356|149010
6.654807322967356|150010
6.654807322967356|151010
6.654807322967356|152010
6.654807322967356|153010
6.654807322967356|154010
6.654807322967356|155010
6.654807322967356|156010
6.654807322967356|157010
6.654807322967356|158010
6.654807322967356|159010
6.654807322967356|160010
6.654807322967356|161010
6.654807322967356|162010
6.654807322967356|163010
6.654807322967356|164010
6.654807322967356|165010
6.654807322967356|166010
6.654807322967356|167010
6.654807322967356|168010
6.654807322967356|169010
6.654807322967356|170010
6.654807322967356|171010
6.654807322967356|172010
6.654807322967356|173010
6.654807322967356|174010
6.654807322967356|175010
6.654807322967356|176010
6.654807322967356|177010
6.654807322967356|178010
6.654807322967356|179010
6.654807322967356|180010
6.654807322967356|181010
6.654807322967356|182010
6.654807322967356|183010
6.654807322967356|184010
6.654807322967356|185010
6.654807322967356|186010
6.654807322967356|187010
6.654807322967356|188010
6.654807322967356|189010
6.654807322967356|190010
6.654807322967356|191010
6.654807322967356|192010
6.654807322967356|193010
6.654807322967356|194010
6.654807322967356|195010
6.654807322967356|196010
6.654807322967356|197010
6.654807322967356|198010
6.654807322967356|199010
6.654807322967356|200010
6.654807322967356|201010
6.654807322967356|202010
6.654807322967356|203010
6.654807322967356|204010
6.654807322967356|205010
6.654807322967356|206010
6.654807322967356|207010
6.654807322967356|208010
6.654807322967356|209010
6.654807322967356|210010
6.654807322967356|211010
6.654807322967356|212010
6.654807322967356|213010
6.654807322967356|214010
6.654807322967356|215010
6.654807322967356|216010
6.654807322967356|217010
6.654807322967356|218010
6.654807322967356|219010
6.654807322967356|220010
6.654807322967356|221010
6.654807322967356|222010
6.654807322967356|223010
6.654807322967356|224010
6.654807322967356|225010
6.654807322967356|226010
6.654807322967356|227010
6.654807322967356|228010
6.654807322967356|229010
6.654807322967356|230010
6.654807322967356|231010
6.654807322967356|232010
6.654807322967356|233010
6.654807322967356|234010
6.654807322967356|235010
6.654807322967356|236010
6.654807322967356|237010
6.654807322967356|238010
6.654807322967356|239010
6.654807322967356|240010
6.654807322967356|241010
6.654807322967356|242010
6.654807322967356|243010
6.654807322967356|244010
6.654807322967356|245010
6.654807322967356|246010
6.654807322967356|247010
6.654807322967356|248010
6.654807322967356|249010
6.654807322967356|250010
6.654807322967356|251010
6.654807322967356|252010
6.654807322967356|253010
6.654807322967356|254010
6.654807322967356|255010
6.654807322967356|256010
6.654807322967356|257010
6.654807322967356|258010
6.654807322967356|259010
6.654807322967356|260010
6.654807322967356|261010
6.654807322967356|262010
6.654807322967356|263010
6.654807322967356|264010
6.654807322967356|265010
6.654807322967356|266010
6.654807322967356|267010
6.654807322967356|268010
6.654807322967356|269010
6.654807322967356|270010
6.654807322967356|271010
6.654807322967356|272010
6.654807322967356|273010
6.654807322967356|274010
6.654807322967356|275010
6.654807322967356|276010
6.654807322967356|277010
6.654807322967356|278010
6.654807322967356|279010
6.654807322967356|280010
6.654807322967356|281010
6.654807322967356|282010
6.654807322967356|283010
6.654807322967356|284010
6.654807322967356|285010
6.654807322967356|286010
6.654807322967356|287010
6.654807322967356|288010
6.654807322967356|289010
6.654807322967356|290010
6.654807322967356|291010
6.654807322967356|292010
6.654807322967356|293010
6.654807322967356|294010
6.654807322967356|295010
6.654807322967356|296010
6.654807322967356|297010
6.654807322967356|298010
6.654807322967356|299010
6.654807322967356|300010
6.654807322967356|301010
6.654807322967356|302010
6.654807322967356|303010
6.654807322967356|304010
6.654807322967356|305010
6.654807322967356|306010
6.654807322967356|307010
6.654807322967356|308010
6.654807322967356|309010
6.654807322967356|310010
6.654807322967356|311010
6.654807322967356|312010
6.654807322967356|313010
6.654807322967356|314010
6.654807322967356|315010
6.654807322967356|316010
6.654807322967356|317010
6.654807322967356|318010
6.654807322967356|319010
6.654807322967356|320010
6.654807322967356|321010
6.654807322967356|322010
6.654807322967356|323010
6.654807322967356|324010
6.654807322967356|325010
6.654807322967356|326010
6.654807322967356|327010
6.654807322967356|328010
6.654807322967356|329010
6.654807322967356|330010
6.654807322967356|331010
6.654807322967356|332010
6.654807322967356|333010
6.654807322967356|334010
6.654807322967356|335010
6.654807322967356|336010
6.654807322967356|337010
6.654807322967356|338010
6.653050149730707|339010
6.653050149730707|340010
6.653050149730707|341010
6.653050149730707|342010
6.653050149730707|343010
6.653050149730707|344010
6.653050149730707|345010
6.653050149730707|346010
6.653050149730707|347010
6.653050149730707|348010
6.653050149730707|349010
6.653050149730707|350010
6.653050149730707|351010
6.653050149730707|352010
6.653050149730707|353010
6.653050149730707|354010
6.653050149730707|355010
6.653050149730707|356010
6.653050149730707|357010
6.653050149730707|358010
6.653050149730707|359010
6.653050149730707|360010
6.653050149730707|361010
6.653050149730707|362010
6.653050149730707|363010
6.653050149730707|364010
6.653050149730707|365010
6.653050149730707|366010
6.653050149730707|367010
6.653050149730707|368010
6.653050149730707|369010
6.653050149730707|370010
6.653050149730707|371010
6.653050149730707|372010
6.653050149730707|373010
6.653050149730707|374010
6.653050149730707|375010
6.653050149730707|376010
6.653050149730707|377010
6.653050149730707|378010
6.653050149730707|379010
6.653050149730707|380010
6.653050149730707|381010
6.653050149730707|382010
6.653050149730707|383010
6.653050149730707|384010
6.653050149730707|385010
6.653050149730707|386010
6.653050149730707|387010
6.653050149730707|388010
6.653050149730707|389010
6.653050149730707|390010
6.653050149730707|391010
6.653050149730707|392010
6.653050149730707|393010
6.653050149730707|394010
6.653050149730707|395010
6.653050149730707|396010
6.653050149730707|397010
6.653050149730707|398010
6.653050149730707|399010
6.653050149730707|400010
6.653050149730707|401010
6.653050149730707|402010
6.653050149730707|403010
6.653050149730707|404010
6.653050149730707|405010
6.653050149730707|406010
6.653050149730707|407010
6.653050149730707|408010
6.653050149730707|409010
6.653050149730707|410010
6.653050149730707|411010
6.653050149730707|412010
6.653050149730707|413010
6.653050149730707|414010
6.653050149730707|415010
6.653050149730707|416010
6.653050149730707|417010
6.653050149730707|418010
6.653050149730707|419010
6.653050149730707|420010
6.653050149730707|421010
6.653050149730707|422010
6.653050149730707|423010
6.653050149730707|424010
6.653050149730707|425010
6.653050149730707|426010
6.653050149730707|427010
6.653050149730707|428010
6.653050149730707|429010
6.653050149730707|430010
6.653050149730707|431010
6.653050149730707|432010
6.653050149730707|433010
6.653050149730707|434010
6.653050149730707|435010
6.653050149730707|436010
6.653050149730707|437010
6.653050149730707|438010
6.653050149730707|439010
6.653050149730707|440010
6.653050149730707|441010
6.653050149730707|442010
6.653050149730707|443010
6.653050149730707|444010
6.653050149730707|445010
6.653050149730707|446010
6.653050149730707|447010
6.653050149730707|448010
6.653050149730707|449010
6.653050149730707|450010
6.653050149730707|451010
6.653050149730707|452010
6.653050149730707|453010
6.653050149730707|454010
6.653050149730707|455010
6.653050149730707|456010
6.653050149730707|457010
6.653050149730707|458010
6.653050149730707|459010
6.653050149730707|460010
6.653050149730707|461010
6.653050149730707|462010
6.653050149730707|463010
6.653050149730707|464010
6.653050149730707|465010
6.653050149730707|466010
6.653050149730707|467010
6.653050149730707|468010
6.653050149730707|469010
6.653050149730707|470010
6.653050149730707|471010
6.653050149730707|472010
6.509638318537258|473010
6.509638318537258|474010
6.509638318537258|475010
6.509638318537258|476010
6.467416463383538|477010
6.467416463383538|478010
6.452347541606642|479010
6.452347541606642|480010
6.452347541606642|481010
6.452347541606642|482010
6.452347541606642|483010
6.452347541606642|484010
6.452347541606642|485010
6.452347541606642|486010
6.452347541606642|487010
6.452347541606642|488010
6.452347541606642|489010
6.452347541606642|490010
6.452347541606642|491010
6.452347541606642|492010
6.452347541606642|493010
6.452347541606642|494010
6.452347541606642|495010
6.452347541606642|496010
6.452347541606642|497010
6.452347541606642|498010
6.452347541606642|499010
6.452347541606642|500010
6.452347541606642|501010
6.452347541606642|502010
6.452347541606642|503010
6.452347541606642|504010
6.452347541606642|505010
6.452347541606642|506010
6.452347541606642|507010
6.452347541606642|508010
6.452347541606642|509010
6.452347541606642|510010
6.452347541606642|511010
6.452347541606642|512010
6.452347541606642|513010
6.452347541606642|514010
6.452347541606642|515010
6.452347541606642|516010
6.452347541606642|517010
6.452347541606642|518010
6.452347541606642|519010
6.452347541606642|520010
6.452347541606642|521010
6.452347541606642|522010
6.452347541606642|523010
6.452347541606642|524010
6.452347541606642|525010
6.452347541606642|526010
6.452347541606642|527010
6.452347541606642|528010
6.452347541606642|529010
6.452347541606642|530010
6.452347541606642|531010
6.452347541606642|532010
6.452347541606642|533010
6.452347541606642|534010
6.452347541606642|535010
6.452347541606642|536010
6.452347541606642|537010
6.452347541606642|538010
6.452347541606642|539010
6.452347541606642|540010
6.452347541606642|541010
6.452347541606642|542010
6.452347541606642|543010
6.452347541606642|544010
6.452347541606642|545010
6.452347541606642|546010
6.452347541606642|547010
6.452347541606642|548010
6.452347541606642|549010
6.452347541606642|550010
6.452347541606642|551010
6.452347541606642|552010
6.452347541606642|553010
6.452347541606642|554010
6.452347541606642|555010
6.452347541606642|556010
6.452347541606642|557010
6.452347541606642|558010
6.452347541606642|559010
6.452347541606642|560010
6.452347541606642|561010
6.452347541606642|562010
6.452347541606642|563010
6.452347541606642|564010
6.452347541606642|565010
6.452347541606642|566010
6.452347541606642|567010
6.452347541606642|568010
6.452347541606642|569010
6.452347541606642|570010
6.452347541606642|571010
6.452347541606642|572010
6.452347541606642|573010
6.452347541606642|574010
6.452347541606642|575010
6.452347541606642|576010
6.452347541606642|577010
6.422442816977116|578010
6.422442816977116|579010
6.422442816977116|580010
6.422442816977116|581010
6.422442816977116|582010
6.422442816977116|583010
6.422442816977116|584010
6.422442816977116|585010
6.422442816977116|586010
6.422442816977116|587010
6.422442816977116|588010
6.422442816977116|589010
6.422442816977116|590010
6.422442816977116|591010
6.422442816977116|592010
6.422442816977116|593010
6.422442816977116|594010
6.422442816977116|595010
6.422442816977116|596010
6.422442816977116|597010
6.422442816977116|598010
6.422442816977116|599010
6.422442816977116|600010
6.422442816977116|601010
6.422442816977116|602010
6.422442816977116|603010
6.422442816977116|604010
6.422442816977116|605010
6.422442816977116|606010
6.422442816977116|607010
6.422442816977116|608010
6.422442816977116|609010
6.422442816977116|610010
6.422442816977116|611010
6.422442816977116|612010
6.422442816977116|613010
6.422442816977116|614010
6.422442816977116|615010
6.422442816977116|616010
6.422442816977116|617010
6.422442816977116|618010
6.422442816977116|619010
6.422442816977116|620010
6.422442816977116|621010
6.422442816977116|622010
6.422442816977116|623010
6.422442816977116|624010
6.422442816977116|625010
6.422442816977116|626010
6.422442816977116|627010
6.422442816977116|628010
6.422442816977116|629010
6.422442816977116|630010
6.422442816977116|631010
6.422442816977116|632010
6.422442816977116|633010
6.422442816977116|634010
6.422442816977116|635010
6.422442816977116|636010
6.422442816977116|637010
6.422442816977116|638010
6.422442816977116|639010
6.422442816977116|640010
6.422442816977116|641010
6.422442816977116|642010
6.422442816977116|643010
6.422442816977116|644010
6.422442816977116|645010
6.422442816977116|646010
6.422442816977116|647010
6.422442816977116|648010
6.422442816977116|649010
6.422442816977116|650010
6.422442816977116|651010
6.422442816977116|652010
6.422442816977116|653010
6.422442816977116|654010
6.422442816977116|655010
6.422442816977116|656010
6.422442816977116|657010
6.422442816977116|658010
6.422442816977116|659010
6.422442816977116|660010
6.422442816977116|661010
6.422442816977116|662010
6.422442816977116|663010
6.422442816977116|664010
6.422442816977116|665010
6.422442816977116|666010
6.422442816977116|667010
6.422442816977116|668010
6.422442816977116|669010
6.422442816977116|670010
6.422442816977116|671010
6.422442816977116|672010
6.422442816977116|673010
6.422442816977116|674010
6.422442816977116|675010
6.422442816977116|676010
6.422442816977116|677010
6.422442816977116|678010
6.422442816977116|679010
6.422442816977116|680010
6.422442816977116|681010
6.422442816977116|682010
6.422442816977116|683010
6.422442816977116|684010
6.422442816977116|685010
6.422442816977116|686010
6.422442816977116|687010
6.422442816977116|688010
6.422442816977116|689010
6.422442816977116|690010
6.422442816977116|691010
6.422442816977116|692010
6.422442816977116|693010
6.422442816977116|694010
6.422442816977116|695010
6.422442816977116|696010
6.422442816977116|697010
6.422442816977116|698010
6.422442816977116|699010
6.422442816977116|700010
6.422442816977116|701010
6.422442816977116|702010
6.422442816977116|703010
6.422442816977116|704010
6.422442816977116|705010
6.422442816977116|706010
6.422442816977116|707010
6.422442816977116|708010
6.422442816977116|709010
6.422442816977116|710010
6.422442816977116|711010
6.422442816977116|712010
6.422442816977116|713010
6.422442816977116|714010
6.422442816977116|715010
6.422442816977116|716010
6.422442816977116|717010
6.422442816977116|718010
6.422442816977116|719010
6.422442816977116|720010
6.422442816977116|721010
6.422442816977116|722010
6.422442816977116|723010
6.422442816977116|724010
6.422442816977116|725010
6.422442816977116|726010
6.422442816977116|727010
6.422442816977116|728010
6.422442816977116|729010
6.422442816977116|730010
6.422442816977116|731010
6.422442816977116|732010
6.422442816977116|733010
6.422442816977116|734010
6.422442816977116|735010
6.422442816977116|736010
6.422442816977116|737010
6.422442816977116|738010
6.422442816977116|739010
6.332668568533204|740010
6.332668568533204|741010
6.332668568533204|742010
6.332668568533204|743010
6.332668568533204|744010
6.332668568533204|745010
6.332668568533204|746010
6.332668568533204|747010
6.332668568533204|748010
6.332668568533204|749010
6.332668568533204|750010
6.332668568533204|751010
6.332668568533204|752010
6.332668568533204|753010
6.332668568533204|754010
6.332668568533204|755010
6.332668568533204|756010
6.332668568533204|757010
6.332668568533204|758010
6.332668568533204|759010
6.332668568533204|760010
6.332668568533204|761010
6.332668568533204|762010
6.332668568533204|763010
6.332668568533204|764010
6.332668568533204|765010
6.332668568533204|766010
6.332668568533204|767010
6.332668568533204|768010
6.332668568533204|769010
6.332668568533204|770010
6.332668568533204|771010
6.332668568533204|772010
6.332668568533204|773010
6.332668568533204|774010
6.332668568533204|775010
6.332668568533204|776010
6.332668568533204|777010
6.332668568533204|778010
6.332668568533204|779010
6.332668568533204|780010
6.332668568533204|781010
6.332668568533204|782010
6.332668568533204|783010
6.332668568533204|784010
6.332668568533204|785010
6.332668568533204|786010
6.332668568533204|787010
6.332668568533204|788010
6.332668568533204|789010
6.332668568533204|790010
6.332668568533204|791010
6.332668568533204|792010
6.332668568533204|793010
6.332668568533204|794010
6.332668568533204|795010
6.332668568533204|796010
6.332668568533204|797010
6.332668568533204|798010
6.332668568533204|799010
6.332668568533204|800010
6.332668568533204|801010
6.332668568533204|802010
6.332668568533204|803010
6.332668568533204|804010
6.332668568533204|805010
6.332668568533204|806010
6.332668568533204|807010
6.332668568533204|808010
6.332668568533204|809010
6.332668568533204|810010
6.332668568533204|811010
6.332668568533204|812010
6.332668568533204|813010
6.332668568533204|814010
6.332668568533204|815010
6.332668568533204|816010
6.332668568533204|817010
6.332668568533204|818010
6.332668568533204|819010
6.332668568533204|820010
6.332668568533204|821010
6.332668568533204|822010
6.332668568533204|823010
6.332668568533204|824010
6.332668568533204|825010
6.332668568533204|826010
6.332668568533204|827010
6.332668568533204|828010
6.332668568533204|829010
6.332668568533204|830010
6.332668568533204|831010
6.332668568533204|832010
6.332668568533204|833010
6.332668568533204|834010
6.332668568533204|835010
6.332668568533204|836010
6.332668568533204|837010
6.332668568533204|838010
6.332668568533204|839010
6.332668568533204|840010
6.332668568533204|841010
6.332668568533204|842010
6.332668568533204|843010
6.332668568533204|844010
6.332668568533204|845010
6.332668568533204|846010
6.332668568533204|847010
6.332668568533204|848010
6.332668568533204|849010
6.332668568533204|850010
6.332668568533204|851010
6.332668568533204|852010
6.332668568533204|853010
6.332668568533204|854010
6.332668568533204|855010
6.332668568533204|856010
6.332668568533204|857010
6.332668568533204|858010
6.332668568533204|859010
6.332668568533204|860010
6.332668568533204|861010
6.332668568533204|862010
6.332668568533204|863010
6.332668568533204|864010
6.332668568533204|865010
6.332668568533204|866010
6.332668568533204|867010
6.332668568533204|868010
6.332668568533204|869010
6.332668568533204|870010
6.332668568533204|871010
6.332668568533204|872010
6.332668568533204|873010
6.332668568533204|874010
6.332668568533204|875010
6.332668568533204|876010
6.332668568533204|877010
6.332668568533204|878010
6.332668568533204|879010
6.332668568533204|880010
6.332668568533204|881010
6.332668568533204|882010
6.332668568533204|883010
6.332668568533204|884010
6.332668568533204|885010
6.332668568533204|886010
6.332668568533204|887010
6.332668568533204|888010
6.332668568533204|889010
6.332668568533204|890010
6.332668568533204|891010
6.332668568533204|892010
6.332668568533204|893010
6.332668568533204|894010
6.332668568533204|895010
6.332668568533204|896010
6.332668568533204|897010
6.332668568533204|898010
6.332668568533204|899010
6.332668568533204|900010
6.332668568533204|901010
6.332668568533204|902010
6.332668568533204|903010
6.332668568533204|904010
6.332668568533204|905010
6.332668568533204|906010
6.332668568533204|907010
6.332668568533204|908010
6.332668568533204|909010
6.332668568533204|910010
6.332668568533204|911010
6.332668568533204|912010
6.332668568533204|913010
6.332668568533204|914010
6.332668568533204|915010
6.332668568533204|916010
6.332668568533204|917010
6.332668568533204|918010
6.332668568533204|919010
6.332668568533204|920010
6.332668568533204|921010
6.332668568533204|922010
6.332668568533204|923010
6.332668568533204|924010
6.332668568533204|925010
6.332668568533204|926010
6.332668568533204|927010
6.332668568533204|928010
6.332668568533204|929010
6.332668568533204|930010
6.332668568533204|931010
6.332668568533204|932010
6.332668568533204|933010
6.332668568533204|934010
6.332668568533204|935010
6.332668568533204|936010
6.332668568533204|937010
6.332668568533204|938010
6.332668568533204|939010
6.332668568533204|940010
6.332668568533204|941010
6.332668568533204|942010
6.332668568533204|943010
6.332668568533204|944010
6.332668568533204|945010
6.332668568533204|946010
6.332668568533204|947010
6.332668568533204|948010
6.332668568533204|949010
6.332668568533204|950010
6.332668568533204|951010
6.332668568533204|952010
6.332668568533204|953010
6.332668568533204|954010
6.332668568533204|955010
6.332668568533204|956010
6.332668568533204|957010
6.332668568533204|958010
6.332668568533204|959010
6.332668568533204|960010
6.332668568533204|961010
6.332668568533204|962010
6.332668568533204|963010
6.332668568533204|964010
6.332668568533204|965010
6.332668568533204|966010
6.332668568533204|967010
6.332668568533204|968010
6.332668568533204|969010
6.332668568533204|970010
6.332668568533204|971010
6.332668568533204|972010
6.332668568533204|973010
6.332668568533204|974010
6.332668568533204|975010
6.332668568533204|976010
6.332668568533204|977010
6.332668568533204|978010
6.332668568533204|979010
6.332668568533204|980010
6.332668568533204|981010
6.332668568533204|982010
6.332668568533204|983010
6.332668568533204|984010
6.332668568533204|985010
6.332668568533204|986010
6.332668568533204|987010
6.332668568533204|988010
6.332668568533204|989010
6.332668568533204|990010
6.332668568533204|991010
6.332668568533204|992010
6.332668568533204|993010
6.332668568533204|994010
6.332668568533204|995010
6.332668568533204|996010
6.332668568533204|997010
6.332668568533204|998010
6.332668568533204|999010
6.332668568533204|1000010
