14.20101129087573|1010
11.440239595364451|2010
10.32188879924376|3010
9.576052780063572|4010
9.298796875067284|5010
9.002461221176558|6010
8.931056095833323|7010
8.730856548277075|8010
8.565785825298908|9010
8.565785825298905|10010
8.54240220642177|11010
8.412959259258852|12010
8.136300436547891|13010
8.113667430910501|14010
8.071762659139216|15010
8.04930275126588|16010
7.98031442936486|17010
7.835920346473766|18010
7.821430652242147|19010
7.777824672959428|20010
7.694839870612674|21010
7.590604160246391|22010
7.552376812314704|23010
7.529268214386771|24010
7.4835000503800035|25010
7.4835000503800035|26010
7.366142228133767|27010
7.333815067841836|28010
7.291593212688114|29010
7.286351142520526|30010
7.286351142520526|31010
7.286351142520526|32010
7.286351142520526|33010
7.286351142520526|34010
7.286351142520526|35010
7.286351142520526|36010
7.28437437838417|37010
7.28437437838417|38010
7.28437437838417|39010
7.272066161658168|40010
7.229011288445246|41010
7.179194620337995|42010
7.179194620337995|43010
7.179194620337995|44010
7.179194620337994|45010
7.002498518836416|46010
7.002498518836416|47010
7.002498518836416|48010
7.002498518836416|49010
7.002498518836416|50010
7.002498518836416|51010
7.002498518836416|52010
7.002498518836416|53010
7.002498518836416|54010
7.002498518836416|55010
7.002498518836416|56010
7.002498518836416|57010
7.002498518836416|58010
7.002498518836416|59010
7.002498518836416|60010
7.002498518836416|61010
7.002498518836416|62010
7.002498518836416|63010
7.002498518836416|64010
7.002498518836416|65010
7.002498518836416|66010
7.002498518836416|67010
7.002498518836416|68010
7.002498518836416|69010
7.002498518836416|70010
7.002498518836416|71010
7.002498518836416|72010
7.002498518836416|73010
7.002498518836416|74010
7.002498518836416|75010
7.002498518836416|76010
7.002498518836416|77010
7.002498518836416|78010
7.002498518836416|79010
7.002498518836416|80010
7.002498518836416|81010
7.002498518836416|82010
7.002498518836416|83010
7.002498518836416|84010
7.002498518836416|85010
7.002498518836416|86010
7.002498518836416|87010
7.002498518836416|88010
7.002498518836416|89010
7.002498518836416|90010
7.002498518836416|91010
7.002498518836416|92010
7.002498518836416|93010
7.002498518836416|94010
7.002498518836416|95010
7.002498518836416|96010
7.002498518836416|97010
7.002498518836416|98010
7.002498518836416|99010
7.002498518836416|100010
7.002498518836416|101010
7.002498518836416|102010
7.002498518836416|103010
7.002498518836416|104010
7.002498518836416|105010
7.002498518836416|106010
7.002498518836416|107010
7.002498518836416|108010
7.002498518836416|109010
7.002498518836416|110010
7.002498518836416|111010
7.002498518836416|112010
7.002498518836416|113010
7.002498518836416|114010
7.002498518836416|115010
7.002498518836416|116010
7.002498518836416|117010
7.002498518836416|118010
7.002498518836416|119010
7.002498518836416|120010
7.002498518836416|121010
7.002498518836416|122010
7.002498518836416|123010
7.002498518836416|124010
7.002498518836416|125010
7.002498518836416|126010
7.002498518836416|127010
7.002498518836416|128010
7.002498518836416|129010
7.002498518836416|130010
7.002498518836416|131010
7.002498518836416|132010
7.002498518836416|133010
7.002498518836416|134010
7.002498518836416|135010
6.840341170007156|136010
6.840341170007156|137010
6.812538910840057|138010
6.804558106726528|139010
6.804558106726527|140010
6.804558106726527|141010
6.804558106726527|142010
6.804558106726527|143010
6.730353402993539|144010
6.705676572603841|145010
6.705676572603841|146010
6.705676572603841|147010
6.705676572603841|148010
6.705676572603841|149010
6.705676572603841|150010
6.705676572603841|151010
6.705676572603841|152010
6.705676572603841|153010
6.705676572603841|154010
6.705676572603841|155010
6.705676572603841|156010
6.705676572603841|157010
6.705676572603841|158010
6.705676572603841|159010
6.705676572603841|160010
6.705676572603841|161010
6.705676572603841|162010
6.705676572603841|163010
6.705676572603841|164010
6.705676572603841|165010
6.705676572603841|166010
6.705676572603841|167010
6.705676572603841|168010
6.705676572603841|169010
6.705676572603841|170010
6.705676572603841|171010
6.705676572603841|172010
6.705676572603841|173010
6.705676572603841|174010
6.705676572603841|175010
6.705676572603841|176010
6.705676572603841|177010
6.705676572603841|178010
6.705676572603841|179010
6.705676572603841|180010
6.705676572603841|181010
6.705676572603841|182010
6.705676572603841|183010
6.705676572603841|184010
6.705676572603841|185010
6.705676572603841|186010
6.705676572603841|187010
6.705676572603841|188010
6.705676572603841|189010
6.705676572603841|190010
6.705676572603841|191010
6.705676572603841|192010
6.705676572603841|193010
6.705676572603841|194010
6.705676572603841|195010
6.705676572603841|196010
6.705676572603841|197010
6.705676572603841|198010
6.705676572603841|199010
6.705676572603841|200010
6.705676572603841|201010
6.705676572603841|202010
6.705676572603841|203010
6.705676572603841|204010
6.705676572603841|205010
6.705676572603841|206010
6.705676572603841|207010
6.705676572603841|208010
6.705676572603841|209010
6.705676572603841|210010
6.705676572603841|211010
6.705676572603841|212010
6.705676572603841|213010
6.705676572603841|214010
6.705676572603841|215010
6.705676572603841|216010
6.705676572603841|217010
6.705676572603841|218010
6.705676572603841|219010
6.705676572603841|220010
6.703546072224982|221010
6.703546072224982|222010
6.703546072224982|223010
6.703546072224982|224010
6.703546072224982|225010
6.703546072224982|226010
6.703546072224982|227010
6.703546072224982|228010
6.703546072224982|229010
6.703546072224982|230010
6.703546072224982|231010
6.703546072224982|232010
6.703546072224982|233010
6.703546072224982|234010
6.703546072224982|235010
6.703546072224982|236010
6.703546072224982|237010
6.703546072224982|238010
6.703546072224982|239010
6.703546072224982|240010
6.703546072224982|241010
6.703546072224982|242010
6.703546072224982|243010
6.703546072224982|244010
6.703546072224982|245010
6.703546072224982|246010
6.703546072224982|247010
6.703546072224982|248010
6.703546072224982|249010
6.703546072224982|250010
6.703546072224982|251010
6.703546072224982|252010
6.703546072224982|253010
6.703546072224982|254010
6.703546072224982|255010
6.703546072224982|256010
6.703546072224981|257010
6.703546072224981|258010
6.703546072224981|259010
6.703546072224981|260010
6.703546072224981|261010
6.703546072224981|262010
6.703546072224981|263010
6.703546072224981|264010
6.703546072224981|265010
6.703546072224981|266010
6.703546072224981|267010
6.703546072224981|268010
6.703546072224981|269010
6.703546072224981|270010
6.703546072224981|271010
6.703546072224981|272010
6.703546072224981|273010
6.703546072224981|274010
6.703546072224981|275010
6.703546072224981|276010
6.703546072224981|277010
6.703546072224981|278010
6.703546072224981|279010
6.703546072224981|280010
6.703546072224981|281010
6.703546072224981|282010
6.703546072224981|283010
6.703546072224981|284010
6.703546072224981|285010
6.703546072224981|286010
6.703546072224981|287010
6.703546072224981|288010
6.703546072224981|289010
6.703546072224981|290010
6.703546072224981|291010
6.703546072224981|292010
6.703546072224981|293010
6.703546072224981|294010
6.703546072224981|295010
6.703546072224981|296010
6.703546072224981|297010
6.703546072224981|298010
6.703546072224981|299010
6.703546072224981|300010
6.703546072224981|301010
6.703546072224981|302010
6.703546072224981|303010
6.703546072224981|304010
6.703546072224981|305010
6.703546072224981|306010
6.703546072224981|307010
6.703546072224981|308010
6.703546072224981|309010
6.703546072224981|310010
6.703546072224981|311010
6.703546072224981|312010
6.703546072224981|313010
6.703546072224981|314010
6.703546072224981|315010
6.703546072224981|316010
6.703546072224981|317010
6.703546072224981|318010
6.703546072224981|319010
6.703546072224981|320010
6.703546072224981|321010
6.703546072224981|322010
6.703546072224981|323010
6.703546072224981|324010
6.703546072224981|325010
6.703546072224981|326010
6.703546072224981|327010
6.703546072224981|328010
6.703546072224981|329010
6.703546072224981|330010
6.703546072224981|331010
6.703546072224981|332010
6.703546072224981|333010
6.703546072224981|334010
6.703546072224981|335010
6.703546072224981|336010
6.703546072224981|337010
6.703546072224981|338010
6.703546072224981|339010
6.703546072224981|340010
6.703546072224981|341010
6.703546072224981|342010
6.703546072224981|343010
6.640269958646191|344010
6.640269958646191|345010
6.640269958646191|346010
6.596046974434675|347010
6.596046974434675|348010
6.596046974434675|349010
6.596046974434675|350010
6.596046974434675|351010
6.596046974434675|352010
6.596046974434675|353010
6.596046974434675|354010
6.596046974434675|355010
6.596046974434675|356010
6.596046974434675|357010
6.596046974434675|358010
6.596046974434675|359010
6.596046974434675|360010
6.596046974434675|361010
6.596046974434675|362010
6.596046974434675|363010
6.596046974434675|364010
6.596046974434675|365010
6.596046974434675|366010
6.596046974434675|367010
6.596046974434675|368010
6.596046974434675|369010
6.596046974434675|370010
6.596046974434675|371010
6.596046974434675|372010
6.596046974434675|373010
6.596046974434675|374010
6.596046974434675|375010
6.596046974434675|376010
6.596046974434675|377010
6.596046974434675|378010
6.596046974434675|379010
6.596046974434675|380010
6.596046974434675|381010
6.596046974434675|382010
6.596046974434675|383010
6.596046974434675|384010
6.596046974434675|385010
6.596046974434675|386010
6.596046974434675|387010
6.596046974434675|388010
6.596046974434675|389010
6.596046974434675|390010
6.596046974434675|391010
6.596046974434675|392010
6.596046974434675|393010
6.596046974434675|394010
6.596046974434675|395010
6.596046974434675|396010
6.596046974434675|397010
6.596046974434675|398010
6.596046974434675|399010
6.596046974434675|400010
6.596046974434675|401010
6.596046974434675|402010
6.596046974434675|403010
6.596046974434675|404010
6.596046974434675|405010
6.596046974434675|406010
6.596046974434675|407010
6.596046974434675|408010
6.596046974434675|409010
6.596046974434675|410010
6.596046974434675|411010
6.596046974434675|412010
6.596046974434675|413010
6.596046974434675|414010
6.596046974434675|415010
6.596046974434675|416010
6.596046974434675|417010
6.596046974434675|418010
6.596046974434675|419010
6.596046974434675|420010
6.596046974434675|421010
6.596046974434675|422010
6.596046974434675|423010
6.596046974434675|424010
6.596046974434675|425010
6.596046974434675|426010
6.596046974434675|427010
6.5824087576756085|428010
6.541798229407146|429010
6.541798229407146|430010
6.541798229407146|431010
6.541798229407146|432010
6.541798229407146|433010
6.541798229407146|434010
6.541798229407146|435010
6.541798229407146|436010
6.541798229407146|437010
6.440714285678397|438010
6.440714285678397|439010
6.440714285678397|440010
6.440714285678397|441010
6.440714285678397|442010
6.440714285678396|443010
6.440714285678396|444010
6.440714285678396|445010
6.440714285678396|446010
6.440714285678396|447010
6.440714285678396|448010
6.440714285678396|449010
6.440714285678396|450010
6.440714285678396|451010
6.440714285678396|452010
6.440714285678396|453010
6.440714285678396|454010
6.440714285678396|455010
6.433507577958437|456010
6.433507577958437|457010
6.433507577958437|458010
6.4016993446287795|459010
6.3203239577235655|460010
6.3203239577235655|461010
6.3203239577235655|462010
6.3203239577235655|463010
6.3203239577235655|464010
6.3203239577235655|465010
6.3203239577235655|466010
6.3203239577235655|467010
6.3203239577235655|468010
6.3203239577235655|469010
6.3203239577235655|470010
6.3203239577235655|471010
6.3203239577235655|472010
6.320323957723565|473010
6.320323957723565|474010
6.320323957723565|475010
6.320323957723565|476010
6.320323957723565|477010
6.320323957723565|478010
6.320323957723565|479010
6.320323957723565|480010
6.320323957723565|481010
6.320323957723565|482010
6.320323957723565|483010
6.320323957723565|484010
6.320323957723565|485010
6.320323957723565|486010
6.320323957723565|487010
6.320323957723565|488010
6.320323957723565|489010
6.320323957723565|490010
6.320323957723565|491010
6.320323957723565|492010
6.320323957723565|493010
6.320323957723565|494010
6.320323957723565|495010
6.320323957723565|496010
6.320323957723565|497010
6.320323957723565|498010
6.320323957723565|499010
6.320323957723565|500010
6.320323957723565|501010
6.320323957723565|502010
6.320323957723565|503010
6.320323957723565|504010
6.320323957723565|505010
6.320323957723565|506010
6.320323957723565|507010
6.320323957723565|508010
6.320323957723565|509010
6.320323957723565|510010
6.320323957723565|511010
6.320323957723565|512010
6.320323957723565|513010
6.320323957723565|514010
6.320323957723565|515010
6.320323957723565|516010
6.320323957723565|517010
6.320323957723565|518010
6.320323957723565|519010
6.320323957723565|520010
6.320323957723565|521010
6.320323957723565|522010
6.320323957723565|523010
6.320323957723565|524010
6.320323957723565|525010
6.320323957723565|526010
6.320323957723565|527010
6.288206590093269|528010
6.288206590093269|529010
6.187240087169581|530010
6.187240087169581|531010
6.18724008716958|532010
6.18724008716958|533010
6.18724008716958|534010
6.18724008716958|535010
6.18724008716958|536010
6.18724008716958|537010
6.18724008716958|538010
6.18724008716958|539010
6.18724008716958|540010
6.18724008716958|541010
6.18724008716958|542010
6.18724008716958|543010
6.18724008716958|544010
6.18724008716958|545010
6.18724008716958|546010
6.18724008716958|547010
6.18724008716958|548010
6.18724008716958|549010
6.18724008716958|550010
6.18724008716958|551010
6.18724008716958|552010
6.18724008716958|553010
6.18724008716958|554010
6.18724008716958|555010
6.18724008716958|556010
6.18724008716958|557010
6.18724008716958|558010
6.18724008716958|559010
6.18724008716958|560010
6.18724008716958|561010
6.18724008716958|562010
6.18724008716958|563010
6.18724008716958|564010
6.18724008716958|565010
6.18724008716958|566010
6.18724008716958|567010
6.18724008716958|568010
6.18724008716958|569010
6.18724008716958|570010
6.18724008716958|571010
6.18724008716958|572010
6.18724008716958|573010
6.18724008716958|574010
6.18724008716958|575010
6.18724008716958|576010
6.18724008716958|577010
6.18724008716958|578010
6.18724008716958|579010
6.18724008716958|580010
6.18724008716958|581010
6.18724008716958|582010
6.18724008716958|583010
6.18724008716958|584010
6.18724008716958|585010
6.18724008716958|586010
6.18724008716958|587010
6.18724008716958|588010
6.18724008716958|589010
6.18724008716958|590010
6.18724008716958|591010
6.18724008716958|592010
6.18724008716958|593010
6.18724008716958|594010
6.18724008716958|595010
6.18724008716958|596010
6.18724008716958|597010
6.18724008716958|598010
6.18724008716958|599010
6.18724008716958|600010
6.18724008716958|601010
6.18724008716958|602010
6.18724008716958|603010
6.18724008716958|604010
6.18724008716958|605010
6.18724008716958|606010
6.18724008716958|607010
6.18724008716958|608010
6.18724008716958|609010
6.18724008716958|610010
6.18724008716958|611010
6.18724008716958|612010
6.18724008716958|613010
6.18724008716958|614010
6.18724008716958|615010
6.18724008716958|616010
6.18724008716958|617010
6.18724008716958|618010
6.18724008716958|619010
6.18724008716958|620010
6.18724008716958|621010
6.18724008716958|622010
6.18724008716958|623010
6.18724008716958|624010
6.18724008716958|625010
6.18724008716958|626010
6.18724008716958|627010
6.18724008716958|628010
6.18724008716958|629010
6.18724008716958|630010
6.18724008716958|631010
6.18724008716958|632010
6.18724008716958|633010
6.18724008716958|634010
6.18724008716958|635010
6.18724008716958|636010
6.18724008716958|637010
6.18724008716958|638010
6.18724008716958|639010
6.18724008716958|640010
6.18724008716958|641010
6.18724008716958|642010
6.18724008716958|643010
6.18724008716958|644010
6.18724008716958|645010
6.18724008716958|646010
6.18724008716958|647010
6.18724008716958|648010
6.18724008716958|649010
6.18724008716958|650010
6.18724008716958|651010
6.18724008716958|652010
6.18724008716958|653010
6.18724008716958|654010
6.18724008716958|655010
6.18724008716958|656010
6.18724008716958|657010
6.18724008716958|658010
6.18724008716958|659010
6.18724008716958|660010
6.18724008716958|661010
6.18724008716958|662010
6.18724008716958|663010
6.18724008716958|664010
6.18724008716958|665010
6.18724008716958|666010
6.18724008716958|667010
6.18724008716958|668010
6.18724008716958|669010
6.18724008716958|670010
6.18724008716958|671010
6.18724008716958|672010
6.18724008716958|673010
6.18724008716958|674010
6.18724008716958|675010
6.18724008716958|676010
6.18724008716958|677010
6.18724008716958|678010
6.18724008716958|679010
6.18724008716958|680010
6.18724008716958|681010
6.18724008716958|682010
6.18724008716958|683010
6.18724008716958|684010
6.18724008716958|685010
6.18724008716958|686010
6.18724008716958|687010
6.18724008716958|688010
6.18724008716958|689010
6.18724008716958|690010
6.18724008716958|691010
6.18724008716958|692010
6.18724008716958|693010
6.18724008716958|694010
6.18724008716958|695010
6.18724008716958|696010
6.18724008716958|697010
6.18724008716958|698010
6.18724008716958|699010
6.18724008716958|700010
6.18724008716958|701010
6.18724008716958|702010
6.18724008716958|703010
6.18724008716958|704010
6.18724008716958|705010
6.18724008716958|706010
6.18724008716958|707010
6.18724008716958|708010
6.18724008716958|709010
6.18724008716958|710010
6.18724008716958|711010
6.18724008716958|712010
6.18724008716958|713010
6.18724008716958|714010
6.18724008716958|715010
6.18724008716958|716010
6.18724008716958|717010
6.18724008716958|718010
6.18724008716958|719010
6.18724008716958|720010
6.18724008716958|721010
6.18724008716958|722010
6.18724008716958|723010
6.18724008716958|724010
6.18724008716958|725010
6.18724008716958|726010
6.18724008716958|727010
6.18724008716958|728010
6.18724008716958|729010
6.18724008716958|730010
6.18724008716958|731010
6.18724008716958|732010
6.18724008716958|733010
6.18724008716958|734010
6.18724008716958|735010
6.18724008716958|736010
6.18724008716958|737010
6.18724008716958|738010
6.18724008716958|739010
6.18724008716958|740010
6.18724008716958|741010
6.18724008716958|742010
6.18724008716958|743010
6.18724008716958|744010
6.18724008716958|745010
6.18724008716958|746010
6.18724008716958|747010
6.18724008716958|748010
6.18724008716958|749010
6.18724008716958|750010
6.18724008716958|751010
6.18724008716958|752010
6.18724008716958|753010
6.18724008716958|754010
6.18724008716958|755010
6.18724008716958|756010
6.18724008716958|757010
6.18724008716958|758010
6.18724008716958|759010
6.18724008716958|760010
6.18724008716958|761010
6.18724008716958|762010
6.18724008716958|763010
6.18724008716958|764010
6.18724008716958|765010
6.18724008716958|766010
6.18724008716958|767010
6.18724008716958|768010
6.18724008716958|769010
6.18724008716958|770010
6.18724008716958|771010
6.18724008716958|772010
6.18724008716958|773010
6.18724008716958|774010
6.18724008716958|775010
6.18724008716958|776010
6.18724008716958|777010
6.18724008716958|778010
6.18724008716958|779010
6.18724008716958|780010
6.18724008716958|781010
6.18724008716958|782010
6.18724008716958|783010
6.18724008716958|784010
6.18724008716958|785010
6.18724008716958|786010
6.18724008716958|787010
6.18724008716958|788010
6.18724008716958|789010
6.18724008716958|790010
6.18724008716958|791010
6.18724008716958|792010
6.18724008716958|793010
6.18724008716958|794010
6.18724008716958|795010
6.18724008716958|796010
6.18724008716958|797010
6.18724008716958|798010
6.18724008716958|799010
6.18724008716958|800010
6.18724008716958|801010
6.18724008716958|802010
6.18724008716958|803010
6.18724008716958|804010
6.18724008716958|805010
6.18724008716958|806010
6.18724008716958|807010
6.18724008716958|808010
6.18724008716958|809010
6.18724008716958|810010
6.18724008716958|811010
6.18724008716958|812010
6.18724008716958|813010
6.18724008716958|814010
6.18724008716958|815010
6.18724008716958|816010
6.18724008716958|817010
6.18724008716958|818010
6.18724008716958|819010
6.18724008716958|820010
6.18724008716958|821010
6.18724008716958|822010
6.18724008716958|823010
6.18724008716958|824010
6.18724008716958|825010
6.18724008716958|826010
6.18724008716958|827010
6.18724008716958|828010
6.18724008716958|829010
6.18724008716958|830010
6.18724008716958|831010
6.18724008716958|832010
6.18724008716958|833010
6.18724008716958|834010
6.18724008716958|835010
6.18724008716958|836010
6.18724008716958|837010
6.18724008716958|838010
6.18724008716958|839010
6.18724008716958|840010
6.18724008716958|841010
6.18724008716958|842010
6.18724008716958|843010
6.18724008716958|844010
6.18724008716958|845010
6.18724008716958|846010
6.18724008716958|847010
6.18724008716958|848010
6.18724008716958|849010
6.18724008716958|850010
6.18724008716958|851010
6.18724008716958|852010
6.18724008716958|853010
6.18724008716958|854010
6.18724008716958|855010
6.18724008716958|856010
6.18724008716958|857010
6.18724008716958|858010
6.18724008716958|859010
6.18724008716958|860010
6.18724008716958|861010
6.18724008716958|862010
6.18724008716958|863010
6.18724008716958|864010
6.18724008716958|865010
6.18724008716958|866010
6.18724008716958|867010
6.18724008716958|868010
6.18724008716958|869010
6.18724008716958|870010
6.18724008716958|871010
6.18724008716958|872010
6.18724008716958|873010
6.18724008716958|874010
6.18724008716958|875010
6.18724008716958|876010
6.18724008716958|877010
6.18724008716958|878010
6.18724008716958|879010
6.108229809457091|880010
6.108229809457091|881010
6.108229809457091|882010
6.108229809457091|883010
6.108229809457091|884010
6.108229809457091|885010
6.108229809457091|886010
6.108229809457091|887010
6.106171077148752|888010
6.106171077148752|889010
6.106171077148752|890010
6.106171077148752|891010
6.106171077148752|892010
6.106171077148752|893010
6.106171077148752|894010
6.106171077148752|895010
6.106171077148752|896010
6.106171077148752|897010
6.106171077148752|898010
6.106171077148752|899010
6.106171077148752|900010
6.106171077148752|901010
6.106171077148752|902010
6.106171077148752|903010
6.106171077148752|904010
6.106171077148752|905010
6.106171077148752|906010
6.106171077148752|907010
6.106171077148752|908010
6.106171077148752|909010
6.106171077148752|910010
6.106171077148752|911010
6.106171077148752|912010
6.106171077148752|913010
6.106171077148752|914010
6.106171077148752|915010
6.106171077148752|916010
6.106171077148752|917010
6.106171077148752|918010
6.106171077148752|919010
6.106171077148752|920010
6.106171077148752|921010
6.106171077148752|922010
6.106171077148752|923010
6.106171077148752|924010
6.106171077148752|925010
6.106171077148752|926010
6.106171077148752|927010
6.106171077148752|928010
6.106171077148752|929010
6.106171077148752|930010
6.106171077148752|931010
6.106171077148752|932010
6.106171077148752|933010
6.106171077148752|934010
6.106171077148752|935010
6.106171077148752|936010
6.106171077148752|937010
6.106171077148752|938010
6.106171077148752|939010
6.106171077148752|940010
6.106171077148752|941010
6.106171077148752|942010
6.106171077148752|943010
6.106171077148752|944010
6.106171077148752|945010
6.106171077148752|946010
6.106171077148752|947010
6.106171077148752|948010
6.106171077148752|949010
6.106171077148752|950010
6.106171077148752|951010
6.106171077148752|952010
6.106171077148752|953010
6.106171077148752|954010
6.106171077148752|955010
6.106171077148752|956010
6.106171077148752|957010
6.106171077148752|958010
6.106171077148752|959010
6.106171077148752|960010
6.106171077148752|961010
6.106171077148752|962010
6.106171077148752|963010
6.106171077148752|964010
6.106171077148752|965010
6.106171077148752|966010
6.106171077148752|967010
6.106171077148752|968010
6.106171077148752|969010
6.106171077148752|970010
6.106171077148752|971010
6.106171077148752|972010
6.106171077148752|973010
6.106171077148752|974010
6.106171077148752|975010
6.106171077148752|976010
6.106171077148752|977010
6.106171077148752|978010
6.106171077148752|979010
6.106171077148752|980010
6.106171077148752|981010
6.106171077148752|982010
6.106171077148752|983010
6.106171077148752|984010
6.106171077148752|985010
6.106171077148752|986010
6.106171077148752|987010
6.106171077148752|988010
6.106171077148752|989010
6.106171077148752|990010
6.106171077148752|991010
6.106171077148752|992010
6.106171077148752|993010
6.106171077148752|994010
6.106171077148752|995010
6.106171077148752|996010
6.106171077148752|997010
6.106171077148752|998010
6.106171077148752|999010
6.106171077148752|1000010
