14.510618601160564|1010
11.34618125615049|2010
10.538774235007953|3010
9.64334655038251|4010
9.336156401484164|5010
9.140328891870038|6010
8.752873571350031|7010
8.4895939408331|8010
8.455365209886372|9010
8.446144299747921|10010
8.403491938530346|11010
8.403491938530346|12010
8.365929047156378|13010
8.365929047156378|14010
8.347385545737689|15010
8.347385545737689|16010
8.325228897840246|17010
7.894635420738611|18010
7.894635420738609|19010
7.894635420738609|20010
7.894635420738609|21010
7.7881472465051775|22010
7.446317576459474|23010
7.26127451080759|24010
7.26127451080759|25010
7.26127451080759|26010
7.26127451080759|27010
7.26127451080759|28010
7.26127451080759|29010
7.26127451080759|30010
7.26127451080759|31010
7.228947350515658|32010
7.228947350515658|33010
7.186725495361938|34010
7.186725495361938|35010
7.186725495361938|36010
7.186725495361938|37010
7.186725495361938|38010
7.186725495361938|39010
7.171656573585042|40010
7.171656573585042|41010
7.171656573585042|42010
7.171656573585042|43010
7.171656573585042|44010
7.171656573585042|45010
7.171656573585042|46010
7.171656573585042|47010
7.171656573585041|48010
7.171656573585041|49010
7.171656573585041|50010
7.171656573585041|51010
7.171656573585041|52010
7.171656573585041|53010
7.171656573585041|54010
7.171656573585041|55010
7.171656573585041|56010
7.171656573585041|57010
7.171656573585041|58010
7.171656573585041|59010
7.171656573585041|60010
7.171656573585041|61010
7.171656573585041|62010
7.171656573585041|63010
7.171656573585041|64010
7.171656573585041|65010
7.171656573585041|66010
7.171656573585041|67010
7.171656573585041|68010
7.171656573585041|69010
7.171656573585041|70010
7.171656573585041|71010
7.171656573585041|72010
7.171656573585041|73010
7.171656573585041|74010
7.171656573585041|75010
7.171656573585041|76010
7.171656573585041|77010
7.171656573585041|78010
7.171656573585041|79010
7.171656573585041|80010
7.171656573585041|81010
7.171656573585041|82010
7.171656573585041|83010
7.171656573585041|84010
7.171656573585041|85010
7.171656573585041|86010
7.171656573585041|87010
7.171656573585041|88010
7.171656573585041|89010
7.171656573585041|90010
7.171656573585041|91010
7.171656573585041|92010
7.171656573585041|93010
7.171656573585041|94010
7.171656573585041|95010
7.171656573585041|96010
7.171656573585041|97010
7.171656573585041|98010
7.171656573585041|99010
7.171656573585041|100010
7.171656573585041|101010
7.171656573585041|102010
7.171656573585041|103010
7.171656573585041|104010
7.171656573585041|105010
7.171656573585041|106010
7.171656573585041|107010
7.171656573585041|108010
7.171656573585041|109010
7.171656573585041|110010
7.171656573585041|111010
7.114510002538302|112010
7.114510002538302|113010
7.114510002538302|114010
7.114510002538302|115010
6.977958272056083|116010
6.977958272056083|117010
6.977958272056083|118010
6.977958272056083|119010
6.977958272056083|120010
6.977958272056083|121010
6.977958272056083|122010
6.977958272056083|123010
6.977958272056083|124010
6.977958272056083|125010
6.977958272056083|126010
6.977958272056083|127010
6.977958272056083|128010
6.977958272056083|129010
6.977958272056083|130010
6.977958272056083|131010
6.977958272056083|132010
6.977958272056083|133010
6.787601315134216|134010
6.787601315134216|135010
6.787601315134216|136010
6.7876013151342125|137010
6.7876013151342125|138010
6.7876013151342125|139010
6.7876013151342125|140010
6.7876013151342125|141010
6.7876013151342125|142010
6.7876013151342125|143010
6.7876013151342125|144010
6.7876013151342125|145010
6.7876013151342125|146010
6.7876013151342125|147010
6.7876013151342125|148010
6.7876013151342125|149010
6.7876013151342125|150010
6.7876013151342125|151010
6.7876013151342125|152010
6.7876013151342125|153010
6.7876013151342125|154010
6.7876013151342125|155010
6.7876013151342125|156010
6.7876013151342125|157010
6.7876013151342125|158010
6.7876013151342125|159010
6.7876013151342125|160010
6.7876013151342125|161010
6.7876013151342125|162010
6.7876013151342125|163010
6.7876013151342125|164010
6.7876013151342125|165010
6.7876013151342125|166010
6.7876013151342125|167010
6.7876013151342125|168010
6.7876013151342125|169010
6.7876013151342125|170010
6.7876013151342125|171010
6.7876013151342125|172010
6.7876013151342125|173010
6.7876013151342125|174010
6.7876013151342125|175010
6.7876013151342125|176010
6.7876013151342125|177010
6.7876013151342125|178010
6.7876013151342125|179010
6.7876013151342125|180010
6.7876013151342125|181010
6.7876013151342125|182010
6.7876013151342125|183010
6.7876013151342125|184010
6.7876013151342125|185010
6.7876013151342125|186010
6.7876013151342125|187010
6.7876013151342125|188010
6.7876013151342125|189010
6.7876013151342125|190010
6.7876013151342125|191010
6.7876013151342125|192010
6.7876013151342125|193010
6.7876013151342125|194010
6.7876013151342125|195010
6.7876013151342125|196010
6.7876013151342125|197010
6.7876013151342125|198010
6.7876013151342125|199010
6.7876013151342125|200010
6.7876013151342125|201010
6.7876013151342125|202010
6.7876013151342125|203010
6.7876013151342125|204010
6.7876013151342125|205010
6.7876013151342125|206010
6.7876013151342125|207010
6.7876013151342125|208010
6.7876013151342125|209010
6.7876013151342125|210010
6.7876013151342125|211010
6.7876013151342125|212010
6.7876013151342125|213010
6.7876013151342125|214010
6.7876013151342125|215010
6.7876013151342125|216010
6.7876013151342125|217010
6.7876013151342125|218010
6.7876013151342125|219010
6.7876013151342125|220010
6.7876013151342125|221010
6.7876013151342125|222010
6.7876013151342125|223010
6.7876013151342125|224010
6.7876013151342125|225010
6.7876013151342125|226010
6.7876013151342125|227010
6.7876013151342125|228010
6.7876013151342125|229010
6.7876013151342125|230010
6.707938450706129|231010
6.707938450706129|232010
6.707938450706129|233010
6.707938450706128|234010
6.707938450706126|235010
6.707938450706126|236010
6.707938450706126|237010
6.66217028669936|238010
6.66217028669936|239010
6.66217028669936|240010
6.66217028669936|241010
6.66217028669936|242010
6.66217028669936|243010
6.66217028669936|244010
6.66217028669936|245010
6.66217028669936|246010
6.66217028669936|247010
6.66217028669936|248010
6.66217028669936|249010
6.66217028669936|250010
6.66217028669936|251010
6.66217028669936|252010
6.66217028669936|253010
6.66217028669936|254010
6.66217028669936|255010
6.66217028669936|256010
6.66217028669936|257010
6.66217028669936|258010
6.66217028669936|259010
6.66217028669936|260010
6.66217028669936|261010
6.66217028669936|262010
6.66217028669936|263010
6.66217028669936|264010
6.66217028669936|265010
6.66217028669936|266010
6.66217028669936|267010
6.66217028669936|268010
6.66217028669936|269010
6.66217028669936|270010
6.66217028669936|271010
6.66217028669936|272010
6.66217028669936|273010
6.66217028669936|274010
6.66217028669936|275010
6.66136895531387|276010
6.6252824090025015|277010
6.6252824090025015|278010
6.6252824090025015|279010
6.6252824090025015|280010
6.610803562812495|281010
6.610803562812495|282010
6.610803562812495|283010
6.610803562812495|284010
6.610803562812495|285010
6.610803562812495|286010
6.610803562812495|287010
6.610803562812495|288010
6.610202530892192|289010
6.610202530892192|290010
6.610202530892192|291010
6.610202530892192|292010
6.610202530892192|293010
6.610202530892192|294010
6.610202530892192|295010
6.610202530892192|296010
6.610202530892192|297010
6.610202530892192|298010
6.610202530892192|299010
6.610202530892192|300010
6.610202530892192|301010
6.610202530892192|302010
6.610202530892192|303010
6.610202530892192|304010
6.610202530892192|305010
6.610202530892192|306010
6.610202530892192|307010
6.610202530892192|308010
6.610202530892192|309010
6.610202530892192|310010
6.610202530892192|311010
6.610202530892192|312010
6.610202530892192|313010
6.610202530892192|314010
6.610202530892192|315010
6.610202530892192|316010
6.610202530892192|317010
6.610202530892192|318010
6.610202530892192|319010
6.610202530892192|320010
6.610202530892192|321010
6.610202530892192|322010
6.610202530892192|323010
6.610202530892192|324010
6.610202530892192|325010
6.610202530892192|326010
6.610202530892192|327010
6.610202530892192|328010
6.610202530892192|329010
6.610202530892192|330010
6.610202530892192|331010
6.610202530892192|332010
6.610202530892192|333010
6.610202530892192|334010
6.610202530892192|335010
6.610202530892192|336010
6.610202530892192|337010
6.610202530892192|338010
6.610202530892192|339010
6.610202530892192|340010
6.610202530892192|341010
6.610202530892192|342010
6.610202530892192|343010
6.610202530892192|344010
6.610202530892192|345010
6.610202530892192|346010
6.610202530892192|347010
6.610202530892192|348010
6.610202530892192|349010
6.610202530892192|350010
6.610202530892192|351010
6.610202530892192|352010
6.610202530892192|353010
6.610202530892192|354010
6.610202530892192|355010
6.610202530892192|356010
6.610202530892192|357010
6.610202530892192|358010
6.610202530892192|359010
6.610202530892192|360010
6.610202530892192|361010
6.610202530892192|362010
6.610202530892192|363010
6.610202530892192|364010
6.610202530892192|365010
6.610202530892192|366010
6.610202530892192|367010
6.610202530892192|368010
6.610202530892192|369010
6.610202530892192|370010
6.610202530892192|371010
6.610202530892192|372010
6.610202530892192|373010
6.610202530892192|374010
6.610202530892192|375010
6.610202530892192|376010
6.610202530892192|377010
6.610202530892192|378010
6.610202530892192|379010
6.610202530892192|380010
6.610202530892192|381010
6.610202530892192|382010
6.610202530892192|383010
6.610202530892192|384010
6.610202530892192|385010
6.610202530892192|386010
6.610202530892192|387010
6.610202530892192|388010
6.610202530892192|389010
6.610202530892192|390010
6.610202530892192|391010
6.610202530892192|392010
6.610202530892192|393010
6.610202530892192|394010
6.610202530892192|395010
6.610202530892192|396010
6.610202530892192|397010
6.610202530892192|398010
6.610202530892192|399010
6.610202530892192|400010
6.610202530892192|401010
6.610202530892192|402010
6.610202530892192|403010
6.610202530892192|404010
6.610202530892192|405010
6.610202530892192|406010
6.610202530892192|407010
6.610202530892192|408010
6.610202530892192|409010
6.610202530892192|410010
6.610202530892192|411010
6.610202530892192|412010
6.610202530892192|413010
6.610202530892192|414010
6.610202530892192|415010
6.610202530892192|416010
6.610202530892192|417010
6.610202530892192|418010
6.610202530892192|419010
6.610202530892192|420010
6.610202530892192|421010
6.610202530892192|422010
6.610202530892192|423010
6.610202530892192|424010
6.610202530892192|425010
6.610202530892192|426010
6.610202530892192|427010
6.610202530892192|428010
6.610202530892192|429010
6.610202530892192|430010
6.610202530892192|431010
6.610202530892192|432010
6.610202530892192|433010
6.610202530892192|434010
6.610202530892192|435010
6.610202530892192|436010
6.610202530892192|437010
6.610202530892192|438010
6.610202530892192|439010
6.610202530892192|440010
6.610202530892192|441010
6.610202530892192|442010
6.610202530892192|443010
6.610202530892192|444010
6.610202530892192|445010
6.610202530892192|446010
6.610202530892192|447010
6.610202530892192|448010
6.610202530892192|449010
6.610202530892192|450010
6.610202530892192|451010
6.610202530892192|452010
6.610202530892192|453010
6.610202530892192|454010
6.610202530892192|455010
6.610202530892192|456010
6.610202530892192|457010
6.610202530892192|458010
6.610202530892192|459010
6.610202530892192|460010
6.610202530892192|461010
6.610202530892192|462010
6.610202530892192|463010
6.610202530892192|464010
6.610202530892192|465010
6.610202530892192|466010
6.610202530892192|467010
6.610202530892192|468010
6.610202530892192|469010
6.610202530892192|470010
6.610202530892192|471010
6.610202530892192|472010
6.610202530892192|473010
6.610202530892192|474010
6.610202530892192|475010
6.610202530892192|476010
6.610202530892192|477010
6.610202530892192|478010
6.610202530892192|479010
6.610202530892192|480010
6.610202530892192|481010
6.610202530892192|482010
6.610202530892192|483010
6.610202530892192|484010
6.610202530892192|485010
6.610202530892192|486010
6.610202530892192|487010
6.610202530892192|488010
6.610202530892192|489010
6.610202530892192|490010
6.610202530892192|491010
6.610202530892192|492010
6.610202530892192|493010
6.610202530892192|494010
6.610202530892192|495010
6.610202530892192|496010
6.610202530892192|497010
6.610202530892192|498010
6.610202530892192|499010
6.610202530892192|500010
6.610202530892192|501010
6.610202530892192|502010
6.610202530892192|503010
6.610202530892192|504010
6.610202530892192|505010
6.610202530892192|506010
6.610202530892192|507010
6.610202530892192|508010
6.610202530892192|509010
6.610202530892192|510010
6.610202530892192|511010
6.610202530892192|512010
6.610202530892192|513010
6.610202530892192|514010
6.610202530892192|515010
6.610202530892192|516010
6.610202530892192|517010
6.610202530892192|518010
6.610202530892192|519010
6.610202530892192|520010
6.610202530892192|521010
6.610202530892192|522010
6.610202530892192|523010
6.610202530892192|524010
6.610202530892192|525010
6.610202530892192|526010
6.610202530892192|527010
6.610202530892192|528010
6.610202530892192|529010
6.610202530892192|530010
6.610202530892192|531010
6.610202530892192|532010
6.610202530892192|533010
6.610202530892192|534010
6.610202530892192|535010
6.610202530892192|536010
6.610202530892192|537010
6.610202530892192|538010
6.610202530892192|539010
6.610202530892192|540010
6.610202530892192|541010
6.610202530892192|542010
6.610202530892192|543010
6.610202530892192|544010
6.610202530892192|545010
6.610202530892192|546010
6.610202530892192|547010
6.610202530892192|548010
6.610202530892192|549010
6.610202530892192|550010
6.610202530892192|551010
6.610202530892192|552010
6.610202530892192|553010
6.610202530892192|554010
6.610202530892192|555010
6.610202530892192|556010
6.610202530892192|557010
6.610202530892192|558010
6.610202530892192|559010
6.610202530892192|560010
6.610202530892192|561010
6.610202530892192|562010
6.610202530892192|563010
6.610202530892192|564010
6.610202530892192|565010
6.610202530892192|566010
6.610202530892192|567010
6.610202530892192|568010
6.610202530892192|569010
6.610202530892192|570010
6.610202530892192|571010
6.610202530892192|572010
6.610202530892192|573010
6.610202530892192|574010
6.610202530892192|575010
6.610202530892192|576010
6.610202530892192|577010
6.610202530892192|578010
6.610202530892192|579010
6.610202530892192|580010
6.610202530892192|581010
6.610202530892192|582010
6.610202530892192|583010
6.610202530892192|584010
6.610202530892192|585010
6.610202530892192|586010
6.610202530892192|587010
6.610202530892192|588010
6.610202530892192|589010
6.610202530892192|590010
6.610202530892192|591010
6.610202530892192|592010
6.610202530892192|593010
6.610202530892192|594010
6.610202530892192|595010
6.610202530892192|596010
6.610202530892192|597010
6.610202530892192|598010
6.610202530892192|599010
6.610202530892192|600010
6.610202530892192|601010
6.610202530892192|602010
6.610202530892192|603010
6.610202530892192|604010
6.610202530892192|605010
6.610202530892192|606010
6.610202530892192|607010
6.610202530892192|608010
6.610202530892192|609010
6.610202530892192|610010
6.610202530892192|611010
6.610202530892192|612010
6.610202530892192|613010
6.610202530892192|614010
6.610202530892192|615010
6.610202530892192|616010
6.610202530892192|617010
6.610202530892192|618010
6.610202530892192|619010
6.610202530892192|620010
6.610202530892192|621010
6.610202530892192|622010
6.610202530892192|623010
6.610202530892192|624010
6.610202530892192|625010
6.610202530892192|626010
6.610202530892192|627010
6.610202530892192|628010
6.610202530892192|629010
6.610202530892192|630010
6.610202530892192|631010
6.610202530892192|632010
6.610202530892192|633010
6.610202530892192|634010
6.610202530892192|635010
6.610202530892192|636010
6.610202530892192|637010
6.610202530892192|638010
6.610202530892192|639010
6.610202530892192|640010
6.610202530892192|641010
6.610202530892192|642010
6.610202530892192|643010
6.610202530892192|644010
6.610202530892192|645010
6.610202530892192|646010
6.610202530892192|647010
6.610202530892192|648010
6.610202530892192|649010
6.610202530892192|650010
6.610202530892192|651010
6.610202530892192|652010
6.610202530892192|653010
6.610202530892192|654010
6.610202530892192|655010
6.610202530892192|656010
6.610202530892192|657010
6.610202530892192|658010
6.610202530892192|659010
6.610202530892192|660010
6.610202530892192|661010
6.610202530892192|662010
6.610202530892192|663010
6.610202530892192|664010
6.610202530892192|665010
6.610202530892192|666010
6.610202530892192|667010
6.610202530892192|668010
6.610202530892192|669010
6.610202530892192|670010
6.610202530892192|671010
6.610202530892192|672010
6.610202530892192|673010
6.610202530892192|674010
6.610202530892192|675010
6.610202530892192|676010
6.610202530892192|677010
6.610202530892192|678010
6.610202530892192|679010
6.610202530892192|680010
6.610202530892192|681010
6.610202530892192|682010
6.610202530892192|683010
6.610202530892192|684010
6.610202530892192|685010
6.610202530892192|686010
6.610202530892192|687010
6.610202530892192|688010
6.610202530892192|689010
6.610202530892192|690010
6.610202530892192|691010
6.610202530892192|692010
6.610202530892192|693010
6.610202530892192|694010
6.610202530892192|695010
6.610202530892192|696010
6.610202530892192|697010
6.610202530892192|698010
6.610202530892192|699010
6.610202530892192|700010
6.610202530892192|701010
6.610202530892192|702010
6.610202530892192|703010
6.610202530892192|704010
6.610202530892192|705010
6.610202530892192|706010
6.610202530892192|707010
6.610202530892192|708010
6.610202530892192|709010
6.610202530892192|710010
6.610202530892192|711010
6.610202530892192|712010
6.610202530892192|713010
6.610202530892192|714010
6.610202530892192|715010
6.610202530892192|716010
6.610202530892192|717010
6.610202530892192|718010
6.610202530892192|719010
6.610202530892192|720010
6.610202530892192|721010
6.610202530892192|722010
6.610202530892192|723010
6.610202530892192|724010
6.610202530892192|725010
6.610202530892192|726010
6.610202530892192|727010
6.610202530892192|728010
6.610202530892192|729010
6.610202530892192|730010
6.610202530892192|731010
6.610202530892192|732010
6.610202530892192|733010
6.610202530892192|734010
6.610202530892192|735010
6.610202530892192|736010
6.610202530892192|737010
6.610202530892192|738010
6.610202530892192|739010
6.610202530892192|740010
6.610202530892192|741010
6.610202530892192|742010
6.610202530892192|743010
6.610202530892192|744010
6.610202530892192|745010
6.610202530892192|746010
6.610202530892192|747010
6.610202530892192|748010
6.610202530892192|749010
6.610202530892192|750010
6.610202530892192|751010
6.610202530892192|752010
6.610202530892192|753010
6.610202530892192|754010
6.610202530892192|755010
6.610202530892192|756010
6.610202530892192|757010
6.610202530892192|758010
6.610202530892192|759010
6.610202530892192|760010
6.610202530892192|761010
6.610202530892192|762010
6.610202530892192|763010
6.610202530892192|764010
6.610202530892192|765010
6.610202530892192|766010
6.610202530892192|767010
6.610202530892192|768010
6.610202530892192|769010
6.610202530892192|770010
6.610202530892192|771010
6.610202530892192|772010
6.610202530892192|773010
6.610202530892192|774010
6.610202530892192|775010
6.610202530892192|776010
6.610202530892192|777010
6.610202530892192|778010
6.610202530892192|779010
6.610202530892192|780010
6.610202530892192|781010
6.610202530892192|782010
6.610202530892192|783010
6.610202530892192|784010
6.610202530892192|785010
6.610202530892192|786010
6.610202530892192|787010
6.610202530892192|788010
6.610202530892192|789010
6.610202530892192|790010
6.610202530892192|791010
6.610202530892192|792010
6.610202530892192|793010
6.610202530892192|794010
6.610202530892192|795010
6.610202530892192|796010
6.610202530892192|797010
6.610202530892192|798010
6.610202530892192|799010
6.610202530892192|800010
6.610202530892192|801010
6.610202530892192|802010
6.610202530892192|803010
6.610202530892192|804010
6.610202530892192|805010
6.610202530892192|806010
6.610202530892192|807010
6.610202530892192|808010
6.610202530892192|809010
6.610202530892192|810010
6.610202530892192|811010
6.610202530892192|812010
6.610202530892192|813010
6.610202530892192|814010
6.610202530892192|815010
6.610202530892192|816010
6.610202530892192|817010
6.610202530892192|818010
6.610202530892192|819010
6.610202530892192|820010
6.610202530892192|821010
6.610202530892192|822010
6.610202530892192|823010
6.610202530892192|824010
6.610202530892192|825010
6.610202530892192|826010
6.610202530892192|827010
6.610202530892192|828010
6.610202530892192|829010
6.610202530892192|830010
6.610202530892192|831010
6.610202530892192|832010
6.610202530892192|833010
6.610202530892192|834010
6.610202530892192|835010
6.610202530892192|836010
6.610202530892192|837010
6.610202530892192|838010
6.610202530892192|839010
6.610202530892192|840010
6.610202530892192|841010
6.610202530892192|842010
6.610202530892192|843010
6.610202530892192|844010
6.610202530892192|845010
6.610202530892192|846010
6.610202530892192|847010
6.610202530892192|848010
6.610202530892192|849010
6.610202530892192|850010
6.610202530892192|851010
6.610202530892192|852010
6.610202530892192|853010
6.610202530892192|854010
6.610202530892192|855010
6.610202530892192|856010
6.610202530892192|857010
6.610202530892192|858010
6.610202530892192|859010
6.610202530892192|860010
6.610202530892192|861010
6.610202530892192|862010
6.610202530892192|863010
6.610202530892192|864010
6.610202530892192|865010
6.610202530892192|866010
6.610202530892192|867010
6.610202530892192|868010
6.610202530892192|869010
6.610202530892192|870010
6.610202530892192|871010
6.610202530892192|872010
6.610202530892192|873010
6.610202530892192|874010
6.610202530892192|875010
6.610202530892192|876010
6.610202530892192|877010
6.610202530892192|878010
6.610202530892192|879010
6.610202530892192|880010
6.610202530892192|881010
6.610202530892192|882010
6.610202530892192|883010
6.610202530892192|884010
6.610202530892192|885010
6.610202530892192|886010
6.610202530892192|887010
6.610202530892192|888010
6.610202530892192|889010
6.610202530892192|890010
6.610202530892192|891010
6.610202530892192|892010
6.610202530892192|893010
6.610202530892192|894010
6.610202530892192|895010
6.610202530892192|896010
6.610202530892192|897010
6.610202530892192|898010
6.610202530892192|899010
6.610202530892192|900010
6.610202530892192|901010
6.610202530892192|902010
6.610202530892192|903010
6.610202530892192|904010
6.610202530892192|905010
6.610202530892192|906010
6.610202530892192|907010
6.610202530892192|908010
6.610202530892192|909010
6.610202530892192|910010
6.610202530892192|911010
6.610202530892192|912010
6.610202530892192|913010
6.610202530892192|914010
6.610202530892192|915010
6.610202530892192|916010
6.610202530892192|917010
6.610202530892192|918010
6.610202530892192|919010
6.610202530892192|920010
6.610202530892192|921010
6.610202530892192|922010
6.610202530892192|923010
6.610202530892192|924010
6.610202530892192|925010
6.610202530892192|926010
6.610202530892192|927010
6.610202530892192|928010
6.610202530892192|929010
6.610202530892192|930010
6.610202530892192|931010
6.610202530892192|932010
6.610202530892192|933010
6.610202530892192|934010
6.610202530892192|935010
6.610202530892192|936010
6.610202530892192|937010
6.610202530892192|938010
6.610202530892192|939010
6.610202530892192|940010
6.610202530892192|941010
6.610202530892192|942010
6.610202530892192|943010
6.610202530892192|944010
6.610202530892192|945010
6.610202530892192|946010
6.610202530892192|947010
6.610202530892192|948010
6.610202530892192|949010
6.610202530892192|950010
6.610202530892192|951010
6.610202530892192|952010
6.610202530892192|953010
6.610202530892192|954010
6.610202530892192|955010
6.610202530892192|956010
6.610202530892192|957010
6.610202530892192|958010
6.610202530892192|959010
6.610202530892192|960010
6.610202530892192|961010
6.610202530892192|962010
6.610202530892192|963010
6.610202530892192|964010
6.610202530892192|965010
6.610202530892192|966010
6.610202530892192|967010
6.610202530892192|968010
6.610202530892192|969010
6.610202530892192|970010
6.610202530892192|971010
6.610202530892192|972010
6.610202530892192|973010
6.610202530892192|974010
6.610202530892192|975010
6.610202530892192|976010
6.610202530892192|977010
6.610202530892192|978010
6.610202530892192|979010
6.610202530892192|980010
6.610202530892192|981010
6.610202530892192|982010
6.610202530892192|983010
6.610202530892192|984010
6.610202530892192|985010
6.610202530892192|986010
6.610202530892192|987010
6.610202530892192|988010
6.610202530892192|989010
6.610202530892192|990010
6.610202530892192|991010
6.610202530892192|992010
6.610202530892192|993010
6.610202530892192|994010
6.610202530892192|995010
6.610202530892192|996010
6.610202530892192|997010
6.610202530892192|998010
6.610202530892192|999010
6.610202530892192|1000010
