14.34991643397777|1010
12.948073267595332|2010
11.390774376176733|3010
10.642137542668426|4010
9.834674137776904|5010
9.381726553321357|6010
9.116203536908685|7010
8.897495450821221|8010
8.897495450821221|9010
8.82942016614879|10010
8.773144896073177|11010
8.630641895779563|12010
8.524701707486845|13010
8.3459184994578|14010
8.041594266044191|15010
8.041594266044191|16010
7.954276922613795|17010
7.902610565421989|18010
7.902610565421989|19010
7.872724170958006|20010
7.830822954241347|21010
7.809865887675918|22010
7.765426997708125|23010
7.705691210605675|24010
7.538044960839806|25010
7.5141025939325115|26010
7.5141025939325115|27010
7.503911590836276|28010
7.472292059894482|29010
7.472292059894481|30010
7.472292059894481|31010
7.472292059894481|32010
7.472292059894481|33010
7.472292059894481|34010
7.472292059894481|35010
7.309499334328036|36010
7.309499334328036|37010
7.309499334328036|38010
7.309499334328036|39010
7.280463386512845|40010
7.280463386512845|41010
7.280463386512845|42010
7.210713243739283|43010
7.210713243739282|44010
7.208429389456256|45010
7.184518495734392|46010
7.177546587083332|47010
7.177546587083332|48010
7.139453354166861|49010
6.970318570189723|50010
6.901724946820901|51010
6.898664088037308|52010
6.778714826037813|53010
6.778714826037811|54010
6.778714826037811|55010
6.778714826037811|56010
6.568285693516046|57010
6.477179566726442|58010
6.477179566726442|59010
6.477179566726442|60010
6.477179566726442|61010
6.449946044094161|62010
6.430031233983283|63010
6.430031233983282|64010
6.430031233983282|65010
6.430031233983282|66010
6.430031233983282|67010
6.430031233983282|68010
6.430031233983282|69010
6.430031233983282|70010
6.430031233983282|71010
6.430031233983282|72010
6.430031233983282|73010
6.430031233983282|74010
6.430031233983282|75010
6.430031233983282|76010
6.430031233983282|77010
6.430031233983282|78010
6.430031233983282|79010
6.430031233983282|80010
6.430031233983282|81010
6.430031233983282|82010
6.430031233983282|83010
6.430031233983282|84010
6.430031233983282|85010
6.430031233983282|86010
6.430031233983282|87010
6.430031233983282|88010
6.430031233983282|89010
6.43003123398328|90010
6.43003123398328|91010
6.43003123398328|92010
6.43003123398328|93010
6.43003123398328|94010
6.43003123398328|95010
6.43003123398328|96010
6.43003123398328|97010
6.43003123398328|98010
6.43003123398328|99010
6.43003123398328|100010
6.423375650946643|101010
6.423375650946643|102010
6.423375650946643|103010
6.423375650946643|104010
6.423375650946643|105010
6.423375650946643|106010
6.423375650946643|107010
6.423375650946643|108010
6.423375650946643|109010
6.423375650946643|110010
6.423375650946643|111010
6.423375650946643|112010
6.423375650946643|113010
6.423375650946643|114010
6.423375650946643|115010
6.423375650946643|116010
6.423375650946643|117010
6.423375650946643|118010
6.423375650946643|119010
6.423375650946643|120010
6.423375650946643|121010
6.423375650946643|122010
6.423375650946643|123010
6.423375650946643|124010
6.423375650946643|125010
6.423375650946643|126010
6.423375650946643|127010
6.423375650946643|128010
6.423375650946643|129010
6.423375650946643|130010
6.423375650946643|131010
6.423375650946643|132010
6.423375650946643|133010
6.423375650946643|134010
6.423375650946643|135010
6.423375650946643|136010
6.423375650946643|137010
6.423375650946643|138010
6.423375650946643|139010
6.423375650946643|140010
6.423375650946643|141010
6.423375650946643|142010
6.423375650946643|143010
6.423375650946643|144010
6.423375650946643|145010
6.423375650946643|146010
6.423375650946643|147010
6.423375650946643|148010
6.423375650946643|149010
6.423375650946643|150010
6.423375650946643|151010
6.423375650946643|152010
6.423375650946643|153010
6.423375650946643|154010
6.423375650946643|155010
6.423375650946643|156010
6.423375650946643|157010
6.423375650946643|158010
6.423375650946643|159010
6.423375650946643|160010
6.423375650946643|161010
6.423375650946643|162010
6.423375650946643|163010
6.423375650946643|164010
6.423375650946643|165010
6.423375650946643|166010
6.423375650946643|167010
6.423375650946643|168010
6.423375650946643|169010
6.423375650946643|170010
6.423375650946643|171010
6.423375650946643|172010
6.423375650946643|173010
6.423375650946643|174010
6.423375650946643|175010
6.423375650946643|176010
6.423375650946643|177010
6.423375650946643|178010
6.423375650946643|179010
6.423375650946643|180010
6.423375650946643|181010
6.423375650946643|182010
6.423375650946643|183010
6.423375650946643|184010
6.423375650946643|185010
6.423375650946643|186010
6.423375650946643|187010
6.423375650946643|188010
6.423375650946643|189010
6.423375650946643|190010
6.423375650946643|191010
6.423375650946643|192010
6.423375650946643|193010
6.423375650946643|194010
6.423375650946643|195010
6.423375650946643|196010
6.423375650946643|197010
6.423375650946643|198010
6.423375650946643|199010
6.423375650946643|200010
6.423375650946643|201010
6.423375650946643|202010
6.423375650946643|203010
6.423375650946643|204010
6.423375650946643|205010
6.423375650946643|206010
6.423375650946643|207010
6.423375650946643|208010
6.423375650946643|209010
6.423375650946643|210010
6.423375650946643|211010
6.423375650946643|212010
6.423375650946643|213010
6.423375650946643|214010
6.423375650946643|215010
6.423375650946643|216010
6.423375650946643|217010
6.423375650946643|218010
6.423375650946643|219010
6.423375650946643|220010
6.423375650946643|221010
6.423375650946643|222010
6.423375650946643|223010
6.423375650946643|224010
6.423375650946643|225010
6.423375650946643|226010
6.423375650946643|227010
6.423375650946643|228010
6.423375650946643|229010
6.423375650946643|230010
6.423375650946643|231010
6.423375650946643|232010
6.423375650946643|233010
6.423375650946643|234010
6.423375650946643|235010
6.423375650946643|236010
6.423375650946643|237010
6.423375650946643|238010
6.423375650946643|239010
6.423375650946643|240010
6.423375650946643|241010
6.423375650946643|242010
6.423375650946643|243010
6.423375650946643|244010
6.423375650946643|245010
6.423375650946643|246010
6.423375650946643|247010
6.423375650946643|248010
6.423375650946643|249010
6.423375650946643|250010
6.423375650946643|251010
6.423375650946643|252010
6.423375650946643|253010
6.423375650946643|254010
6.423375650946643|255010
6.423375650946643|256010
6.423375650946643|257010
6.423375650946643|258010
6.423375650946643|259010
6.423375650946643|260010
6.423375650946643|261010
6.423375650946643|262010
6.423375650946643|263010
6.423375650946643|264010
6.423375650946643|265010
6.423375650946643|266010
6.423375650946643|267010
6.423375650946643|268010
6.423375650946643|269010
6.423375650946643|270010
6.423375650946643|271010
6.423375650946643|272010
6.423375650946643|273010
6.423375650946643|274010
6.423375650946643|275010
6.423375650946643|276010
6.423375650946643|277010
6.423375650946643|278010
6.423375650946643|279010
6.423375650946643|280010
6.423375650946643|281010
6.423375650946643|282010
6.423375650946643|283010
6.423375650946643|284010
6.423375650946643|285010
6.423375650946643|286010
6.423375650946643|287010
6.423375650946643|288010
6.423375650946643|289010
6.423375650946643|290010
6.423375650946643|291010
6.423375650946643|292010
6.423375650946643|293010
6.423375650946643|294010
6.423375650946643|295010
6.423375650946643|296010
6.423375650946643|297010
6.423375650946643|298010
6.423375650946643|299010
6.423375650946643|300010
6.423375650946643|301010
6.423375650946643|302010
6.423375650946643|303010
6.423375650946643|304010
6.423375650946643|305010
6.423375650946643|306010
6.423375650946643|307010
6.423375650946643|308010
6.423375650946643|309010
6.423375650946643|310010
6.423375650946643|311010
6.423375650946643|312010
6.423375650946643|313010
6.423375650946643|314010
6.423375650946643|315010
6.423375650946643|316010
6.423375650946643|317010
6.423375650946643|318010
6.423375650946643|319010
6.423375650946643|320010
6.423375650946643|321010
6.423375650946643|322010
6.423375650946643|323010
6.423375650946643|324010
6.423375650946643|325010
6.423375650946643|326010
6.423375650946643|327010
6.423375650946643|328010
6.423375650946643|329010
6.423375650946643|330010
6.423375650946643|331010
6.423375650946643|332010
6.423375650946643|333010
6.423375650946643|334010
6.423375650946643|335010
6.423375650946643|336010
6.423375650946643|337010
6.423375650946643|338010
6.423375650946643|339010
6.423375650946643|340010
6.423375650946643|341010
6.423375650946643|342010
6.423375650946643|343010
6.423375650946643|344010
6.423375650946643|345010
6.423375650946643|346010
6.423375650946643|347010
6.423375650946643|348010
6.423375650946643|349010
6.423375650946643|350010
6.423375650946643|351010
6.423375650946643|352010
6.423375650946643|353010
6.423375650946643|354010
6.423375650946643|355010
6.423375650946643|356010
6.423375650946643|357010
6.423375650946643|358010
6.423375650946643|359010
6.423375650946643|360010
6.423375650946643|361010
6.423375650946643|362010
6.423375650946643|363010
6.423375650946643|364010
6.423375650946643|365010
6.423375650946643|366010
6.423375650946643|367010
6.423375650946643|368010
6.423375650946643|369010
6.423375650946643|370010
6.423375650946643|371010
6.423375650946643|372010
6.423375650946643|373010
6.423375650946643|374010
6.423375650946643|375010
6.423375650946643|376010
6.423375650946643|377010
6.423375650946643|378010
6.423375650946643|379010
6.423375650946643|380010
6.423375650946643|381010
6.423375650946643|382010
6.423375650946643|383010
6.423375650946643|384010
6.423375650946643|385010
6.423375650946643|386010
6.423375650946643|387010
6.423375650946643|388010
6.423375650946643|389010
6.423375650946643|390010
6.423375650946643|391010
6.423375650946643|392010
6.423375650946643|393010
6.423375650946643|394010
6.423375650946643|395010
6.423375650946643|396010
6.423375650946643|397010
6.423375650946643|398010
6.423375650946643|399010
6.423375650946643|400010
6.423375650946643|401010
6.423375650946643|402010
6.423375650946643|403010
6.423375650946643|404010
6.423375650946643|405010
6.423375650946643|406010
6.423375650946643|407010
6.423375650946643|408010
6.423375650946643|409010
6.423375650946643|410010
6.423375650946643|411010
6.423375650946643|412010
6.423375650946643|413010
6.423375650946643|414010
6.423375650946643|415010
6.423375650946643|416010
6.423375650946643|417010
6.423375650946643|418010
6.423375650946643|419010
6.423375650946643|420010
6.423375650946643|421010
6.423375650946643|422010
6.423375650946643|423010
6.423375650946643|424010
6.423375650946643|425010
6.423375650946643|426010
6.423375650946643|427010
6.423375650946643|428010
6.423375650946643|429010
6.423375650946643|430010
6.423375650946643|431010
6.423375650946643|432010
6.423375650946643|433010
6.423375650946643|434010
6.423375650946643|435010
6.423375650946643|436010
6.423375650946643|437010
6.423375650946643|438010
6.423375650946643|439010
6.423375650946643|440010
6.423375650946643|441010
6.423375650946643|442010
6.423375650946643|443010
6.423375650946643|444010
6.423375650946643|445010
6.423375650946643|446010
6.423375650946643|447010
6.423375650946643|448010
6.423375650946643|449010
6.423375650946643|450010
6.423375650946643|451010
6.423375650946643|452010
6.423375650946643|453010
6.423375650946643|454010
6.423375650946643|455010
6.423375650946643|456010
6.423375650946643|457010
6.423375650946643|458010
6.423375650946643|459010
6.423375650946643|460010
6.423375650946643|461010
6.423375650946643|462010
6.423375650946643|463010
6.423375650946643|464010
6.423375650946643|465010
6.423375650946643|466010
6.423375650946643|467010
6.423375650946643|468010
6.423375650946643|469010
6.423375650946643|470010
6.423375650946643|471010
6.423375650946643|472010
6.423375650946643|473010
6.423375650946643|474010
6.423375650946643|475010
6.423375650946643|476010
6.423375650946643|477010
6.423375650946643|478010
6.423375650946643|479010
6.423375650946643|480010
6.423375650946643|481010
6.423375650946643|482010
6.423375650946643|483010
6.423375650946643|484010
6.423375650946643|485010
6.423375650946643|486010
6.423375650946643|487010
6.423375650946643|488010
6.423375650946643|489010
6.423375650946643|490010
6.423375650946643|491010
6.391485111399624|492010
6.391485111399624|493010
6.391485111399624|494010
6.391485111399624|495010
6.391485111399624|496010
6.391485111399624|497010
6.391485111399624|498010
6.391485111399624|499010
6.391485111399624|500010
6.391485111399624|501010
6.391485111399624|502010
6.391485111399624|503010
6.391485111399624|504010
6.391485111399624|505010
6.391485111399624|506010
6.391485111399624|507010
6.391485111399624|508010
6.391485111399624|509010
6.391485111399624|510010
6.391485111399624|511010
6.391485111399624|512010
6.391485111399624|513010
6.391485111399624|514010
6.391485111399624|515010
6.391485111399624|516010
6.391485111399624|517010
6.391485111399624|518010
6.391485111399624|519010
6.391485111399624|520010
6.391485111399624|521010
6.391485111399624|522010
6.391485111399624|523010
6.391485111399624|524010
6.391485111399624|525010
6.391485111399624|526010
6.391485111399624|527010
6.391485111399624|528010
6.391485111399624|529010
6.391485111399624|530010
6.391485111399624|531010
6.391485111399624|532010
6.391485111399624|533010
6.391485111399624|534010
6.391485111399624|535010
6.391485111399624|536010
6.391485111399624|537010
6.391485111399624|538010
6.391485111399624|539010
6.391485111399624|540010
6.391485111399624|541010
6.391485111399624|542010
6.391485111399624|543010
6.391485111399624|544010
6.391485111399624|545010
6.391485111399624|546010
6.391485111399624|547010
6.391485111399624|548010
6.391485111399624|549010
6.391485111399624|550010
6.391485111399624|551010
6.391485111399624|552010
6.391485111399624|553010
6.391485111399624|554010
6.391485111399624|555010
6.391485111399624|556010
6.391485111399624|557010
6.391485111399624|558010
6.391485111399624|559010
6.391485111399624|560010
6.391485111399624|561010
6.391485111399624|562010
6.391485111399624|563010
6.391485111399624|564010
6.391485111399624|565010
6.391485111399624|566010
6.391485111399624|567010
6.391485111399624|568010
6.391485111399624|569010
6.391485111399624|570010
6.391485111399624|571010
6.391485111399624|572010
6.391485111399624|573010
6.391485111399624|574010
6.391485111399624|575010
6.391485111399624|576010
6.391485111399624|577010
6.391485111399624|578010
6.391485111399624|579010
6.391485111399624|580010
6.391485111399624|581010
6.391485111399624|582010
6.391485111399624|583010
6.391485111399624|584010
6.391485111399624|585010
6.391485111399624|586010
6.391485111399624|587010
6.391485111399624|588010
6.391485111399624|589010
6.391485111399624|590010
6.391485111399623|591010
6.391485111399623|592010
6.391485111399623|593010
6.391485111399623|594010
6.391485111399623|595010
6.391485111399623|596010
6.391485111399623|597010
6.391485111399623|598010
6.391485111399623|599010
6.391485111399623|600010
6.391485111399623|601010
6.391485111399623|602010
6.391485111399623|603010
6.391485111399623|604010
6.391485111399623|605010
6.391485111399623|606010
6.391485111399623|607010
6.391485111399623|608010
6.391485111399623|609010
6.391485111399623|610010
6.391485111399623|611010
6.391485111399623|612010
6.391485111399623|613010
6.391485111399623|614010
6.391485111399623|615010
6.391485111399623|616010
6.391485111399623|617010
6.391485111399623|618010
6.391485111399623|619010
6.391485111399623|620010
6.391485111399623|621010
6.391485111399623|622010
6.391485111399623|623010
6.391485111399623|624010
6.391485111399623|625010
6.391485111399623|626010
6.391485111399623|627010
6.391485111399623|628010
6.391485111399623|629010
6.391485111399623|630010
6.391485111399623|631010
6.391485111399623|632010
6.391485111399623|633010
6.391485111399623|634010
6.391485111399623|635010
6.391485111399623|636010
6.391485111399623|637010
6.391485111399623|638010
6.391485111399623|639010
6.391485111399623|640010
6.391485111399623|641010
6.391485111399623|642010
6.391485111399623|643010
6.391485111399623|644010
6.391485111399623|645010
6.391485111399623|646010
6.391485111399623|647010
6.391485111399623|648010
6.391485111399623|649010
6.391485111399623|650010
6.391485111399623|651010
6.391485111399623|652010
6.391485111399623|653010
6.391485111399623|654010
6.391485111399623|655010
6.391485111399623|656010
6.391485111399623|657010
6.391485111399623|658010
6.391485111399623|659010
6.391485111399623|660010
6.391485111399623|661010
6.391485111399623|662010
6.391485111399623|663010
6.391485111399623|664010
6.391485111399623|665010
6.391485111399623|666010
6.391485111399623|667010
6.391485111399623|668010
6.391485111399623|669010
6.391485111399623|670010
6.391485111399623|671010
6.391485111399623|672010
6.391485111399623|673010
6.391485111399623|674010
6.391485111399623|675010
6.391485111399623|676010
6.391485111399623|677010
6.391485111399623|678010
6.391485111399623|679010
6.391485111399623|680010
6.391485111399623|681010
6.391485111399623|682010
6.391485111399623|683010
6.391485111399623|684010
6.391485111399623|685010
6.391485111399623|686010
6.391485111399623|687010
6.391485111399623|688010
6.391485111399623|689010
6.391485111399623|690010
6.391485111399623|691010
6.391485111399623|692010
6.391485111399623|693010
6.391485111399623|694010
6.391485111399623|695010
6.391485111399623|696010
6.391485111399623|697010
6.391485111399623|698010
6.391485111399623|699010
6.391485111399623|700010
6.391485111399623|701010
6.391485111399623|702010
6.391485111399623|703010
6.391485111399623|704010
6.391485111399623|705010
6.391485111399623|706010
6.391485111399623|707010
6.391485111399623|708010
6.391485111399623|709010
6.391485111399623|710010
6.391485111399623|711010
6.391485111399623|712010
6.391485111399623|713010
6.391485111399623|714010
6.391485111399623|715010
6.391485111399623|716010
6.391485111399623|717010
6.391485111399623|718010
6.391485111399623|719010
6.391485111399623|720010
6.391485111399623|721010
6.391485111399623|722010
6.391485111399623|723010
6.391485111399623|724010
6.391485111399623|725010
6.391485111399623|726010
6.391485111399623|727010
6.391485111399623|728010
6.391485111399623|729010
6.391485111399623|730010
6.391485111399623|731010
6.391485111399623|732010
6.391485111399623|733010
6.391485111399623|734010
6.391485111399623|735010
6.391485111399623|736010
6.391485111399623|737010
6.391485111399623|738010
6.391485111399623|739010
6.391485111399623|740010
6.391485111399623|741010
6.391485111399623|742010
6.391485111399623|743010
6.391485111399623|744010
6.391485111399623|745010
6.391485111399623|746010
6.391485111399623|747010
6.391485111399623|748010
6.391485111399623|749010
6.391485111399623|750010
6.391485111399623|751010
6.391485111399623|752010
6.391485111399623|753010
6.391485111399623|754010
6.391485111399623|755010
6.391485111399623|756010
6.391485111399623|757010
6.391485111399623|758010
6.391485111399623|759010
6.391485111399623|760010
6.391485111399623|761010
6.391485111399623|762010
6.391485111399623|763010
6.391485111399623|764010
6.391485111399623|765010
6.391485111399623|766010
6.391485111399623|767010
6.391485111399623|768010
6.391485111399623|769010
6.391485111399623|770010
6.391485111399623|771010
6.391485111399623|772010
6.391485111399623|773010
6.391485111399623|774010
6.391485111399623|775010
6.391485111399623|776010
6.391485111399623|777010
6.391485111399623|778010
6.391485111399623|779010
6.391485111399623|780010
6.391485111399623|781010
6.391485111399623|782010
6.391485111399623|783010
6.391485111399623|784010
6.391485111399623|785010
6.391485111399623|786010
6.391485111399623|787010
6.391485111399623|788010
6.391485111399623|789010
6.391485111399623|790010
6.391485111399623|791010
6.391485111399623|792010
6.391485111399623|793010
6.391485111399623|794010
6.391485111399623|795010
6.391485111399623|796010
6.391485111399623|797010
6.391485111399623|798010
6.391485111399623|799010
6.391485111399623|800010
6.391485111399623|801010
6.391485111399623|802010
6.391485111399623|803010
6.391485111399623|804010
6.391485111399623|805010
6.391485111399623|806010
6.391485111399623|807010
6.391485111399623|808010
6.391485111399623|809010
6.391485111399623|810010
6.391485111399623|811010
6.391485111399623|812010
6.391485111399623|813010
6.391485111399623|814010
6.391485111399623|815010
6.391485111399623|816010
6.391485111399623|817010
6.391485111399623|818010
6.391485111399623|819010
6.391485111399623|820010
6.391485111399623|821010
6.391485111399623|822010
6.391485111399623|823010
6.391485111399623|824010
6.391485111399623|825010
6.391485111399623|826010
6.319659448931266|827010
6.319659448931266|828010
6.319659448931266|829010
6.319659448931266|830010
6.319659448931266|831010
6.319659448931266|832010
6.319659448931266|833010
6.319659448931266|834010
6.319659448931266|835010
6.319659448931266|836010
6.319659448931266|837010
6.319659448931264|838010
6.319659448931264|839010
6.319659448931264|840010
6.319659448931264|841010
6.319659448931264|842010
6.319659448931264|843010
6.319659448931264|844010
6.319659448931264|845010
6.319659448931264|846010
6.319659448931264|847010
6.319659448931264|848010
6.319659448931264|849010
6.319659448931264|850010
6.319659448931264|851010
6.319659448931264|852010
6.319659448931264|853010
6.319659448931264|854010
6.319659448931264|855010
6.319659448931264|856010
6.319659448931264|857010
6.319659448931264|858010
6.319659448931264|859010
6.319659448931264|860010
6.319659448931264|861010
6.319659448931264|862010
6.319659448931264|863010
6.319659448931264|864010
6.319659448931264|865010
6.319659448931264|866010
6.319659448931264|867010
6.319659448931264|868010
6.319659448931264|869010
6.319659448931264|870010
6.319659448931264|871010
6.319659448931264|872010
6.319659448931264|873010
6.319659448931264|874010
6.319659448931264|875010
6.319659448931264|876010
6.319659448931264|877010
6.319659448931264|878010
6.319659448931264|879010
6.319659448931264|880010
6.319659448931264|881010
6.319659448931264|882010
6.319659448931264|883010
6.319659448931264|884010
6.319659448931264|885010
6.319659448931264|886010
6.319659448931264|887010
6.319659448931264|888010
6.319659448931264|889010
6.319659448931264|890010
6.319659448931264|891010
6.319659448931264|892010
6.319659448931264|893010
6.319659448931264|894010
6.319659448931264|895010
6.319659448931264|896010
6.319659448931264|897010
6.319659448931264|898010
6.319659448931264|899010
6.319659448931264|900010
6.319659448931264|901010
6.319659448931264|902010
6.319659448931264|903010
6.319659448931264|904010
6.319659448931264|905010
6.319659448931264|906010
6.319659448931264|907010
6.319659448931264|908010
6.319659448931264|909010
6.319659448931264|910010
6.319659448931264|911010
6.319659448931264|912010
6.319659448931264|913010
6.319659448931264|914010
6.319659448931264|915010
6.319659448931264|916010
6.319659448931264|917010
6.319659448931264|918010
6.319659448931264|919010
6.319659448931264|920010
6.319659448931264|921010
6.319659448931264|922010
6.319659448931264|923010
6.319659448931264|924010
6.319659448931264|925010
6.319659448931264|926010
6.319659448931264|927010
6.319659448931264|928010
6.319659448931264|929010
6.319659448931264|930010
6.319659448931264|931010
6.319659448931264|932010
6.319659448931264|933010
6.319659448931264|934010
6.319659448931264|935010
6.319659448931264|936010
6.319659448931264|937010
6.319659448931264|938010
6.319659448931264|939010
6.319659448931264|940010
6.319659448931264|941010
6.319659448931264|942010
6.319659448931264|943010
6.319659448931264|944010
6.319659448931264|945010
6.319659448931264|946010
6.319659448931264|947010
6.319659448931264|948010
6.319659448931264|949010
6.319659448931264|950010
6.319659448931264|951010
6.319659448931264|952010
6.319659448931264|953010
6.319659448931264|954010
6.319659448931264|955010
6.319659448931264|956010
6.319659448931264|957010
6.319659448931264|958010
6.319659448931264|959010
6.319659448931264|960010
6.319659448931264|961010
6.319659448931264|962010
6.319659448931264|963010
6.319659448931264|964010
6.319659448931264|965010
6.319659448931264|966010
6.319659448931264|967010
6.319659448931264|968010
6.319659448931264|969010
6.319659448931264|970010
6.319659448931264|971010
6.319659448931264|972010
6.319659448931264|973010
6.319659448931264|974010
6.319659448931264|975010
6.319659448931264|976010
6.319659448931264|977010
6.319659448931264|978010
6.319659448931264|979010
6.319659448931264|980010
6.319659448931264|981010
6.319659448931264|982010
6.319659448931264|983010
6.319659448931264|984010
6.319659448931264|985010
6.319659448931264|986010
6.319659448931264|987010
6.319659448931264|988010
6.319659448931264|989010
6.319659448931264|990010
6.319659448931264|991010
6.319659448931264|992010
6.319659448931264|993010
6.319659448931264|994010
6.319659448931264|995010
6.319659448931264|996010
6.319659448931264|997010
6.319659448931264|998010
6.319659448931264|999010
6.319659448931264|1000010
