12.873956430757135|1010
11.597669094067534|2010
10.959795342251482|3010
10.407224312180807|4010
10.09992066477068|5010
9.812022649397877|6010
8.503859121101375|7010
8.30352365987669|8010
7.961230618436202|9010
7.900546161097731|10010
7.848966707240043|11010
7.6548735683924845|12010
7.6050715861867415|13010
7.556432484192648|14010
7.556432484192648|15010
7.556432484192648|16010
7.556432484192648|17010
7.3847366648783|18010
7.286435145833342|19010
7.247882781176053|20010
7.247882781176053|21010
7.247882781176053|22010
7.247882781176053|23010
7.247882781176053|24010
7.247882781176053|25010
7.247882781176053|26010
7.160593655177359|27010
7.160593655177359|28010
7.160593655177359|29010
7.160593655177359|30010
7.160593655177359|31010
7.160593655177359|32010
7.160593655177359|33010
7.160593655177359|34010
7.160593655177359|35010
7.160593655177359|36010
7.160593655177359|37010
7.160593655177359|38010
7.160593655177359|39010
7.160593655177359|40010
7.160593655177359|41010
7.160593655177359|42010
7.160593655177359|43010
7.160593655177359|44010
7.160593655177359|45010
7.160593655177359|46010
7.160593655177359|47010
7.160593655177359|48010
7.160593655177359|49010
7.160593655177359|50010
7.160593655177359|51010
7.160593655177359|52010
7.160593655177359|53010
7.160593655177359|54010
7.160593655177359|55010
7.160593655177359|56010
7.160593655177359|57010
7.160593655177359|58010
7.160593655177359|59010
7.160593655177359|60010
7.160593655177359|61010
7.160593655177359|62010
7.160593655177359|63010
7.160593655177359|64010
7.160593655177359|65010
7.160593655177359|66010
7.160593655177359|67010
7.160593655177359|68010
7.160593655177359|69010
7.160593655177359|70010
7.160593655177359|71010
7.160593655177359|72010
7.160593655177359|73010
7.160593655177359|74010
7.160593655177359|75010
7.160593655177359|76010
7.160593655177359|77010
7.160593655177359|78010
7.160593655177359|79010
7.160593655177359|80010
7.160593655177359|81010
7.160593655177359|82010
7.160593655177359|83010
7.160593655177359|84010
7.160593655177359|85010
7.160593655177359|86010
7.160593655177359|87010
7.160593655177359|88010
7.160593655177359|89010
7.160593655177359|90010
7.160593655177359|91010
7.160593655177359|92010
7.160593655177359|93010
7.160593655177359|94010
7.160593655177359|95010
7.160593655177359|96010
7.160593655177359|97010
7.160593655177359|98010
7.160593655177359|99010
7.160593655177359|100010
7.160593655177359|101010
7.160593655177359|102010
7.160593655177359|103010
7.160593655177359|104010
7.160593655177359|105010
7.160593655177359|106010
7.160593655177359|107010
7.160593655177359|108010
7.160593655177359|109010
7.160593655177359|110010
7.160593655177359|111010
7.160593655177359|112010
7.160593655177359|113010
7.160593655177359|114010
7.160593655177359|115010
7.160593655177359|116010
7.160593655177359|117010
7.160593655177359|118010
7.160593655177359|119010
7.160593655177359|120010
7.160593655177359|121010
7.160593655177359|122010
7.160593655177359|123010
7.160593655177359|124010
7.160593655177359|125010
7.160593655177359|126010
7.160593655177359|127010
7.160593655177359|128010
7.160593655177359|129010
7.160593655177359|130010
7.160593655177359|131010
7.160593655177359|132010
7.160593655177359|133010
7.160593655177359|134010
7.160593655177359|135010
7.160593655177359|136010
7.160593655177359|137010
7.160593655177359|138010
7.160593655177359|139010
7.160593655177359|140010
7.160593655177359|141010
7.160593655177359|142010
7.160593655177359|143010
7.160593655177359|144010
7.160593655177359|145010
7.160593655177359|146010
7.160593655177359|147010
7.160593655177359|148010
7.160593655177359|149010
7.160593655177359|150010
7.160593655177359|151010
7.160593655177359|152010
7.160593655177359|153010
7.160593655177359|154010
7.160593655177359|155010
7.160593655177359|156010
7.160593655177359|157010
7.160593655177359|158010
7.160593655177359|159010
7.160593655177359|160010
7.160593655177359|161010
7.160593655177359|162010
7.160593655177359|163010
7.160593655177359|164010
7.160593655177359|165010
7.160593655177359|166010
7.160593655177359|167010
7.1594449645042175|168010
7.148370365383499|169010
7.148370365383499|170010
7.148370365383499|171010
7.1483703653834985|172010
7.124150972748297|173010
7.124150972748297|174010
7.124150972748297|175010
7.124150972748297|176010
7.124150972748297|177010
7.124150972748297|178010
7.124150972748297|179010
7.124150972748297|180010
7.124150972748297|181010
7.124150972748297|182010
7.124150972748297|183010
7.124150972748297|184010
7.124150972748297|185010
7.124150972748297|186010
7.124150972748297|187010
7.124150972748297|188010
7.124150972748297|189010
7.124150972748297|190010
7.124150972748297|191010
7.124150972748297|192010
7.124150972748297|193010
7.124150972748297|194010
7.124150972748297|195010
7.124150972748297|196010
7.124150972748297|197010
7.124150972748297|198010
7.124150972748297|199010
7.124150972748297|200010
7.124150972748297|201010
7.124150972748297|202010
7.124150972748297|203010
7.124150972748297|204010
7.124150972748297|205010
7.124150972748297|206010
7.124150972748297|207010
7.124150972748297|208010
7.124150972748297|209010
7.124150972748297|210010
7.124150972748297|211010
7.124150972748297|212010
7.124150972748297|213010
7.124150972748297|214010
7.124150972748297|215010
7.124150972748297|216010
7.124150972748297|217010
7.124150972748297|218010
7.124150972748297|219010
7.124150972748297|220010
7.124150972748297|221010
6.700978031141849|222010
6.568334214960414|223010
6.492801198316438|224010
6.492801198316438|225010
6.492801198316438|226010
6.492801198316438|227010
6.492801198316438|228010
6.492801198316437|229010
6.492801198316437|230010
6.448466273461808|231010
6.448466273461808|232010
6.448466273461808|233010
6.448466273461808|234010
6.448466273461808|235010
6.419876339841009|236010
6.419876339841009|237010
6.419876339841009|238010
6.419876339841009|239010
6.418596494583448|240010
6.418596494583447|241010
6.418596494583447|242010
6.418596494583447|243010
6.418596494583447|244010
6.418596494583447|245010
6.418596494583447|246010
6.418596494583447|247010
6.418596494583447|248010
6.418596494583447|249010
6.418596494583447|250010
6.418596494583447|251010
6.418596494583447|252010
6.418596494583447|253010
6.418596494583447|254010
6.418596494583447|255010
6.418596494583447|256010
6.418596494583447|257010
6.418596494583447|258010
6.418596494583447|259010
6.418596494583447|260010
6.418596494583447|261010
6.418596494583447|262010
6.418596494583447|263010
6.418596494583447|264010
6.418596494583447|265010
6.418596494583447|266010
6.418596494583447|267010
6.418596494583447|268010
6.418596494583447|269010
6.418596494583447|270010
6.418596494583447|271010
6.418596494583447|272010
6.418596494583447|273010
6.418596494583447|274010
6.418596494583447|275010
6.418596494583447|276010
6.418596494583447|277010
6.418596494583447|278010
6.418596494583447|279010
6.418596494583447|280010
6.418596494583447|281010
6.418596494583447|282010
6.418596494583447|283010
6.418596494583447|284010
6.418596494583447|285010
6.418596494583447|286010
6.418596494583447|287010
6.418596494583447|288010
6.418596494583447|289010
6.418596494583447|290010
6.418596494583447|291010
6.418596494583447|292010
6.418596494583447|293010
6.418596494583447|294010
6.418596494583447|295010
6.418596494583447|296010
6.418596494583447|297010
6.418596494583447|298010
6.418596494583447|299010
6.418596494583447|300010
6.418596494583447|301010
6.418596494583447|302010
6.418596494583447|303010
6.418596494583447|304010
6.418596494583447|305010
6.418596494583447|306010
6.418596494583447|307010
6.418596494583447|308010
6.418596494583447|309010
6.418596494583447|310010
6.418596494583447|311010
6.418596494583447|312010
6.418596494583447|313010
6.418596494583447|314010
6.418596494583447|315010
6.418596494583447|316010
6.418596494583447|317010
6.418596494583447|318010
6.418596494583447|319010
6.418596494583447|320010
6.418596494583447|321010
6.418596494583447|322010
6.418596494583447|323010
6.418596494583447|324010
6.418596494583447|325010
6.418596494583447|326010
6.418596494583447|327010
6.418596494583447|328010
6.418596494583447|329010
6.418596494583447|330010
6.418596494583447|331010
6.418596494583447|332010
6.418596494583447|333010
6.418596494583447|334010
6.418596494583447|335010
6.418596494583447|336010
6.418596494583447|337010
6.418596494583447|338010
6.418596494583447|339010
6.418596494583447|340010
6.418596494583447|341010
6.418596494583447|342010
6.418596494583447|343010
6.418596494583447|344010
6.418596494583447|345010
6.418596494583447|346010
6.418596494583447|347010
6.418596494583447|348010
6.418596494583447|349010
6.418596494583447|350010
6.418596494583447|351010
6.418596494583447|352010
6.418596494583447|353010
6.418596494583447|354010
6.418596494583447|355010
6.418596494583447|356010
6.418596494583447|357010
6.418596494583447|358010
6.418596494583447|359010
6.418596494583447|360010
6.418596494583447|361010
6.418596494583447|362010
6.418596494583447|363010
6.418596494583447|364010
6.418596494583447|365010
6.418596494583447|366010
6.418596494583447|367010
6.418596494583447|368010
6.418596494583447|369010
6.418596494583447|370010
6.418596494583447|371010
6.418596494583447|372010
6.418596494583447|373010
6.418596494583447|374010
6.418596494583447|375010
6.418596494583447|376010
6.418596494583447|377010
6.418596494583447|378010
6.418596494583447|379010
6.418596494583447|380010
6.418596494583447|381010
6.418596494583447|382010
6.418596494583447|383010
6.418596494583447|384010
6.418596494583447|385010
6.418596494583447|386010
6.418596494583447|387010
6.418596494583447|388010
6.418596494583447|389010
6.418596494583447|390010
6.418596494583447|391010
6.418596494583447|392010
6.418596494583447|393010
6.418596494583447|394010
6.418596494583447|395010
6.418596494583447|396010
6.418596494583447|397010
6.418596494583447|398010
6.418596494583447|399010
6.418596494583447|400010
6.418596494583447|401010
6.418596494583447|402010
6.418596494583447|403010
6.418596494583447|404010
6.418596494583447|405010
6.418596494583447|406010
6.418596494583447|407010
6.418596494583447|408010
6.418596494583447|409010
6.418596494583447|410010
6.418596494583447|411010
6.418596494583447|412010
6.418596494583447|413010
6.418596494583447|414010
6.418596494583447|415010
6.418596494583447|416010
6.418596494583447|417010
6.418596494583447|418010
6.418596494583447|419010
6.418596494583447|420010
6.418596494583447|421010
6.418596494583447|422010
6.418596494583447|423010
6.418596494583447|424010
6.418596494583447|425010
6.418596494583447|426010
6.418596494583447|427010
6.418596494583447|428010
6.418596494583447|429010
6.418596494583447|430010
6.418596494583447|431010
6.418596494583447|432010
6.418596494583447|433010
6.418596494583447|434010
6.418596494583447|435010
6.418596494583447|436010
6.418596494583447|437010
6.418596494583447|438010
6.418596494583447|439010
6.418596494583447|440010
6.418596494583447|441010
6.418596494583447|442010
6.418596494583447|443010
6.418596494583447|444010
6.418596494583447|445010
6.418596494583447|446010
6.418596494583447|447010
6.418596494583447|448010
6.418596494583447|449010
6.418596494583447|450010
6.418596494583447|451010
6.418596494583447|452010
6.418596494583447|453010
6.418596494583447|454010
6.418596494583447|455010
6.418596494583447|456010
6.418596494583447|457010
6.418596494583447|458010
6.418596494583447|459010
6.418596494583447|460010
6.418596494583447|461010
6.418596494583447|462010
6.418596494583447|463010
6.418596494583447|464010
6.418596494583447|465010
6.418596494583447|466010
6.418596494583447|467010
6.418596494583447|468010
6.418596494583447|469010
6.418596494583447|470010
6.418596494583447|471010
6.418596494583447|472010
6.418596494583447|473010
6.418596494583447|474010
6.418596494583447|475010
6.418596494583447|476010
6.418596494583447|477010
6.418596494583447|478010
6.418596494583447|479010
6.418596494583447|480010
6.418596494583447|481010
6.418596494583447|482010
6.418596494583447|483010
6.418596494583447|484010
6.418596494583447|485010
6.418596494583447|486010
6.418596494583447|487010
6.418596494583447|488010
6.418596494583447|489010
6.418596494583447|490010
6.418596494583447|491010
6.418596494583447|492010
6.418596494583447|493010
6.418596494583447|494010
6.418596494583447|495010
6.418596494583447|496010
6.418596494583447|497010
6.418596494583447|498010
6.418596494583447|499010
6.418596494583447|500010
6.418596494583447|501010
6.418596494583447|502010
6.418596494583447|503010
6.418596494583447|504010
6.418596494583447|505010
6.418596494583447|506010
6.418596494583447|507010
6.418596494583447|508010
6.418596494583447|509010
6.418596494583447|510010
6.418596494583447|511010
6.418596494583447|512010
6.418596494583447|513010
6.418596494583447|514010
6.418596494583447|515010
6.418596494583447|516010
6.418596494583447|517010
6.418596494583447|518010
6.418596494583447|519010
6.418596494583447|520010
6.418596494583447|521010
6.418596494583447|522010
6.418596494583447|523010
6.418596494583447|524010
6.418596494583447|525010
6.418596494583447|526010
6.418596494583447|527010
6.418596494583447|528010
6.418596494583447|529010
6.418596494583447|530010
6.418596494583447|531010
6.418596494583447|532010
6.418596494583447|533010
6.418596494583447|534010
6.418596494583447|535010
6.418596494583447|536010
6.418596494583447|537010
6.418596494583447|538010
6.418596494583447|539010
6.418596494583447|540010
6.418596494583447|541010
6.418596494583447|542010
6.418596494583447|543010
6.418596494583447|544010
6.418596494583447|545010
6.418596494583447|546010
6.418596494583447|547010
6.418596494583447|548010
6.418596494583447|549010
6.418596494583447|550010
6.418596494583447|551010
6.418596494583447|552010
6.418596494583447|553010
6.418596494583447|554010
6.418596494583447|555010
6.418596494583447|556010
6.418596494583447|557010
6.418596494583447|558010
6.418596494583447|559010
6.418596494583447|560010
6.418596494583447|561010
6.418596494583447|562010
6.418596494583447|563010
6.418596494583447|564010
6.418596494583447|565010
6.418596494583447|566010
6.418596494583447|567010
6.418596494583447|568010
6.418596494583447|569010
6.418596494583447|570010
6.418596494583447|571010
6.418596494583447|572010
6.418596494583447|573010
6.418596494583447|574010
6.418596494583447|575010
6.418596494583447|576010
6.418596494583447|577010
6.418596494583447|578010
6.418596494583447|579010
6.418596494583447|580010
6.418596494583447|581010
6.418596494583447|582010
6.418596494583447|583010
6.418596494583447|584010
6.418596494583447|585010
6.418596494583447|586010
6.418596494583447|587010
6.418596494583447|588010
6.418596494583447|589010
6.418596494583447|590010
6.418596494583447|591010
6.418596494583447|592010
6.418596494583447|593010
6.418596494583447|594010
6.418596494583447|595010
6.418596494583447|596010
6.418596494583447|597010
6.418596494583447|598010
6.418596494583447|599010
6.418596494583447|600010
6.418596494583447|601010
6.418596494583447|602010
6.418596494583447|603010
6.418596494583447|604010
6.418596494583447|605010
6.418596494583447|606010
6.418596494583447|607010
6.418596494583447|608010
6.418596494583447|609010
6.418596494583447|610010
6.418596494583447|611010
6.418596494583447|612010
6.418596494583447|613010
6.418596494583447|614010
6.418596494583447|615010
6.418596494583447|616010
6.418596494583447|617010
6.418596494583447|618010
6.418596494583447|619010
6.418596494583447|620010
6.418596494583447|621010
6.418596494583447|622010
6.418596494583447|623010
6.418596494583447|624010
6.418596494583447|625010
6.418596494583447|626010
6.418596494583447|627010
6.418596494583447|628010
6.418596494583447|629010
6.418596494583447|630010
6.418596494583447|631010
6.418596494583447|632010
6.418596494583447|633010
6.418596494583447|634010
6.418596494583447|635010
6.418596494583447|636010
6.418596494583447|637010
6.418596494583447|638010
6.418596494583447|639010
6.418596494583447|640010
6.418596494583447|641010
6.418596494583447|642010
6.418596494583447|643010
6.418596494583447|644010
6.418596494583447|645010
6.418596494583447|646010
6.418596494583447|647010
6.418596494583447|648010
6.418596494583447|649010
6.418596494583447|650010
6.418596494583447|651010
6.418596494583447|652010
6.418596494583447|653010
6.418596494583447|654010
6.418596494583447|655010
6.418596494583447|656010
6.418596494583447|657010
6.418596494583447|658010
6.418596494583447|659010
6.418596494583447|660010
6.418596494583447|661010
6.418596494583447|662010
6.418596494583447|663010
6.418596494583447|664010
6.418596494583447|665010
6.418596494583447|666010
6.418596494583447|667010
6.418596494583447|668010
6.418596494583447|669010
6.418596494583447|670010
6.418596494583447|671010
6.418596494583447|672010
6.418596494583447|673010
6.418596494583447|674010
6.418596494583447|675010
6.418596494583447|676010
6.418596494583447|677010
6.418596494583447|678010
6.418596494583447|679010
6.418596494583447|680010
6.418596494583447|681010
6.418596494583447|682010
6.418596494583447|683010
6.418596494583447|684010
6.418596494583447|685010
6.418596494583447|686010
6.418596494583447|687010
6.418596494583447|688010
6.418596494583447|689010
6.418596494583447|690010
6.418596494583447|691010
6.418596494583447|692010
6.418596494583447|693010
6.418596494583447|694010
6.418596494583447|695010
6.418596494583447|696010
6.418596494583447|697010
6.418596494583447|698010
6.418596494583447|699010
6.418596494583447|700010
6.418596494583447|701010
6.418596494583447|702010
6.418596494583447|703010
6.418596494583447|704010
6.418596494583447|705010
6.418596494583447|706010
6.418596494583447|707010
6.418596494583447|708010
6.418596494583447|709010
6.418596494583447|710010
6.418596494583447|711010
6.418596494583447|712010
6.418596494583447|713010
6.418596494583447|714010
6.418596494583447|715010
6.418596494583447|716010
6.418596494583447|717010
6.418596494583447|718010
6.418596494583447|719010
6.418596494583447|720010
6.418596494583447|721010
6.418596494583447|722010
6.418596494583447|723010
6.418596494583447|724010
6.418596494583447|725010
6.418596494583447|726010
6.418596494583447|727010
6.418596494583447|728010
6.418596494583447|729010
6.418596494583447|730010
6.418596494583447|731010
6.418596494583447|732010
6.418596494583447|733010
6.418596494583447|734010
6.418596494583447|735010
6.418596494583447|736010
6.418596494583447|737010
6.418596494583447|738010
6.418596494583447|739010
6.418596494583447|740010
6.418596494583447|741010
6.418596494583447|742010
6.418596494583447|743010
6.418596494583447|744010
6.418596494583447|745010
6.418596494583447|746010
6.418596494583447|747010
6.418596494583447|748010
6.418596494583447|749010
6.418596494583447|750010
6.418596494583447|751010
6.418596494583447|752010
6.418596494583447|753010
6.418596494583447|754010
6.418596494583447|755010
6.418596494583447|756010
6.418596494583447|757010
6.418596494583447|758010
6.418596494583447|759010
6.418596494583447|760010
6.418596494583447|761010
6.418596494583447|762010
6.418596494583447|763010
6.418596494583447|764010
6.418596494583447|765010
6.418596494583447|766010
6.418596494583447|767010
6.418596494583447|768010
6.418596494583447|769010
6.418596494583447|770010
6.418596494583447|771010
6.418596494583447|772010
6.418596494583447|773010
6.418596494583447|774010
6.418596494583447|775010
6.418596494583447|776010
6.418596494583447|777010
6.418596494583447|778010
6.418596494583447|779010
6.418596494583447|780010
6.418596494583447|781010
6.418596494583447|782010
6.418596494583447|783010
6.418596494583447|784010
6.418596494583447|785010
6.418596494583447|786010
6.418596494583447|787010
6.418596494583447|788010
6.418596494583447|789010
6.418596494583447|790010
6.418596494583447|791010
6.418596494583447|792010
6.418596494583447|793010
6.418596494583447|794010
6.418596494583447|795010
6.418596494583447|796010
6.418596494583447|797010
6.418596494583447|798010
6.418596494583447|799010
6.418596494583447|800010
6.418596494583447|801010
6.418596494583447|802010
6.418596494583447|803010
6.418596494583447|804010
6.418596494583447|805010
6.418596494583447|806010
6.418596494583447|807010
6.418596494583447|808010
6.418596494583447|809010
6.418596494583447|810010
6.418596494583447|811010
6.418596494583447|812010
6.418596494583447|813010
6.418596494583447|814010
6.418596494583447|815010
6.418596494583447|816010
6.418596494583447|817010
6.418596494583447|818010
6.418596494583447|819010
6.418596494583447|820010
6.418596494583447|821010
6.418596494583447|822010
6.418596494583447|823010
6.418596494583447|824010
6.418596494583447|825010
6.418596494583447|826010
6.418596494583447|827010
6.418596494583447|828010
6.418596494583447|829010
6.418596494583447|830010
6.418596494583447|831010
6.418596494583447|832010
6.418596494583447|833010
6.418596494583447|834010
6.418596494583447|835010
6.418596494583447|836010
6.418596494583447|837010
6.418596494583447|838010
6.418596494583447|839010
6.418596494583447|840010
6.418596494583447|841010
6.418596494583447|842010
6.418596494583447|843010
6.418596494583447|844010
6.418596494583447|845010
6.418596494583447|846010
6.418596494583447|847010
6.418596494583447|848010
6.418596494583447|849010
6.418596494583447|850010
6.418596494583447|851010
6.418596494583447|852010
6.418596494583447|853010
6.418596494583447|854010
6.418596494583447|855010
6.418596494583447|856010
6.418596494583447|857010
6.418596494583447|858010
6.418596494583447|859010
6.418596494583447|860010
6.418596494583447|861010
6.418596494583447|862010
6.418596494583447|863010
6.418596494583447|864010
6.418596494583447|865010
6.418596494583447|866010
6.418596494583447|867010
6.418596494583447|868010
6.418596494583447|869010
6.418596494583447|870010
6.418596494583447|871010
6.418596494583447|872010
6.418596494583447|873010
6.418596494583447|874010
6.418596494583447|875010
6.418596494583447|876010
6.418596494583447|877010
6.418596494583447|878010
6.418596494583447|879010
6.418596494583447|880010
6.418596494583447|881010
6.418596494583447|882010
6.418596494583447|883010
6.418596494583447|884010
6.418596494583447|885010
6.418596494583447|886010
6.418596494583447|887010
6.418596494583447|888010
6.418596494583447|889010
6.418596494583447|890010
6.418596494583447|891010
6.418596494583447|892010
6.418596494583447|893010
6.418596494583447|894010
6.418596494583447|895010
6.418596494583447|896010
6.418596494583447|897010
6.418596494583447|898010
6.418596494583447|899010
6.418596494583447|900010
6.418596494583447|901010
6.418596494583447|902010
6.418596494583447|903010
6.418596494583447|904010
6.418596494583447|905010
6.418596494583447|906010
6.418596494583447|907010
6.418596494583447|908010
6.418596494583447|909010
6.418596494583447|910010
6.418596494583447|911010
6.418596494583447|912010
6.418596494583447|913010
6.418596494583447|914010
6.418596494583447|915010
6.418596494583447|916010
6.418596494583447|917010
6.418596494583447|918010
6.418596494583447|919010
6.418596494583447|920010
6.418596494583447|921010
6.418596494583447|922010
6.418596494583447|923010
6.418596494583447|924010
6.418596494583447|925010
6.418596494583447|926010
6.418596494583447|927010
6.418596494583447|928010
6.418596494583447|929010
6.418596494583447|930010
6.418596494583447|931010
6.418596494583447|932010
6.418596494583447|933010
6.418596494583447|934010
6.418596494583447|935010
6.418596494583447|936010
6.418596494583447|937010
6.418596494583447|938010
6.418596494583447|939010
6.418596494583447|940010
6.418596494583447|941010
6.418596494583447|942010
6.418596494583447|943010
6.418596494583447|944010
6.418596494583447|945010
6.418596494583447|946010
6.418596494583447|947010
6.418596494583447|948010
6.418596494583447|949010
6.418596494583447|950010
6.418596494583447|951010
6.418596494583447|952010
6.418596494583447|953010
6.418596494583447|954010
6.418596494583447|955010
6.418596494583447|956010
6.418596494583447|957010
6.418596494583447|958010
6.418596494583447|959010
6.418596494583447|960010
6.418596494583447|961010
6.418596494583447|962010
6.418596494583447|963010
6.418596494583447|964010
6.418596494583447|965010
6.418596494583447|966010
6.418596494583447|967010
6.418596494583447|968010
6.418596494583447|969010
6.418596494583447|970010
6.418596494583447|971010
6.418596494583447|972010
6.418596494583447|973010
6.418596494583447|974010
6.418596494583447|975010
6.418596494583447|976010
6.418596494583447|977010
6.418596494583447|978010
6.418596494583447|979010
6.418596494583447|980010
6.418596494583447|981010
6.418596494583447|982010
6.418596494583447|983010
6.418596494583447|984010
6.418596494583447|985010
6.418596494583447|986010
6.418596494583447|987010
6.418596494583447|988010
6.418596494583447|989010
6.418596494583447|990010
6.418596494583447|991010
6.418596494583447|992010
6.418596494583447|993010
6.418596494583447|994010
6.418596494583447|995010
6.418596494583447|996010
6.418596494583447|997010
6.418596494583447|998010
6.418596494583447|999010
6.418596494583447|1000010
