13.681550341337395|1010
12.181564901912|2010
11.261443149827599|3010
9.327638628569487|4010
8.823626428769659|5010
8.520656204082464|6010
8.217871461024309|7010
7.939381793406451|8010
7.680706512141495|9010
7.415918687545718|10010
7.415918687545716|11010
6.999382189196256|12010
6.995012963298051|13010
6.966483344643157|14010
6.939074367118565|15010
6.8222964467644545|16010
6.713905518541676|17010
6.590314506631497|18010
6.557987346339566|19010
6.557987346339566|20010
6.520273921026945|21010
6.481216351070898|22010
6.466147429294002|23010
6.466147429294002|24010
6.466147429294002|25010
6.466147429294002|26010
6.43548628184724|27010
6.43548628184724|28010
6.43548628184724|29010
6.43548628184724|30010
6.43548628184724|31010
6.43548628184724|32010
6.43548628184724|33010
6.43548628184724|34010
6.43548628184724|35010
6.43548628184724|36010
6.43548628184724|37010
6.43548628184724|38010
6.43548628184724|39010
6.43548628184724|40010
6.43548628184724|41010
6.43548628184724|42010
6.43548628184724|43010
6.43548628184724|44010
6.434206436589679|45010
6.434206436589679|46010
6.434206436589679|47010
6.434206436589679|48010
6.434206436589679|49010
6.434206436589679|50010
6.434206436589679|51010
6.434206436589679|52010
6.434206436589679|53010
6.434206436589679|54010
6.434206436589679|55010
6.434206436589679|56010
6.434206436589679|57010
6.434206436589679|58010
6.434206436589679|59010
6.434206436589679|60010
6.434206436589679|61010
6.434206436589679|62010
6.434206436589679|63010
6.434206436589679|64010
6.434206436589679|65010
6.434206436589679|66010
6.434206436589679|67010
6.434206436589679|68010
6.434206436589679|69010
6.434206436589679|70010
6.434206436589679|71010
6.434206436589679|72010
6.434206436589679|73010
6.434206436589679|74010
6.434206436589679|75010
6.434206436589679|76010
6.434206436589679|77010
6.434206436589678|78010
6.434206436589678|79010
6.434206436589678|80010
6.434206436589678|81010
6.434206436589678|82010
6.434206436589678|83010
6.434206436589678|84010
6.434206436589678|85010
6.434206436589678|86010
6.434206436589678|87010
6.434206436589678|88010
6.434206436589678|89010
6.434206436589678|90010
6.434206436589678|91010
6.434206436589678|92010
6.434206436589678|93010
6.434206436589678|94010
6.434206436589678|95010
6.434206436589678|96010
6.434206436589678|97010
6.434206436589678|98010
6.434206436589678|99010
6.434206436589678|100010
6.434206436589678|101010
6.434206436589678|102010
6.434206436589678|103010
6.434206436589678|104010
6.434206436589678|105010
6.434206436589678|106010
6.434206436589678|107010
6.434206436589678|108010
6.434206436589678|109010
6.434206436589678|110010
6.434206436589678|111010
6.434206436589678|112010
6.434206436589678|113010
6.434206436589678|114010
6.434206436589678|115010
6.434206436589678|116010
6.434206436589678|117010
6.434206436589678|118010
6.434206436589678|119010
6.434206436589678|120010
6.434206436589678|121010
6.434206436589678|122010
6.434206436589678|123010
6.434206436589678|124010
6.434206436589678|125010
6.434206436589678|126010
6.434206436589678|127010
6.434206436589678|128010
6.434206436589678|129010
6.434206436589678|130010
6.434206436589678|131010
6.434206436589678|132010
6.434206436589678|133010
6.434206436589678|134010
6.434206436589678|135010
6.434206436589678|136010
6.434206436589678|137010
6.434206436589678|138010
6.434206436589678|139010
6.434206436589678|140010
6.434206436589678|141010
6.434206436589678|142010
6.434206436589678|143010
6.434206436589678|144010
6.434206436589678|145010
6.434206436589678|146010
6.434206436589678|147010
6.434206436589678|148010
6.434206436589678|149010
6.434206436589678|150010
6.434206436589678|151010
6.434206436589678|152010
6.434206436589678|153010
6.434206436589678|154010
6.434206436589678|155010
6.434206436589678|156010
6.434206436589678|157010
6.434206436589678|158010
6.434206436589678|159010
6.434206436589678|160010
6.434206436589678|161010
6.434206436589678|162010
6.434206436589678|163010
6.434206436589678|164010
6.434206436589678|165010
6.434206436589678|166010
6.434206436589678|167010
6.434206436589678|168010
6.434206436589678|169010
6.434206436589678|170010
6.434206436589678|171010
6.434206436589678|172010
6.434206436589678|173010
6.434206436589678|174010
6.434206436589678|175010
6.434206436589678|176010
6.434206436589678|177010
6.434206436589678|178010
6.434206436589678|179010
6.434206436589678|180010
6.434206436589678|181010
6.434206436589678|182010
6.434206436589678|183010
6.434206436589678|184010
6.434206436589678|185010
6.434206436589678|186010
6.434206436589678|187010
6.434206436589678|188010
6.434206436589678|189010
6.434206436589678|190010
6.434206436589678|191010
6.434206436589678|192010
6.434206436589678|193010
6.434206436589678|194010
6.434206436589678|195010
6.434206436589678|196010
6.434206436589678|197010
6.434206436589678|198010
6.434206436589678|199010
6.434206436589678|200010
6.434206436589678|201010
6.434206436589678|202010
6.434206436589678|203010
6.434206436589678|204010
6.434206436589678|205010
6.434206436589678|206010
6.434206436589678|207010
6.434206436589678|208010
6.434206436589678|209010
6.434206436589678|210010
6.434206436589678|211010
6.434206436589678|212010
6.434206436589678|213010
6.434206436589678|214010
6.434206436589678|215010
6.434206436589678|216010
6.434206436589678|217010
6.434206436589678|218010
6.434206436589678|219010
6.434206436589678|220010
6.434206436589678|221010
6.434206436589678|222010
6.434206436589678|223010
6.434206436589678|224010
6.434206436589678|225010
6.434206436589678|226010
6.434206436589678|227010
6.434206436589678|228010
6.434206436589678|229010
6.434206436589678|230010
6.434206436589678|231010
6.434206436589678|232010
6.434206436589678|233010
6.434206436589678|234010
6.434206436589678|235010
6.434206436589678|236010
6.434206436589678|237010
6.434206436589678|238010
6.434206436589678|239010
6.434206436589678|240010
6.434206436589678|241010
6.434206436589678|242010
6.434206436589678|243010
6.434206436589678|244010
6.434206436589678|245010
6.434206436589678|246010
6.434206436589678|247010
6.434206436589678|248010
6.434206436589678|249010
6.434206436589678|250010
6.434206436589678|251010
6.434206436589678|252010
6.434206436589678|253010
6.434206436589678|254010
6.434206436589678|255010
6.434206436589678|256010
6.434206436589678|257010
6.434206436589678|258010
6.434206436589678|259010
6.434206436589678|260010
6.434206436589678|261010
6.434206436589678|262010
6.434206436589678|263010
6.434206436589678|264010
6.434206436589678|265010
6.434206436589678|266010
6.434206436589678|267010
6.434206436589678|268010
6.434206436589678|269010
6.434206436589678|270010
6.434206436589678|271010
6.434206436589678|272010
6.434206436589678|273010
6.434206436589678|274010
6.434206436589678|275010
6.434206436589678|276010
6.434206436589678|277010
6.434206436589678|278010
6.434206436589678|279010
6.434206436589678|280010
6.434206436589678|281010
6.434206436589678|282010
6.434206436589678|283010
6.434206436589678|284010
6.434206436589678|285010
6.434206436589678|286010
6.434206436589678|287010
6.434206436589678|288010
6.434206436589678|289010
6.434206436589678|290010
6.434206436589678|291010
6.434206436589678|292010
6.434206436589678|293010
6.434206436589678|294010
6.434206436589678|295010
6.434206436589678|296010
6.434206436589678|297010
6.434206436589678|298010
6.434206436589678|299010
6.434206436589678|300010
6.434206436589678|301010
6.434206436589678|302010
6.434206436589678|303010
6.434206436589678|304010
6.434206436589678|305010
6.434206436589678|306010
6.434206436589678|307010
6.434206436589678|308010
6.434206436589678|309010
6.434206436589678|310010
6.434206436589678|311010
6.434206436589678|312010
6.434206436589678|313010
6.434206436589678|314010
6.434206436589678|315010
6.434206436589678|316010
6.434206436589678|317010
6.434206436589678|318010
6.434206436589678|319010
6.434206436589678|320010
6.434206436589678|321010
6.434206436589678|322010
6.434206436589678|323010
6.434206436589678|324010
6.434206436589678|325010
6.434206436589678|326010
6.434206436589678|327010
6.434206436589678|328010
6.434206436589678|329010
6.434206436589678|330010
6.434206436589678|331010
6.434206436589678|332010
6.434206436589678|333010
6.434206436589678|334010
6.434206436589678|335010
6.434206436589678|336010
6.434206436589678|337010
6.434206436589678|338010
6.434206436589678|339010
6.434206436589678|340010
6.434206436589678|341010
6.434206436589678|342010
6.434206436589678|343010
6.434206436589678|344010
6.434206436589678|345010
6.434206436589678|346010
6.434206436589678|347010
6.434206436589678|348010
6.434206436589678|349010
6.434206436589678|350010
6.434206436589678|351010
6.434206436589678|352010
6.434206436589678|353010
6.434206436589678|354010
6.434206436589678|355010
6.434206436589678|356010
6.434206436589678|357010
6.434206436589678|358010
6.434206436589678|359010
6.434206436589678|360010
6.434206436589678|361010
6.434206436589678|362010
6.434206436589678|363010
6.434206436589678|364010
6.434206436589678|365010
6.434206436589678|366010
6.434206436589678|367010
6.434206436589678|368010
6.434206436589678|369010
6.434206436589678|370010
6.434206436589678|371010
6.434206436589678|372010
6.434206436589678|373010
6.434206436589678|374010
6.434206436589678|375010
6.434206436589678|376010
6.434206436589678|377010
6.434206436589678|378010
6.434206436589678|379010
6.434206436589678|380010
6.434206436589678|381010
6.434206436589678|382010
6.434206436589678|383010
6.434206436589678|384010
6.434206436589678|385010
6.434206436589678|386010
6.434206436589678|387010
6.434206436589678|388010
6.434206436589678|389010
6.434206436589678|390010
6.434206436589678|391010
6.434206436589678|392010
6.434206436589678|393010
6.434206436589678|394010
6.434206436589678|395010
6.434206436589678|396010
6.434206436589678|397010
6.434206436589678|398010
6.434206436589678|399010
6.434206436589678|400010
6.434206436589678|401010
6.434206436589678|402010
6.434206436589678|403010
6.434206436589678|404010
6.434206436589678|405010
6.434206436589678|406010
6.434206436589678|407010
6.434206436589678|408010
6.434206436589678|409010
6.434206436589678|410010
6.434206436589678|411010
6.434206436589678|412010
6.434206436589678|413010
6.434206436589678|414010
6.434206436589678|415010
6.434206436589678|416010
6.434206436589678|417010
6.434206436589678|418010
6.434206436589678|419010
6.434206436589678|420010
6.434206436589678|421010
6.434206436589678|422010
6.434206436589678|423010
6.434206436589678|424010
6.434206436589678|425010
6.434206436589678|426010
6.434206436589678|427010
6.434206436589678|428010
6.434206436589678|429010
6.434206436589678|430010
6.434206436589678|431010
6.434206436589678|432010
6.434206436589678|433010
6.434206436589678|434010
6.434206436589678|435010
6.434206436589678|436010
6.434206436589678|437010
6.434206436589678|438010
6.434206436589678|439010
6.434206436589678|440010
6.434206436589678|441010
6.434206436589678|442010
6.434206436589678|443010
6.434206436589678|444010
6.434206436589678|445010
6.434206436589678|446010
6.434206436589678|447010
6.434206436589678|448010
6.434206436589678|449010
6.434206436589678|450010
6.434206436589678|451010
6.434206436589678|452010
6.434206436589678|453010
6.434206436589678|454010
6.434206436589678|455010
6.434206436589678|456010
6.434206436589678|457010
6.434206436589678|458010
6.434206436589678|459010
6.434206436589678|460010
6.434206436589678|461010
6.434206436589678|462010
6.434206436589678|463010
6.434206436589678|464010
6.434206436589678|465010
6.434206436589678|466010
6.434206436589678|467010
6.434206436589678|468010
6.434206436589678|469010
6.434206436589678|470010
6.434206436589678|471010
6.434206436589678|472010
6.434206436589678|473010
6.434206436589678|474010
6.434206436589678|475010
6.434206436589678|476010
6.434206436589678|477010
6.434206436589678|478010
6.434206436589678|479010
6.434206436589678|480010
6.434206436589678|481010
6.434206436589678|482010
6.434206436589678|483010
6.434206436589678|484010
6.434206436589678|485010
6.434206436589678|486010
6.434206436589678|487010
6.434206436589678|488010
6.434206436589678|489010
6.434206436589678|490010
6.434206436589678|491010
6.434206436589678|492010
6.434206436589678|493010
6.434206436589678|494010
6.434206436589678|495010
6.434206436589678|496010
6.434206436589678|497010
6.434206436589678|498010
6.434206436589678|499010
6.434206436589678|500010
6.434206436589678|501010
6.434206436589678|502010
6.434206436589678|503010
6.434206436589678|504010
6.434206436589678|505010
6.434206436589678|506010
6.434206436589678|507010
6.434206436589678|508010
6.434206436589678|509010
6.434206436589678|510010
6.434206436589678|511010
6.434206436589678|512010
6.434206436589678|513010
6.434206436589678|514010
6.434206436589678|515010
6.434206436589678|516010
6.434206436589678|517010
6.434206436589678|518010
6.434206436589678|519010
6.434206436589678|520010
6.434206436589678|521010
6.434206436589678|522010
6.434206436589678|523010
6.434206436589678|524010
6.434206436589678|525010
6.434206436589678|526010
6.434206436589678|527010
6.434206436589678|528010
6.434206436589678|529010
6.434206436589678|530010
6.434206436589678|531010
6.434206436589678|532010
6.434206436589678|533010
6.434206436589678|534010
6.434206436589678|535010
6.434206436589678|536010
6.434206436589678|537010
6.434206436589678|538010
6.434206436589678|539010
6.434206436589678|540010
6.434206436589678|541010
6.434206436589678|542010
6.434206436589678|543010
6.434206436589678|544010
6.434206436589678|545010
6.434206436589678|546010
6.434206436589678|547010
6.434206436589678|548010
6.434206436589678|549010
6.434206436589678|550010
6.434206436589678|551010
6.434206436589678|552010
6.434206436589678|553010
6.434206436589678|554010
6.434206436589678|555010
6.434206436589678|556010
6.434206436589678|557010
6.434206436589678|558010
6.434206436589678|559010
6.434206436589678|560010
6.434206436589678|561010
6.434206436589678|562010
6.434206436589678|563010
6.434206436589678|564010
6.434206436589678|565010
6.434206436589678|566010
6.434206436589678|567010
6.434206436589678|568010
6.434206436589678|569010
6.434206436589678|570010
6.434206436589678|571010
6.434206436589678|572010
6.434206436589678|573010
6.434206436589678|574010
6.434206436589678|575010
6.434206436589678|576010
6.434206436589678|577010
6.434206436589678|578010
6.434206436589678|579010
6.434206436589678|580010
6.434206436589678|581010
6.434206436589678|582010
6.434206436589678|583010
6.434206436589678|584010
6.434206436589678|585010
6.434206436589678|586010
6.434206436589678|587010
6.434206436589678|588010
6.434206436589678|589010
6.434206436589678|590010
6.434206436589678|591010
6.434206436589678|592010
6.434206436589678|593010
6.434206436589678|594010
6.434206436589678|595010
6.434206436589678|596010
6.434206436589678|597010
6.434206436589678|598010
6.434206436589678|599010
6.434206436589678|600010
6.434206436589678|601010
6.434206436589678|602010
6.434206436589678|603010
6.434206436589678|604010
6.434206436589678|605010
6.434206436589678|606010
6.434206436589678|607010
6.434206436589678|608010
6.434206436589678|609010
6.434206436589678|610010
6.434206436589678|611010
6.434206436589678|612010
6.434206436589678|613010
6.434206436589678|614010
6.434206436589678|615010
6.434206436589678|616010
6.434206436589678|617010
6.434206436589678|618010
6.434206436589678|619010
6.434206436589678|620010
6.434206436589678|621010
6.434206436589678|622010
6.434206436589678|623010
6.434206436589678|624010
6.434206436589678|625010
6.434206436589678|626010
6.434206436589678|627010
6.434206436589678|628010
6.434206436589678|629010
6.434206436589678|630010
6.434206436589678|631010
6.434206436589678|632010
6.434206436589678|633010
6.434206436589678|634010
6.434206436589678|635010
6.434206436589678|636010
6.434206436589678|637010
6.434206436589678|638010
6.434206436589678|639010
6.434206436589678|640010
6.434206436589678|641010
6.434206436589678|642010
6.434206436589678|643010
6.434206436589678|644010
6.434206436589678|645010
6.434206436589678|646010
6.434206436589678|647010
6.434206436589678|648010
6.434206436589678|649010
6.434206436589678|650010
6.434206436589678|651010
6.434206436589678|652010
6.434206436589678|653010
6.434206436589678|654010
6.434206436589678|655010
6.434206436589678|656010
6.434206436589678|657010
6.434206436589678|658010
6.434206436589678|659010
6.434206436589678|660010
6.434206436589678|661010
6.434206436589678|662010
6.434206436589678|663010
6.434206436589678|664010
6.434206436589678|665010
6.434206436589678|666010
6.434206436589678|667010
6.434206436589678|668010
6.434206436589678|669010
6.434206436589678|670010
6.434206436589678|671010
6.434206436589678|672010
6.434206436589678|673010
6.434206436589678|674010
6.434206436589678|675010
6.434206436589678|676010
6.434206436589678|677010
6.434206436589678|678010
6.434206436589678|679010
6.434206436589678|680010
6.434206436589678|681010
6.434206436589678|682010
6.434206436589678|683010
6.434206436589678|684010
6.434206436589678|685010
6.434206436589678|686010
6.434206436589678|687010
6.434206436589678|688010
6.434206436589678|689010
6.434206436589678|690010
6.434206436589678|691010
6.434206436589678|692010
6.434206436589678|693010
6.434206436589678|694010
6.434206436589678|695010
6.434206436589678|696010
6.434206436589678|697010
6.434206436589678|698010
6.434206436589678|699010
6.434206436589678|700010
6.434206436589678|701010
6.434206436589678|702010
6.434206436589678|703010
6.434206436589678|704010
6.434206436589678|705010
6.434206436589678|706010
6.434206436589678|707010
6.434206436589678|708010
6.434206436589678|709010
6.434206436589678|710010
6.434206436589678|711010
6.434206436589678|712010
6.434206436589678|713010
6.434206436589678|714010
6.434206436589678|715010
6.434206436589678|716010
6.434206436589678|717010
6.434206436589678|718010
6.434206436589678|719010
6.434206436589678|720010
6.434206436589678|721010
6.434206436589678|722010
6.434206436589678|723010
6.434206436589678|724010
6.434206436589678|725010
6.434206436589678|726010
6.434206436589678|727010
6.434206436589678|728010
6.434206436589678|729010
6.434206436589678|730010
6.434206436589678|731010
6.434206436589678|732010
6.434206436589678|733010
6.434206436589678|734010
6.434206436589678|735010
6.434206436589678|736010
6.434206436589678|737010
6.434206436589678|738010
6.434206436589678|739010
6.434206436589678|740010
6.434206436589678|741010
6.434206436589678|742010
6.434206436589678|743010
6.434206436589678|744010
6.434206436589678|745010
6.434206436589678|746010
6.434206436589678|747010
6.434206436589678|748010
6.434206436589678|749010
6.434206436589678|750010
6.434206436589678|751010
6.434206436589678|752010
6.434206436589678|753010
6.434206436589678|754010
6.434206436589678|755010
6.434206436589678|756010
6.434206436589678|757010
6.434206436589678|758010
6.434206436589678|759010
6.434206436589678|760010
6.434206436589678|761010
6.434206436589678|762010
6.434206436589678|763010
6.434206436589678|764010
6.434206436589678|765010
6.434206436589678|766010
6.434206436589678|767010
6.434206436589678|768010
6.434206436589678|769010
6.434206436589678|770010
6.434206436589678|771010
6.434206436589678|772010
6.434206436589678|773010
6.434206436589678|774010
6.434206436589678|775010
6.434206436589678|776010
6.434206436589678|777010
6.434206436589678|778010
6.434206436589678|779010
6.434206436589678|780010
6.434206436589678|781010
6.434206436589678|782010
6.434206436589678|783010
6.434206436589678|784010
6.434206436589678|785010
6.434206436589678|786010
6.434206436589678|787010
6.434206436589678|788010
6.434206436589678|789010
6.434206436589678|790010
6.434206436589678|791010
6.434206436589678|792010
6.434206436589678|793010
6.434206436589678|794010
6.434206436589678|795010
6.434206436589678|796010
6.434206436589678|797010
6.434206436589678|798010
6.434206436589678|799010
6.434206436589678|800010
6.434206436589678|801010
6.434206436589678|802010
6.434206436589678|803010
6.434206436589678|804010
6.434206436589678|805010
6.434206436589678|806010
6.434206436589678|807010
6.434206436589678|808010
6.434206436589678|809010
6.434206436589678|810010
6.434206436589678|811010
6.434206436589678|812010
6.434206436589678|813010
6.434206436589678|814010
6.434206436589678|815010
6.434206436589678|816010
6.434206436589678|817010
6.434206436589678|818010
6.434206436589678|819010
6.434206436589678|820010
6.434206436589678|821010
6.434206436589678|822010
6.434206436589678|823010
6.434206436589678|824010
6.434206436589678|825010
6.434206436589678|826010
6.434206436589678|827010
6.434206436589678|828010
6.434206436589678|829010
6.434206436589678|830010
6.434206436589678|831010
6.434206436589678|832010
6.434206436589678|833010
6.434206436589678|834010
6.434206436589678|835010
6.434206436589678|836010
6.434206436589678|837010
6.434206436589678|838010
6.434206436589678|839010
6.434206436589678|840010
6.434206436589678|841010
6.434206436589678|842010
6.434206436589678|843010
6.434206436589678|844010
6.434206436589678|845010
6.434206436589678|846010
6.434206436589678|847010
6.434206436589678|848010
6.434206436589678|849010
6.434206436589678|850010
6.434206436589678|851010
6.434206436589678|852010
6.434206436589678|853010
6.434206436589678|854010
6.434206436589678|855010
6.434206436589678|856010
6.434206436589678|857010
6.434206436589678|858010
6.434206436589678|859010
6.434206436589678|860010
6.434206436589678|861010
6.434206436589678|862010
6.434206436589678|863010
6.434206436589678|864010
6.434206436589678|865010
6.434206436589678|866010
6.434206436589678|867010
6.434206436589678|868010
6.434206436589678|869010
6.434206436589678|870010
6.434206436589678|871010
6.434206436589678|872010
6.434206436589678|873010
6.434206436589678|874010
6.434206436589678|875010
6.434206436589678|876010
6.434206436589678|877010
6.434206436589678|878010
6.434206436589678|879010
6.434206436589678|880010
6.434206436589678|881010
6.434206436589678|882010
6.388440179549184|883010
6.388440179549184|884010
6.356794085303649|885010
6.356794085303649|886010
6.356794085303649|887010
6.356794085303649|888010
6.356794085303649|889010
6.356794085303649|890010
6.356794085303649|891010
6.356794085303649|892010
6.356794085303649|893010
6.356794085303649|894010
6.356794085303649|895010
6.356794085303649|896010
6.356794085303649|897010
6.356794085303649|898010
6.356794085303649|899010
6.356794085303649|900010
6.356794085303649|901010
6.356794085303649|902010
6.356794085303649|903010
6.356794085303649|904010
6.356794085303649|905010
6.356794085303649|906010
6.356794085303649|907010
6.356794085303649|908010
6.356794085303649|909010
6.356794085303649|910010
6.356794085303649|911010
6.356794085303649|912010
6.356794085303649|913010
6.356794085303649|914010
6.356794085303649|915010
6.356794085303649|916010
6.356794085303649|917010
6.356794085303649|918010
6.356794085303649|919010
6.356794085303649|920010
6.356794085303649|921010
6.356794085303649|922010
6.356794085303649|923010
6.356794085303649|924010
6.356794085303649|925010
6.356794085303649|926010
6.356794085303649|927010
6.356794085303649|928010
6.356794085303649|929010
6.356794085303649|930010
6.356794085303649|931010
6.356794085303649|932010
6.356794085303649|933010
6.356794085303649|934010
6.356794085303649|935010
6.356794085303649|936010
6.356794085303649|937010
6.356794085303649|938010
6.356794085303649|939010
6.356794085303649|940010
6.356794085303649|941010
6.356794085303649|942010
6.356794085303649|943010
6.356794085303649|944010
6.356794085303649|945010
6.356794085303649|946010
6.356794085303649|947010
6.356794085303649|948010
6.356794085303649|949010
6.356794085303649|950010
6.356794085303649|951010
6.356794085303649|952010
6.356794085303649|953010
6.356794085303649|954010
6.356794085303649|955010
6.356794085303649|956010
6.356794085303649|957010
6.356794085303649|958010
6.356794085303649|959010
6.356794085303649|960010
6.356794085303649|961010
6.356794085303649|962010
6.356794085303649|963010
6.356794085303649|964010
6.356794085303649|965010
6.356794085303649|966010
6.356794085303649|967010
6.356794085303649|968010
6.356794085303649|969010
6.356794085303649|970010
6.356794085303649|971010
6.356794085303649|972010
6.356794085303649|973010
6.356794085303649|974010
6.356794085303649|975010
6.356794085303649|976010
6.356794085303649|977010
6.356794085303649|978010
6.356794085303649|979010
6.356794085303649|980010
6.356794085303649|981010
6.356794085303649|982010
6.356794085303649|983010
6.356794085303649|984010
6.356794085303649|985010
6.356794085303649|986010
6.356794085303649|987010
6.356794085303649|988010
6.356794085303649|989010
6.356794085303649|990010
6.356794085303649|991010
6.356794085303649|992010
6.356794085303649|993010
6.356794085303649|994010
6.356794085303649|995010
6.356794085303649|996010
6.356794085303649|997010
6.356794085303649|998010
6.356794085303649|999010
6.356794085303649|1000010
