14.695036317982929|1010
12.744456547326124|2010
12.10437648095536|3010
11.739335972325952|4010
11.413427041501578|5010
11.11363677669597|6010
10.759218052258282|7010
10.460239324365263|8010
9.769274490243623|9010
9.374661069212708|10010
9.344260932861012|11010
9.117554382101298|12010
9.054652855866763|13010
8.964018247739665|14010
8.443595900758218|15010
8.443595900758218|16010
8.279157153001984|17010
8.279157153001984|18010
8.24628862134374|19010
8.24628862134374|20010
8.187136920397592|21010
8.187136920397592|22010
7.99503421498318|23010
7.9900899500554035|24010
7.9900899500554035|25010
7.976154466987543|26010
7.976154466987543|27010
7.9611287473530705|28010
7.9611287473530705|29010
7.9611287473530705|30010
7.96112874735307|31010
7.918146750476074|32010
7.918146750476074|33010
7.918146750476074|34010
7.918146750476074|35010
7.918146750476074|36010
7.918146750476074|37010
7.918146750476074|38010
7.918146750476074|39010
7.918146750476074|40010
7.918146750476074|41010
7.918146750476074|42010
7.918146750476073|43010
7.918146750476073|44010
7.918146750476073|45010
7.918146750476073|46010
7.918146750476073|47010
7.918146750476073|48010
7.918146750476073|49010
7.918146750476073|50010
7.918146750476073|51010
7.918146750476073|52010
7.918146750476073|53010
7.918146750476073|54010
7.918146750476073|55010
7.918146750476073|56010
7.918146750476073|57010
7.918146750476073|58010
7.918146750476073|59010
7.918146750476073|60010
7.918146750476073|61010
7.918146750476073|62010
7.918146750476073|63010
7.918146750476073|64010
7.918146750476073|65010
7.918146750476073|66010
7.918146750476073|67010
7.918146750476073|68010
7.918146750476073|69010
7.918146750476073|70010
7.918146750476073|71010
7.918146750476073|72010
7.918146750476073|73010
7.918146750476073|74010
7.918146750476073|75010
7.918146750476073|76010
7.918146750476073|77010
7.918146750476073|78010
7.918146750476073|79010
7.918146750476073|80010
7.918146750476073|81010
7.918146750476073|82010
7.918146750476073|83010
7.918146750476073|84010
7.918146750476073|85010
7.918146750476073|86010
7.918146750476073|87010
7.8875669642644075|88010
7.8875669642644075|89010
7.8875669642644075|90010
7.810001639287447|91010
7.810001639287447|92010
7.810001639287447|93010
7.810001639287447|94010
7.810001639287447|95010
7.810001639287447|96010
7.810001639287447|97010
7.708931647106283|98010
7.708931647106283|99010
7.708931647106283|100010
7.708931647106283|101010
7.708931647106283|102010
7.708931647106283|103010
7.708931647106283|104010
7.708931647106283|105010
7.708931647106283|106010
7.708931647106283|107010
7.708931647106283|108010
7.708931647106283|109010
7.708931647106283|110010
7.708931647106283|111010
7.708931647106283|112010
7.708931647106283|113010
7.708931647106283|114010
7.708931647106283|115010
7.708931647106283|116010
7.708931647106283|117010
7.708931647106283|118010
7.708931647106283|119010
7.708931647106283|120010
7.708931647106283|121010
7.708931647106283|122010
7.708931647106283|123010
7.708931647106283|124010
7.708931647106283|125010
7.708931647106283|126010
7.708931647106283|127010
7.708931647106283|128010
7.708931647106283|129010
7.708931647106283|130010
7.708931647106283|131010
7.708931647106283|132010
7.708931647106283|133010
7.708931647106283|134010
7.708931647106283|135010
7.708931647106283|136010
7.708931647106283|137010
7.708931647106283|138010
7.708931647106283|139010
7.708931647106283|140010
7.708931647106283|141010
7.708931647106283|142010
7.708931647106283|143010
7.708931647106283|144010
7.708931647106283|145010
7.708931647106283|146010
7.708931647106283|147010
7.708931647106283|148010
7.708931647106283|149010
7.708931647106283|150010
7.708931647106283|151010
7.708931647106283|152010
7.708931647106283|153010
7.708931647106283|154010
7.708931647106283|155010
7.708931647106283|156010
7.708931647106283|157010
7.708931647106283|158010
7.708931647106283|159010
7.386765363112473|160010
7.386765363112473|161010
7.386765363112472|162010
7.386765363112472|163010
7.386765363112472|164010
7.386765363112472|165010
7.386765363112472|166010
7.386765363112472|167010
7.386765363112472|168010
7.38676536311247|169010
7.38676536311247|170010
7.38676536311247|171010
7.38676536311247|172010
7.38676536311247|173010
7.38676536311247|174010
7.38676536311247|175010
7.38676536311247|176010
7.38676536311247|177010
7.38676536311247|178010
7.38676536311247|179010
7.38676536311247|180010
7.38676536311247|181010
7.38676536311247|182010
7.38676536311247|183010
7.38676536311247|184010
7.38676536311247|185010
7.38676536311247|186010
7.355656460762322|187010
7.238239592097971|188010
7.192662402270672|189010
7.192662402270672|190010
7.192662402270672|191010
7.1915307648918905|192010
7.091842945629664|193010
7.091842945629664|194010
7.091842945629664|195010
7.091842945629664|196010
7.091842945629664|197010
7.091842945629664|198010
7.091842945629664|199010
7.091842945629664|200010
7.091842945629664|201010
7.03978396052714|202010
6.9932505479735685|203010
6.9932505479735685|204010
6.9932505479735685|205010
6.990749383708727|206010
6.990749383708727|207010
6.851714312533856|208010
6.662536361532115|209010
6.662536361532115|210010
6.662536361532115|211010
6.662536361532115|212010
6.662536361532115|213010
6.662536361532115|214010
6.662536361532115|215010
6.662536361532115|216010
6.662536361532115|217010
6.662536361532115|218010
6.662536361532115|219010
6.662536361532115|220010
6.662536361532115|221010
6.662536361532115|222010
6.662536361532115|223010
6.662536361532115|224010
6.662536361532115|225010
6.662536361532115|226010
6.662536361532115|227010
6.662536361532115|228010
6.662536361532115|229010
6.662536361532115|230010
6.662536361532115|231010
6.662536361532115|232010
6.662536361532115|233010
6.662536361532115|234010
6.662536361532115|235010
6.662536361532115|236010
6.662536361532115|237010
6.662536361532115|238010
6.662536361532115|239010
6.662536361532115|240010
6.662536361532115|241010
6.662536361532115|242010
6.662536361532115|243010
6.662536361532115|244010
6.662536361532115|245010
6.662536361532115|246010
6.662536361532115|247010
6.662536361532115|248010
6.662536361532115|249010
6.662536361532115|250010
6.662536361532115|251010
6.662536361532115|252010
6.662536361532115|253010
6.662536361532115|254010
6.662536361532115|255010
6.662536361532115|256010
6.662536361532115|257010
6.662536361532115|258010
6.662536361532115|259010
6.662536361532115|260010
6.662536361532115|261010
6.662536361532115|262010
6.662536361532115|263010
6.662536361532115|264010
6.662536361532115|265010
6.662536361532115|266010
6.662536361532115|267010
6.662536361532115|268010
6.662536361532115|269010
6.662536361532115|270010
6.662536361532115|271010
6.662536361532115|272010
6.662536361532115|273010
6.662536361532115|274010
6.662536361532115|275010
6.662536361532115|276010
6.662536361532115|277010
6.662536361532115|278010
6.662536361532115|279010
6.662536361532115|280010
6.662536361532115|281010
6.662536361532115|282010
6.662536361532115|283010
6.662536361532115|284010
6.662536361532115|285010
6.662536361532115|286010
6.662536361532115|287010
6.662536361532115|288010
6.662536361532115|289010
6.662536361532115|290010
6.662536361532115|291010
6.662536361532115|292010
6.662536361532115|293010
6.662536361532115|294010
6.662536361532115|295010
6.662536361532115|296010
6.662536361532115|297010
6.662536361532115|298010
6.662536361532115|299010
6.662536361532115|300010
6.662536361532115|301010
6.662536361532115|302010
6.662536361532115|303010
6.662536361532115|304010
6.662536361532115|305010
6.662536361532115|306010
6.662536361532115|307010
6.662536361532115|308010
6.662536361532115|309010
6.662536361532115|310010
6.662536361532115|311010
6.662536361532115|312010
6.662536361532115|313010
6.662536361532115|314010
6.662536361532115|315010
6.662536361532115|316010
6.662536361532115|317010
6.662536361532115|318010
6.662536361532115|319010
6.662536361532115|320010
6.662536361532115|321010
6.662536361532115|322010
6.662536361532115|323010
6.662536361532115|324010
6.662536361532115|325010
6.662536361532115|326010
6.662536361532115|327010
6.662536361532115|328010
6.662536361532115|329010
6.662536361532115|330010
6.662536361532115|331010
6.662536361532115|332010
6.662536361532115|333010
6.662536361532115|334010
6.662536361532115|335010
6.662536361532115|336010
6.662536361532115|337010
6.662536361532115|338010
6.662536361532115|339010
6.662536361532115|340010
6.662536361532115|341010
6.662536361532115|342010
6.662536361532115|343010
6.662536361532115|344010
6.662536361532115|345010
6.662536361532115|346010
6.662536361532115|347010
6.662536361532115|348010
6.662536361532115|349010
6.662536361532115|350010
6.662536361532115|351010
6.662536361532115|352010
6.662536361532115|353010
6.662536361532115|354010
6.662536361532115|355010
6.662536361532115|356010
6.662536361532115|357010
6.662536361532115|358010
6.662536361532115|359010
6.662536361532115|360010
6.662536361532115|361010
6.662536361532115|362010
6.662536361532115|363010
6.662536361532115|364010
6.662536361532115|365010
6.662536361532115|366010
6.662536361532115|367010
6.662536361532115|368010
6.662536361532115|369010
6.662536361532115|370010
6.662536361532115|371010
6.662536361532115|372010
6.662536361532115|373010
6.662536361532115|374010
6.662536361532115|375010
6.662536361532115|376010
6.662536361532115|377010
6.662536361532115|378010
6.662536361532115|379010
6.662536361532115|380010
6.662536361532115|381010
6.662536361532115|382010
6.662536361532115|383010
6.662536361532115|384010
6.662536361532115|385010
6.662536361532115|386010
6.662536361532115|387010
6.662536361532115|388010
6.662536361532115|389010
6.662536361532115|390010
6.662536361532115|391010
6.662536361532115|392010
6.662536361532115|393010
6.662536361532115|394010
6.662536361532115|395010
6.662536361532115|396010
6.662536361532115|397010
6.662536361532115|398010
6.662536361532115|399010
6.662536361532115|400010
6.662536361532115|401010
6.662536361532115|402010
6.662536361532115|403010
6.662536361532115|404010
6.662536361532115|405010
6.662536361532115|406010
6.662536361532115|407010
6.662536361532115|408010
6.662536361532115|409010
6.662536361532115|410010
6.662536361532115|411010
6.662536361532115|412010
6.662536361532115|413010
6.662536361532115|414010
6.662536361532115|415010
6.662536361532115|416010
6.662536361532115|417010
6.662536361532115|418010
6.662536361532115|419010
6.662536361532115|420010
6.662536361532115|421010
6.662536361532115|422010
6.662536361532115|423010
6.662536361532115|424010
6.662536361532115|425010
6.662536361532115|426010
6.662536361532115|427010
6.662536361532115|428010
6.662536361532115|429010
6.662536361532115|430010
6.662536361532115|431010
6.662536361532115|432010
6.662536361532115|433010
6.662536361532115|434010
6.662536361532115|435010
6.662536361532115|436010
6.662536361532115|437010
6.662536361532115|438010
6.662536361532115|439010
6.662536361532115|440010
6.662536361532115|441010
6.662536361532115|442010
6.662536361532115|443010
6.662536361532115|444010
6.662536361532115|445010
6.662536361532115|446010
6.662536361532115|447010
6.662536361532115|448010
6.662536361532115|449010
6.662536361532115|450010
6.662536361532115|451010
6.662536361532115|452010
6.662536361532115|453010
6.662536361532115|454010
6.662536361532115|455010
6.662536361532115|456010
6.662536361532115|457010
6.662536361532115|458010
6.662536361532115|459010
6.662536361532115|460010
6.662536361532115|461010
6.662536361532115|462010
6.662536361532115|463010
6.662536361532115|464010
6.662536361532115|465010
6.662536361532115|466010
6.662536361532115|467010
6.662536361532115|468010
6.662536361532115|469010
6.662536361532115|470010
6.662536361532115|471010
6.662536361532115|472010
6.662536361532115|473010
6.662536361532115|474010
6.662536361532115|475010
6.662536361532115|476010
6.662536361532115|477010
6.662536361532115|478010
6.662536361532115|479010
6.662536361532115|480010
6.662536361532115|481010
6.662536361532115|482010
6.662536361532115|483010
6.662536361532115|484010
6.662536361532115|485010
6.662536361532115|486010
6.662536361532115|487010
6.662536361532115|488010
6.662536361532115|489010
6.662536361532115|490010
6.662536361532115|491010
6.662536361532115|492010
6.662536361532115|493010
6.662536361532115|494010
6.662536361532115|495010
6.662536361532115|496010
6.662536361532115|497010
6.662536361532115|498010
6.662536361532115|499010
6.662536361532115|500010
6.662536361532115|501010
6.662536361532115|502010
6.662536361532115|503010
6.662536361532115|504010
6.662536361532115|505010
6.662536361532115|506010
6.662536361532115|507010
6.662536361532115|508010
6.662536361532115|509010
6.662536361532115|510010
6.662536361532115|511010
6.662536361532115|512010
6.662536361532115|513010
6.662536361532115|514010
6.662536361532115|515010
6.662536361532115|516010
6.662536361532115|517010
6.662536361532115|518010
6.662536361532115|519010
6.662536361532115|520010
6.662536361532115|521010
6.662536361532115|522010
6.662536361532115|523010
6.662536361532115|524010
6.662536361532115|525010
6.662536361532115|526010
6.662536361532115|527010
6.662536361532115|528010
6.662536361532115|529010
6.662536361532115|530010
6.662536361532115|531010
6.662536361532115|532010
6.662536361532115|533010
6.662536361532115|534010
6.662536361532115|535010
6.662536361532115|536010
6.662536361532115|537010
6.662536361532115|538010
6.662536361532115|539010
6.662536361532115|540010
6.662536361532115|541010
6.662536361532115|542010
6.662536361532115|543010
6.662536361532115|544010
6.662536361532115|545010
6.662536361532115|546010
6.662536361532115|547010
6.662536361532115|548010
6.662536361532115|549010
6.662536361532115|550010
6.662536361532115|551010
6.662536361532115|552010
6.662536361532115|553010
6.662536361532115|554010
6.662536361532115|555010
6.662536361532115|556010
6.662536361532115|557010
6.662536361532115|558010
6.662536361532115|559010
6.662536361532115|560010
6.662536361532115|561010
6.662536361532115|562010
6.662536361532115|563010
6.662536361532115|564010
6.662536361532115|565010
6.662536361532115|566010
6.662536361532115|567010
6.662536361532115|568010
6.662536361532115|569010
6.662536361532115|570010
6.662536361532115|571010
6.662536361532115|572010
6.662536361532115|573010
6.662536361532115|574010
6.662536361532115|575010
6.662536361532115|576010
6.662536361532115|577010
6.662536361532115|578010
6.662536361532115|579010
6.662536361532115|580010
6.662536361532115|581010
6.662536361532115|582010
6.662536361532115|583010
6.662536361532115|584010
6.662536361532115|585010
6.662536361532115|586010
6.662536361532115|587010
6.662536361532115|588010
6.662536361532115|589010
6.662536361532115|590010
6.662536361532115|591010
6.662536361532115|592010
6.662536361532115|593010
6.662536361532115|594010
6.662536361532115|595010
6.662536361532115|596010
6.662536361532115|597010
6.662536361532115|598010
6.662536361532115|599010
6.662536361532115|600010
6.662536361532115|601010
6.662536361532115|602010
6.662536361532115|603010
6.662536361532115|604010
6.662536361532115|605010
6.662536361532115|606010
6.662536361532115|607010
6.662536361532115|608010
6.662536361532115|609010
6.662536361532115|610010
6.662536361532115|611010
6.662536361532115|612010
6.662536361532115|613010
6.662536361532115|614010
6.662536361532115|615010
6.662536361532115|616010
6.662536361532115|617010
6.662536361532115|618010
6.662536361532115|619010
6.662536361532115|620010
6.662536361532115|621010
6.662536361532115|622010
6.662536361532115|623010
6.662536361532115|624010
6.662536361532115|625010
6.662536361532115|626010
6.662536361532115|627010
6.662536361532115|628010
6.662536361532115|629010
6.662536361532115|630010
6.662536361532115|631010
6.662536361532115|632010
6.662536361532115|633010
6.662536361532115|634010
6.662536361532115|635010
6.662536361532115|636010
6.662536361532115|637010
6.662536361532115|638010
6.662536361532115|639010
6.662536361532115|640010
6.662536361532115|641010
6.662536361532115|642010
6.662536361532115|643010
6.662536361532115|644010
6.662536361532115|645010
6.662536361532115|646010
6.662536361532115|647010
6.662536361532115|648010
6.662536361532115|649010
6.662536361532115|650010
6.662536361532115|651010
6.662536361532115|652010
6.662536361532115|653010
6.662536361532115|654010
6.662536361532115|655010
6.662536361532115|656010
6.662536361532115|657010
6.662536361532115|658010
6.662536361532115|659010
6.662536361532115|660010
6.662536361532115|661010
6.662536361532115|662010
6.662536361532115|663010
6.662536361532115|664010
6.662536361532115|665010
6.662536361532115|666010
6.662536361532115|667010
6.662536361532115|668010
6.662536361532115|669010
6.662536361532115|670010
6.662536361532115|671010
6.662536361532115|672010
6.662536361532115|673010
6.662536361532115|674010
6.662536361532115|675010
6.662536361532115|676010
6.662536361532115|677010
6.662536361532115|678010
6.662536361532115|679010
6.662536361532115|680010
6.662536361532115|681010
6.662536361532115|682010
6.662536361532115|683010
6.662536361532115|684010
6.662536361532115|685010
6.662536361532115|686010
6.662536361532115|687010
6.662536361532115|688010
6.662536361532115|689010
6.662536361532115|690010
6.662536361532115|691010
6.662536361532115|692010
6.662536361532115|693010
6.662536361532115|694010
6.662536361532115|695010
6.662536361532115|696010
6.662536361532115|697010
6.662536361532115|698010
6.662536361532115|699010
6.662536361532115|700010
6.662536361532115|701010
6.662536361532115|702010
6.662536361532115|703010
6.662536361532115|704010
6.662536361532115|705010
6.662536361532115|706010
6.662536361532115|707010
6.662536361532115|708010
6.662536361532115|709010
6.662536361532115|710010
6.662536361532115|711010
6.662536361532115|712010
6.662536361532115|713010
6.662536361532115|714010
6.662536361532115|715010
6.662536361532115|716010
6.662536361532115|717010
6.662536361532115|718010
6.662536361532115|719010
6.662536361532115|720010
6.662536361532115|721010
6.662536361532115|722010
6.662536361532115|723010
6.662536361532115|724010
6.662536361532115|725010
6.662536361532115|726010
6.662536361532115|727010
6.662536361532115|728010
6.662536361532115|729010
6.662536361532115|730010
6.662536361532115|731010
6.662536361532115|732010
6.662536361532115|733010
6.662536361532115|734010
6.662536361532115|735010
6.662536361532115|736010
6.662536361532115|737010
6.662536361532115|738010
6.662536361532115|739010
6.662536361532115|740010
6.662536361532115|741010
6.662536361532115|742010
6.662536361532115|743010
6.662536361532115|744010
6.662536361532115|745010
6.662536361532115|746010
6.662536361532115|747010
6.662536361532115|748010
6.662536361532115|749010
6.662536361532115|750010
6.662536361532115|751010
6.662536361532115|752010
6.662536361532115|753010
6.662536361532115|754010
6.662536361532115|755010
6.662536361532115|756010
6.662536361532115|757010
6.662536361532115|758010
6.662536361532115|759010
6.662536361532115|760010
6.662536361532115|761010
6.662536361532115|762010
6.662536361532115|763010
6.662536361532115|764010
6.662536361532115|765010
6.662536361532115|766010
6.662536361532115|767010
6.662536361532115|768010
6.662536361532115|769010
6.662536361532115|770010
6.662536361532115|771010
6.662536361532115|772010
6.662536361532115|773010
6.662536361532115|774010
6.662536361532115|775010
6.662536361532115|776010
6.662536361532115|777010
6.662536361532115|778010
6.662536361532115|779010
6.662536361532115|780010
6.662536361532115|781010
6.662536361532115|782010
6.662536361532115|783010
6.662536361532115|784010
6.662536361532115|785010
6.662536361532115|786010
6.662536361532115|787010
6.662536361532115|788010
6.662536361532115|789010
6.662536361532115|790010
6.662536361532115|791010
6.662536361532115|792010
6.662536361532115|793010
6.662536361532115|794010
6.662536361532115|795010
6.662536361532115|796010
6.662536361532115|797010
6.662536361532115|798010
6.662536361532115|799010
6.662536361532115|800010
6.662536361532115|801010
6.662536361532115|802010
6.662536361532115|803010
6.662536361532115|804010
6.662536361532115|805010
6.662536361532115|806010
6.662536361532115|807010
6.662536361532115|808010
6.662536361532115|809010
6.662536361532115|810010
6.662536361532115|811010
6.662536361532115|812010
6.662536361532115|813010
6.662536361532115|814010
6.662536361532115|815010
6.662536361532115|816010
6.662536361532115|817010
6.662536361532115|818010
6.662536361532115|819010
6.662536361532115|820010
6.662536361532115|821010
6.662536361532115|822010
6.662536361532115|823010
6.662536361532115|824010
6.662536361532115|825010
6.662536361532115|826010
6.662536361532115|827010
6.662536361532115|828010
6.662536361532115|829010
6.662536361532115|830010
6.662536361532115|831010
6.662536361532115|832010
6.662536361532115|833010
6.662536361532115|834010
6.662536361532115|835010
6.662536361532115|836010
6.662536361532115|837010
6.662536361532115|838010
6.662536361532115|839010
6.662536361532115|840010
6.662536361532115|841010
6.662536361532115|842010
6.662536361532115|843010
6.662536361532115|844010
6.662536361532115|845010
6.662536361532115|846010
6.662536361532115|847010
6.662536361532115|848010
6.662536361532115|849010
6.662536361532115|850010
6.662536361532115|851010
6.662536361532115|852010
6.662536361532115|853010
6.662536361532115|854010
6.662536361532115|855010
6.662536361532115|856010
6.662536361532115|857010
6.662536361532115|858010
6.662536361532115|859010
6.662536361532115|860010
6.662536361532115|861010
6.662536361532115|862010
6.662536361532115|863010
6.662536361532115|864010
6.662536361532115|865010
6.662536361532115|866010
6.662536361532115|867010
6.662536361532115|868010
6.662536361532115|869010
6.662536361532115|870010
6.662536361532115|871010
6.662536361532115|872010
6.662536361532115|873010
6.662536361532115|874010
6.662536361532115|875010
6.662536361532115|876010
6.588479752467287|877010
6.588479752467287|878010
6.513169852185034|879010
6.513169852185034|880010
6.513169852185034|881010
6.513169852185034|882010
6.513169852185034|883010
6.513169852185034|884010
6.513169852185034|885010
6.509060106081243|886010
6.509060106081243|887010
6.509060106081243|888010
6.509060106081243|889010
6.509060106081243|890010
6.509060106081243|891010
6.509060106081243|892010
6.509060106081243|893010
6.509060106081243|894010
6.509060106081243|895010
6.509060106081243|896010
6.509060106081243|897010
6.509060106081243|898010
6.509060106081243|899010
6.509060106081243|900010
6.509060106081243|901010
6.509060106081243|902010
6.509060106081243|903010
6.509060106081243|904010
6.509060106081243|905010
6.509060106081243|906010
6.509060106081243|907010
6.509060106081243|908010
6.509060106081243|909010
6.507301846360733|910010
6.507301846360731|911010
6.507301846360731|912010
6.507301846360731|913010
6.507301846360731|914010
6.507301846360731|915010
6.507301846360731|916010
6.507301846360731|917010
6.498747960056458|918010
6.498747960056458|919010
6.489600089945451|920010
6.489600089945451|921010
6.489600089945451|922010
6.489600089945451|923010
6.489600089945451|924010
6.489600089945451|925010
6.489600089945451|926010
6.489600089945451|927010
6.489600089945451|928010
6.489600089945451|929010
6.489600089945451|930010
6.489600089945451|931010
6.489600089945451|932010
6.489600089945451|933010
6.489600089945451|934010
6.489600089945451|935010
6.489600089945451|936010
6.489600089945451|937010
6.489600089945451|938010
6.489600089945451|939010
6.489600089945451|940010
6.489600089945451|941010
6.489600089945451|942010
6.489600089945451|943010
6.489600089945451|944010
6.489600089945451|945010
6.489600089945451|946010
6.489600089945451|947010
6.489600089945451|948010
6.489600089945451|949010
6.489600089945451|950010
6.489600089945451|951010
6.489600089945451|952010
6.489600089945451|953010
6.489600089945451|954010
6.489600089945451|955010
6.489600089945451|956010
6.489600089945451|957010
6.489600089945451|958010
6.489600089945451|959010
6.489600089945451|960010
6.489600089945451|961010
6.489600089945451|962010
6.489600089945451|963010
6.489600089945451|964010
6.489600089945451|965010
6.489600089945451|966010
6.489600089945451|967010
6.489600089945451|968010
6.489600089945451|969010
6.489600089945451|970010
6.489600089945451|971010
6.489600089945451|972010
6.489600089945451|973010
6.489600089945451|974010
6.489600089945451|975010
6.489600089945451|976010
6.489600089945451|977010
6.489600089945451|978010
6.489600089945451|979010
6.489600089945451|980010
6.489600089945451|981010
6.489600089945451|982010
6.489600089945451|983010
6.489600089945451|984010
6.489600089945451|985010
6.489600089945451|986010
6.489600089945451|987010
6.489600089945451|988010
6.489600089945451|989010
6.489600089945451|990010
6.489600089945451|991010
6.489600089945451|992010
6.489600089945451|993010
6.489600089945451|994010
6.489600089945451|995010
6.489600089945451|996010
6.489600089945451|997010
6.489600089945451|998010
6.489600089945451|999010
6.489600089945451|1000010
