13.340514843097928|1010
10.925534651197706|2010
9.878008934728335|3010
8.89863764498154|4010
8.759978367126049|5010
8.308555247607265|6010
8.00723814530571|7010
7.37324101371909|8010
7.349803693361531|9010
7.155710554513973|10010
7.024922661621238|11010
7.01110584743069|12010
6.975073034776114|13010
6.909758562052701|14010
6.9097585620527|15010
6.878562925164163|16010
6.81726468191888|17010
6.81726468191888|18010
6.81726468191888|19010
6.81726468191888|20010
6.741653576017459|21010
6.741653576017459|22010
6.741653576017459|23010
6.741653576017459|24010
6.741653576017459|25010
6.741653576017459|26010
6.741653576017459|27010
6.741653576017459|28010
6.741653576017459|29010
6.741653576017459|30010
6.741653576017459|31010
6.741653576017459|32010
6.741653576017459|33010
6.741653576017459|34010
6.741653576017459|35010
6.741653576017459|36010
6.741653576017459|37010
6.741653576017459|38010
6.741653576017459|39010
6.741653576017459|40010
6.741653576017459|41010
6.741653576017459|42010
6.741653576017459|43010
6.741653576017459|44010
6.741653576017459|45010
6.741653576017459|46010
6.741653576017459|47010
6.741653576017459|48010
6.741653576017459|49010
6.741653576017459|50010
6.741653576017459|51010
6.741653576017459|52010
6.741653576017459|53010
6.741653576017459|54010
6.741653576017459|55010
6.741653576017459|56010
6.741653576017459|57010
6.741653576017459|58010
6.741653576017459|59010
6.741653576017459|60010
6.741653576017459|61010
6.741653576017459|62010
6.741653576017459|63010
6.741653576017459|64010
6.741653576017459|65010
6.741653576017459|66010
6.741653576017459|67010
6.741653576017459|68010
6.741653576017459|69010
6.741653576017459|70010
6.741653576017459|71010
6.741653576017459|72010
6.741653576017459|73010
6.741653576017459|74010
6.741653576017459|75010
6.741653576017459|76010
6.741653576017459|77010
6.741653576017459|78010
6.741653576017459|79010
6.741653576017459|80010
6.741653576017459|81010
6.741653576017459|82010
6.741653576017459|83010
6.741653576017459|84010
6.741653576017459|85010
6.741653576017459|86010
6.741653576017459|87010
6.741653576017459|88010
6.741653576017459|89010
6.741653576017459|90010
6.741653576017459|91010
6.741653576017459|92010
6.741653576017459|93010
6.741653576017459|94010
6.741653576017459|95010
6.741653576017459|96010
6.741653576017459|97010
6.741653576017459|98010
6.741653576017459|99010
6.741653576017459|100010
6.741653576017459|101010
6.741653576017459|102010
6.741653576017459|103010
6.741653576017459|104010
6.741653576017459|105010
6.741653576017459|106010
6.741653576017459|107010
6.741653576017459|108010
6.741653576017459|109010
6.741653576017459|110010
6.741653576017459|111010
6.741653576017459|112010
6.741653576017459|113010
6.741653576017459|114010
6.741653576017459|115010
6.741653576017459|116010
6.741653576017459|117010
6.741653576017459|118010
6.741653576017459|119010
6.741653576017459|120010
6.741653576017459|121010
6.741653576017459|122010
6.741653576017459|123010
6.741653576017459|124010
6.741653576017459|125010
6.741653576017459|126010
6.741653576017459|127010
6.741653576017459|128010
6.741653576017459|129010
6.741653576017459|130010
6.741653576017459|131010
6.741653576017459|132010
6.741653576017459|133010
6.741653576017459|134010
6.741653576017459|135010
6.741653576017459|136010
6.741653576017459|137010
6.741653576017459|138010
6.741653576017459|139010
6.741653576017459|140010
6.741653576017459|141010
6.741653576017459|142010
6.741653576017459|143010
6.741653576017459|144010
6.741653576017459|145010
6.741653576017459|146010
6.741653576017459|147010
6.741653576017459|148010
6.741653576017459|149010
6.741653576017459|150010
6.741653576017459|151010
6.741653576017459|152010
6.741653576017459|153010
6.741653576017459|154010
6.741653576017459|155010
6.741653576017459|156010
6.741653576017459|157010
6.741653576017459|158010
6.741653576017459|159010
6.741653576017459|160010
6.741653576017459|161010
6.741653576017459|162010
6.741653576017459|163010
6.741653576017459|164010
6.741653576017459|165010
6.741653576017459|166010
6.741653576017459|167010
6.741653576017459|168010
6.741653576017459|169010
6.741653576017459|170010
6.741653576017459|171010
6.741653576017459|172010
6.741653576017459|173010
6.741653576017459|174010
6.741653576017459|175010
6.741653576017459|176010
6.741653576017459|177010
6.741653576017459|178010
6.741653576017459|179010
6.741653576017459|180010
6.741653576017459|181010
6.741653576017459|182010
6.741653576017459|183010
6.741653576017459|184010
6.741653576017459|185010
6.741653576017459|186010
6.741653576017459|187010
6.741653576017459|188010
6.741653576017459|189010
6.741653576017459|190010
6.741653576017459|191010
6.741653576017459|192010
6.741653576017459|193010
6.741653576017459|194010
6.741653576017459|195010
6.741653576017459|196010
6.741653576017459|197010
6.741653576017459|198010
6.741653576017459|199010
6.741653576017459|200010
6.741653576017459|201010
6.741653576017459|202010
6.741653576017459|203010
6.741653576017459|204010
6.741653576017459|205010
6.741653576017459|206010
6.741653576017459|207010
6.741653576017459|208010
6.741653576017459|209010
6.741653576017459|210010
6.741653576017459|211010
6.741653576017459|212010
6.741653576017459|213010
6.741653576017459|214010
6.741653576017459|215010
6.741653576017459|216010
6.741653576017459|217010
6.741653576017459|218010
6.741653576017459|219010
6.741653576017459|220010
6.741653576017459|221010
6.741653576017459|222010
6.741653576017459|223010
6.741653576017459|224010
6.741653576017459|225010
6.741653576017459|226010
6.741653576017459|227010
6.741653576017459|228010
6.741653576017459|229010
6.741653576017459|230010
6.741653576017459|231010
6.741653576017459|232010
6.741653576017459|233010
6.741653576017459|234010
6.741653576017459|235010
6.741653576017459|236010
6.741653576017459|237010
6.741653576017459|238010
6.741653576017459|239010
6.741653576017459|240010
6.741653576017459|241010
6.741653576017459|242010
6.741653576017459|243010
6.741653576017459|244010
6.741653576017459|245010
6.741653576017459|246010
6.741653576017459|247010
6.741653576017459|248010
6.741653576017459|249010
6.741653576017459|250010
6.741653576017459|251010
6.741653576017459|252010
6.741653576017459|253010
6.741653576017459|254010
6.741653576017459|255010
6.741653576017459|256010
6.741653576017459|257010
6.741653576017459|258010
6.741653576017459|259010
6.741653576017459|260010
6.741653576017459|261010
6.741653576017459|262010
6.741653576017459|263010
6.741653576017459|264010
6.741653576017459|265010
6.741653576017459|266010
6.741653576017459|267010
6.741653576017459|268010
6.741653576017459|269010
6.741653576017459|270010
6.741653576017459|271010
6.741653576017459|272010
6.741653576017459|273010
6.741653576017459|274010
6.741653576017459|275010
6.741653576017459|276010
6.741653576017459|277010
6.741653576017459|278010
6.741653576017459|279010
6.741653576017459|280010
6.741653576017459|281010
6.741653576017459|282010
6.741653576017459|283010
6.741653576017459|284010
6.741653576017459|285010
6.741653576017459|286010
6.741653576017459|287010
6.741653576017459|288010
6.741653576017459|289010
6.741653576017459|290010
6.741653576017459|291010
6.741653576017459|292010
6.741653576017459|293010
6.741653576017459|294010
6.741653576017459|295010
6.741653576017459|296010
6.741653576017459|297010
6.741653576017459|298010
6.741653576017459|299010
6.741653576017459|300010
6.741653576017459|301010
6.741653576017459|302010
6.741653576017459|303010
6.741653576017459|304010
6.741653576017459|305010
6.741653576017459|306010
6.741653576017459|307010
6.741653576017459|308010
6.741653576017459|309010
6.741653576017459|310010
6.741653576017459|311010
6.741653576017459|312010
6.741653576017459|313010
6.741653576017459|314010
6.741653576017459|315010
6.741653576017459|316010
6.741653576017459|317010
6.741653576017459|318010
6.741653576017459|319010
6.741653576017459|320010
6.741653576017459|321010
6.741653576017459|322010
6.741653576017459|323010
6.741653576017459|324010
6.741653576017459|325010
6.741653576017459|326010
6.741653576017459|327010
6.741653576017459|328010
6.741653576017459|329010
6.741653576017459|330010
6.741653576017459|331010
6.741653576017459|332010
6.741653576017459|333010
6.741653576017459|334010
6.741653576017459|335010
6.741653576017459|336010
6.741653576017459|337010
6.741653576017459|338010
6.741653576017459|339010
6.741653576017459|340010
6.741653576017459|341010
6.741653576017459|342010
6.741653576017459|343010
6.741653576017459|344010
6.741653576017459|345010
6.741653576017459|346010
6.741653576017459|347010
6.741653576017459|348010
6.741653576017459|349010
6.741653576017459|350010
6.741653576017459|351010
6.741653576017459|352010
6.741653576017459|353010
6.741653576017459|354010
6.741653576017459|355010
6.741653576017459|356010
6.741653576017459|357010
6.741653576017459|358010
6.741653576017459|359010
6.741653576017459|360010
6.741653576017459|361010
6.741653576017459|362010
6.741653576017459|363010
6.741653576017459|364010
6.741653576017459|365010
6.741653576017459|366010
6.741653576017459|367010
6.741653576017459|368010
6.741653576017459|369010
6.741653576017459|370010
6.741653576017459|371010
6.741653576017459|372010
6.741653576017459|373010
6.741653576017459|374010
6.741653576017459|375010
6.741653576017459|376010
6.741653576017459|377010
6.741653576017459|378010
6.741653576017459|379010
6.741653576017459|380010
6.741653576017459|381010
6.741653576017459|382010
6.741653576017459|383010
6.741653576017459|384010
6.741653576017459|385010
6.741653576017459|386010
6.741653576017459|387010
6.741653576017459|388010
6.741653576017459|389010
6.741653576017459|390010
6.741653576017459|391010
6.741653576017459|392010
6.741653576017459|393010
6.741653576017459|394010
6.741653576017459|395010
6.741653576017459|396010
6.741653576017459|397010
6.741653576017459|398010
6.741653576017459|399010
6.741653576017459|400010
6.741653576017459|401010
6.741653576017459|402010
6.741653576017459|403010
6.741653576017459|404010
6.741653576017459|405010
6.741653576017459|406010
6.741653576017459|407010
6.741653576017459|408010
6.741653576017459|409010
6.741653576017459|410010
6.741653576017459|411010
6.741653576017459|412010
6.741653576017459|413010
6.741653576017459|414010
6.741653576017459|415010
6.741653576017459|416010
6.741653576017459|417010
6.741653576017459|418010
6.741653576017459|419010
6.741653576017459|420010
6.741653576017459|421010
6.741653576017459|422010
6.741653576017459|423010
6.741653576017459|424010
6.741653576017459|425010
6.741653576017459|426010
6.741653576017459|427010
6.741653576017459|428010
6.741653576017459|429010
6.741653576017459|430010
6.741653576017459|431010
6.741653576017459|432010
6.741653576017459|433010
6.741653576017459|434010
6.741653576017459|435010
6.741653576017459|436010
6.741653576017459|437010
6.741653576017459|438010
6.741653576017459|439010
6.741653576017459|440010
6.741653576017459|441010
6.741653576017459|442010
6.741653576017459|443010
6.741653576017459|444010
6.741653576017459|445010
6.741653576017459|446010
6.741653576017459|447010
6.741653576017459|448010
6.741653576017459|449010
6.741653576017459|450010
6.741653576017459|451010
6.741653576017459|452010
6.741653576017459|453010
6.741653576017459|454010
6.741653576017459|455010
6.741653576017459|456010
6.741653576017459|457010
6.741653576017459|458010
6.741653576017459|459010
6.741653576017459|460010
6.741653576017459|461010
6.741653576017459|462010
6.741653576017459|463010
6.741653576017459|464010
6.741653576017459|465010
6.741653576017459|466010
6.741653576017459|467010
6.741653576017459|468010
6.741653576017459|469010
6.741653576017459|470010
6.741653576017459|471010
6.741653576017459|472010
6.741653576017459|473010
6.741653576017459|474010
6.741653576017459|475010
6.741653576017459|476010
6.741653576017459|477010
6.741653576017459|478010
6.741653576017459|479010
6.741653576017459|480010
6.741653576017459|481010
6.741653576017459|482010
6.741653576017459|483010
6.741653576017459|484010
6.741653576017459|485010
6.741653576017459|486010
6.741653576017459|487010
6.741653576017459|488010
6.741653576017459|489010
6.741653576017459|490010
6.741653576017459|491010
6.741653576017459|492010
6.741653576017459|493010
6.741653576017459|494010
6.741653576017459|495010
6.741653576017459|496010
6.741653576017459|497010
6.741653576017459|498010
6.741653576017459|499010
6.741653576017459|500010
6.741653576017459|501010
6.741653576017459|502010
6.741653576017459|503010
6.741653576017459|504010
6.741653576017459|505010
6.741653576017459|506010
6.741653576017459|507010
6.741653576017459|508010
6.741653576017459|509010
6.741653576017459|510010
6.741653576017459|511010
6.741653576017459|512010
6.741653576017459|513010
6.741653576017459|514010
6.741653576017459|515010
6.741653576017459|516010
6.741653576017459|517010
6.741653576017459|518010
6.741653576017459|519010
6.741653576017459|520010
6.741653576017459|521010
6.741653576017459|522010
6.741653576017459|523010
6.741653576017459|524010
6.741653576017459|525010
6.741653576017459|526010
6.741653576017459|527010
6.741653576017459|528010
6.741653576017459|529010
6.741653576017459|530010
6.741653576017459|531010
6.741653576017459|532010
6.741653576017459|533010
6.741653576017459|534010
6.741653576017459|535010
6.741653576017459|536010
6.741653576017459|537010
6.741653576017459|538010
6.741653576017459|539010
6.741653576017459|540010
6.741653576017459|541010
6.741653576017459|542010
6.741653576017459|543010
6.741653576017459|544010
6.741653576017459|545010
6.741653576017459|546010
6.741653576017459|547010
6.741653576017459|548010
6.741653576017459|549010
6.741653576017459|550010
6.741653576017459|551010
6.741653576017459|552010
6.741653576017459|553010
6.741653576017459|554010
6.741653576017459|555010
6.741653576017459|556010
6.741653576017459|557010
6.741653576017459|558010
6.741653576017459|559010
6.741653576017459|560010
6.741653576017459|561010
6.741653576017459|562010
6.741653576017459|563010
6.741653576017459|564010
6.741653576017459|565010
6.741653576017459|566010
6.741653576017459|567010
6.741653576017459|568010
6.741653576017459|569010
6.741653576017459|570010
6.741653576017459|571010
6.741653576017459|572010
6.741653576017459|573010
6.741653576017459|574010
6.741653576017459|575010
6.741653576017459|576010
6.741653576017459|577010
6.741653576017459|578010
6.741653576017459|579010
6.741653576017459|580010
6.741653576017459|581010
6.741653576017459|582010
6.741653576017459|583010
6.741653576017459|584010
6.741653576017459|585010
6.741653576017459|586010
6.741653576017459|587010
6.741653576017459|588010
6.741653576017459|589010
6.741653576017459|590010
6.741653576017459|591010
6.741653576017459|592010
6.741653576017459|593010
6.741653576017459|594010
6.741653576017459|595010
6.741653576017459|596010
6.741653576017459|597010
6.741653576017459|598010
6.741653576017459|599010
6.741653576017459|600010
6.741653576017459|601010
6.741653576017459|602010
6.741653576017459|603010
6.741653576017459|604010
6.741653576017459|605010
6.741653576017459|606010
6.741653576017459|607010
6.741653576017459|608010
6.741653576017459|609010
6.741653576017459|610010
6.741653576017459|611010
6.741653576017459|612010
6.741653576017459|613010
6.741653576017459|614010
6.741653576017459|615010
6.741653576017459|616010
6.741653576017459|617010
6.741653576017459|618010
6.741653576017459|619010
6.741653576017459|620010
6.741653576017459|621010
6.741653576017459|622010
6.741653576017459|623010
6.741653576017459|624010
6.741653576017459|625010
6.741653576017459|626010
6.741653576017459|627010
6.741653576017459|628010
6.741653576017459|629010
6.741653576017459|630010
6.741653576017459|631010
6.741653576017459|632010
6.741653576017459|633010
6.741653576017459|634010
6.741653576017459|635010
6.741653576017459|636010
6.741653576017459|637010
6.741653576017459|638010
6.741653576017459|639010
6.741653576017459|640010
6.741653576017459|641010
6.741653576017459|642010
6.741653576017459|643010
6.741653576017459|644010
6.741653576017459|645010
6.741653576017459|646010
6.741653576017459|647010
6.741653576017459|648010
6.741653576017459|649010
6.741653576017459|650010
6.741653576017459|651010
6.741653576017459|652010
6.741653576017459|653010
6.741653576017459|654010
6.741653576017459|655010
6.741653576017459|656010
6.741653576017459|657010
6.741653576017459|658010
6.741653576017459|659010
6.741653576017459|660010
6.741653576017459|661010
6.741653576017459|662010
6.741653576017459|663010
6.741653576017459|664010
6.741653576017459|665010
6.741653576017459|666010
6.741653576017459|667010
6.741653576017459|668010
6.741653576017459|669010
6.741653576017459|670010
6.741653576017459|671010
6.741653576017459|672010
6.741653576017459|673010
6.741653576017459|674010
6.741653576017459|675010
6.741653576017459|676010
6.741653576017459|677010
6.741653576017459|678010
6.741653576017459|679010
6.741653576017459|680010
6.741653576017459|681010
6.741653576017459|682010
6.741653576017459|683010
6.741653576017459|684010
6.741653576017459|685010
6.741653576017459|686010
6.741653576017459|687010
6.741653576017459|688010
6.741653576017459|689010
6.741653576017459|690010
6.741653576017459|691010
6.741653576017459|692010
6.741653576017459|693010
6.741653576017459|694010
6.741653576017459|695010
6.741653576017459|696010
6.741653576017459|697010
6.741653576017459|698010
6.741653576017459|699010
6.741653576017459|700010
6.741653576017459|701010
6.741653576017459|702010
6.741653576017459|703010
6.741653576017459|704010
6.741653576017459|705010
6.741653576017459|706010
6.741653576017459|707010
6.741653576017459|708010
6.741653576017459|709010
6.741653576017459|710010
6.741653576017459|711010
6.741653576017459|712010
6.741653576017459|713010
6.741653576017459|714010
6.741653576017459|715010
6.741653576017459|716010
6.741653576017459|717010
6.741653576017459|718010
6.741653576017459|719010
6.741653576017459|720010
6.741653576017459|721010
6.741653576017459|722010
6.741653576017459|723010
6.741653576017459|724010
6.741653576017459|725010
6.741653576017459|726010
6.741653576017459|727010
6.741653576017459|728010
6.741653576017459|729010
6.741653576017459|730010
6.741653576017459|731010
6.741653576017459|732010
6.741653576017459|733010
6.741653576017459|734010
6.741653576017459|735010
6.741653576017459|736010
6.741653576017459|737010
6.741653576017459|738010
6.741653576017459|739010
6.741653576017459|740010
6.741653576017459|741010
6.741653576017459|742010
6.741653576017459|743010
6.741653576017459|744010
6.741653576017459|745010
6.741653576017459|746010
6.741653576017459|747010
6.741653576017459|748010
6.741653576017459|749010
6.741653576017459|750010
6.741653576017459|751010
6.741653576017459|752010
6.741653576017459|753010
6.741653576017459|754010
6.741653576017459|755010
6.741653576017459|756010
6.741653576017459|757010
6.741653576017459|758010
6.741653576017459|759010
6.741653576017459|760010
6.741653576017459|761010
6.741653576017459|762010
6.741653576017459|763010
6.741653576017459|764010
6.741653576017459|765010
6.741653576017459|766010
6.741653576017459|767010
6.741653576017459|768010
6.741653576017459|769010
6.741653576017459|770010
6.741653576017459|771010
6.741653576017459|772010
6.741653576017459|773010
6.741653576017459|774010
6.741653576017459|775010
6.741653576017459|776010
6.741653576017459|777010
6.741653576017459|778010
6.741653576017459|779010
6.741653576017459|780010
6.741653576017459|781010
6.741653576017459|782010
6.741653576017459|783010
6.741653576017459|784010
6.741653576017459|785010
6.741653576017459|786010
6.741653576017459|787010
6.741653576017459|788010
6.741653576017459|789010
6.741653576017459|790010
6.741653576017459|791010
6.741653576017459|792010
6.741653576017459|793010
6.741653576017459|794010
6.741653576017459|795010
6.741653576017459|796010
6.741653576017459|797010
6.741653576017459|798010
6.741653576017459|799010
6.741653576017459|800010
6.741653576017459|801010
6.741653576017459|802010
6.741653576017459|803010
6.741653576017459|804010
6.741653576017459|805010
6.741653576017459|806010
6.741653576017459|807010
6.741653576017459|808010
6.741653576017459|809010
6.741653576017459|810010
6.741653576017459|811010
6.741653576017459|812010
6.741653576017459|813010
6.741653576017459|814010
6.741653576017459|815010
6.741653576017459|816010
6.741653576017459|817010
6.741653576017459|818010
6.741653576017459|819010
6.741653576017459|820010
6.741653576017459|821010
6.741653576017459|822010
6.741653576017459|823010
6.741653576017459|824010
6.741653576017459|825010
6.741653576017459|826010
6.741653576017459|827010
6.741653576017459|828010
6.741653576017459|829010
6.741653576017459|830010
6.741653576017459|831010
6.741653576017459|832010
6.741653576017459|833010
6.741653576017459|834010
6.741653576017459|835010
6.741653576017459|836010
6.741653576017459|837010
6.741653576017459|838010
6.741653576017459|839010
6.741653576017459|840010
6.741653576017459|841010
6.741653576017459|842010
6.741653576017459|843010
6.741653576017459|844010
6.741653576017459|845010
6.741653576017459|846010
6.741653576017459|847010
6.741653576017459|848010
6.741653576017459|849010
6.741653576017459|850010
6.741653576017459|851010
6.741653576017459|852010
6.741653576017459|853010
6.741653576017459|854010
6.741653576017459|855010
6.741653576017459|856010
6.741653576017459|857010
6.741653576017459|858010
6.741653576017459|859010
6.741653576017459|860010
6.741653576017459|861010
6.741653576017459|862010
6.741653576017459|863010
6.741653576017459|864010
6.741653576017459|865010
6.741653576017459|866010
6.741653576017459|867010
6.741653576017459|868010
6.741653576017459|869010
6.741653576017459|870010
6.741653576017459|871010
6.741653576017459|872010
6.741653576017459|873010
6.741653576017459|874010
6.741653576017459|875010
6.741653576017459|876010
6.741653576017459|877010
6.741653576017459|878010
6.741653576017459|879010
6.741653576017459|880010
6.741653576017459|881010
6.741653576017459|882010
6.741653576017459|883010
6.741653576017459|884010
6.741653576017459|885010
6.741653576017459|886010
6.741653576017459|887010
6.741653576017459|888010
6.741653576017459|889010
6.741653576017459|890010
6.741653576017459|891010
6.741653576017459|892010
6.741653576017459|893010
6.741653576017459|894010
6.741653576017459|895010
6.741653576017459|896010
6.741653576017459|897010
6.741653576017459|898010
6.741653576017459|899010
6.741653576017459|900010
6.741653576017459|901010
6.741653576017459|902010
6.741653576017459|903010
6.741653576017459|904010
6.741653576017459|905010
6.741653576017459|906010
6.741653576017459|907010
6.741653576017459|908010
6.741653576017459|909010
6.741653576017459|910010
6.741653576017459|911010
6.741653576017459|912010
6.741653576017459|913010
6.741653576017459|914010
6.741653576017459|915010
6.741653576017459|916010
6.741653576017459|917010
6.741653576017459|918010
6.741653576017459|919010
6.741653576017459|920010
6.741653576017459|921010
6.741653576017459|922010
6.741653576017459|923010
6.741653576017459|924010
6.741653576017459|925010
6.741653576017459|926010
6.741653576017459|927010
6.741653576017459|928010
6.741653576017459|929010
6.741653576017459|930010
6.741653576017459|931010
6.741653576017459|932010
6.741653576017459|933010
6.741653576017459|934010
6.741653576017459|935010
6.741653576017459|936010
6.741653576017459|937010
6.741653576017459|938010
6.741653576017459|939010
6.741653576017459|940010
6.741653576017459|941010
6.741653576017459|942010
6.741653576017459|943010
6.741653576017459|944010
6.741653576017459|945010
6.741653576017459|946010
6.741653576017459|947010
6.741653576017459|948010
6.741653576017459|949010
6.741653576017459|950010
6.741653576017459|951010
6.741653576017459|952010
6.741653576017459|953010
6.741653576017459|954010
6.741653576017459|955010
6.741653576017459|956010
6.741653576017459|957010
6.741653576017459|958010
6.741653576017459|959010
6.741653576017459|960010
6.741653576017459|961010
6.741653576017459|962010
6.741653576017459|963010
6.741653576017459|964010
6.741653576017459|965010
6.741653576017459|966010
6.741653576017459|967010
6.741653576017459|968010
6.741653576017459|969010
6.741653576017459|970010
6.741653576017459|971010
6.741653576017459|972010
6.741653576017459|973010
6.741653576017459|974010
6.741653576017459|975010
6.741653576017459|976010
6.741653576017459|977010
6.741653576017459|978010
6.741653576017459|979010
6.741653576017459|980010
6.741653576017459|981010
6.741653576017459|982010
6.741653576017459|983010
6.741653576017459|984010
6.741653576017459|985010
6.741653576017459|986010
6.741653576017459|987010
6.741653576017459|988010
6.741653576017459|989010
6.741653576017459|990010
6.741653576017459|991010
6.741653576017459|992010
6.741653576017459|993010
6.741653576017459|994010
6.741653576017459|995010
6.741653576017459|996010
6.741653576017459|997010
6.741653576017459|998010
6.741653576017459|999010
6.741653576017459|1000010
