13.358488016231874|1010
11.258652146225558|2010
10.72830633755373|3010
9.364749844613044|4010
8.848008788559655|5010
8.631770114268264|6010
7.984139102651692|7010
7.835573167469723|8010
7.835573167469723|9010
7.835573167469723|10010
7.8337697746014|11010
7.8337697746013975|12010
7.810912075458963|13010
7.620673640195982|14010
7.620673640195982|15010
7.611986193344065|16010
7.611986193344065|17010
7.611986193344065|18010
7.570362526231951|19010
7.547968536337313|20010
7.547968536337312|21010
7.547968536337312|22010
7.547968536337312|23010
7.385652602795364|24010
7.385652602795364|25010
7.338856251107052|26010
7.338856251107052|27010
7.338856251107052|28010
7.338856251107052|29010
7.338856251107051|30010
7.336572396824026|31010
7.284553314268079|32010
7.284553314268079|33010
7.284553314268079|34010
7.284553314268079|35010
7.284553314268079|36010
7.245801957378144|37010
7.245801957378143|38010
7.245801957378143|39010
7.245801957378143|40010
7.245801957378143|41010
7.18564451252037|42010
7.037965499550955|43010
6.900283420989737|44010
6.895041350822148|45010
6.895041350822148|46010
6.895041350822148|47010
6.885425284146893|48010
6.885425284146893|49010
6.793243234051649|50010
6.793243234051649|51010
6.793243234051649|52010
6.793243234051649|53010
6.786106063878347|54010
6.762629957855574|55010
6.762629957855574|56010
6.747561036078679|57010
6.747561036078679|58010
6.73678440195279|59010
6.73678440195279|60010
6.73678440195279|61010
6.73678440195279|62010
6.70305394690647|63010
6.70305394690647|64010
6.70305394690647|65010
6.70305394690647|66010
6.70305394690647|67010
6.70305394690647|68010
6.70305394690647|69010
6.70305394690647|70010
6.70305394690647|71010
6.70305394690647|72010
6.70305394690647|73010
6.70305394690647|74010
6.70305394690647|75010
6.70305394690647|76010
6.70305394690647|77010
6.70305394690647|78010
6.70305394690647|79010
6.70305394690647|80010
6.70305394690647|81010
6.70305394690647|82010
6.70305394690647|83010
6.70305394690647|84010
6.70305394690647|85010
6.70305394690647|86010
6.70305394690647|87010
6.70305394690647|88010
6.70305394690647|89010
6.70305394690647|90010
6.70305394690647|91010
6.70305394690647|92010
6.70305394690647|93010
6.70305394690647|94010
6.70305394690647|95010
6.70305394690647|96010
6.70305394690647|97010
6.70305394690647|98010
6.70305394690647|99010
6.70305394690647|100010
6.70305394690647|101010
6.70305394690647|102010
6.70305394690647|103010
6.70305394690647|104010
6.70305394690647|105010
6.70305394690647|106010
6.70305394690647|107010
6.70305394690647|108010
6.70305394690647|109010
6.70305394690647|110010
6.70305394690647|111010
6.70305394690647|112010
6.70305394690647|113010
6.70305394690647|114010
6.70305394690647|115010
6.70305394690647|116010
6.70305394690647|117010
6.70305394690647|118010
6.70305394690647|119010
6.70305394690647|120010
6.70305394690647|121010
6.70305394690647|122010
6.70305394690647|123010
6.70305394690647|124010
6.70305394690647|125010
6.70305394690647|126010
6.70305394690647|127010
6.70305394690647|128010
6.70305394690647|129010
6.70305394690647|130010
6.70305394690647|131010
6.70305394690647|132010
6.70305394690647|133010
6.70305394690647|134010
6.70305394690647|135010
6.70305394690647|136010
6.70305394690647|137010
6.70305394690647|138010
6.70305394690647|139010
6.70305394690647|140010
6.70305394690647|141010
6.70305394690647|142010
6.70305394690647|143010
6.70305394690647|144010
6.70305394690647|145010
6.70305394690647|146010
6.70305394690647|147010
6.70305394690647|148010
6.70305394690647|149010
6.70305394690647|150010
6.70305394690647|151010
6.70305394690647|152010
6.70305394690647|153010
6.70305394690647|154010
6.70305394690647|155010
6.70305394690647|156010
6.70305394690647|157010
6.70305394690647|158010
6.70305394690647|159010
6.70305394690647|160010
6.70305394690647|161010
6.70305394690647|162010
6.70305394690647|163010
6.70305394690647|164010
6.70305394690647|165010
6.70305394690647|166010
6.70305394690647|167010
6.70305394690647|168010
6.70305394690647|169010
6.70305394690647|170010
6.70305394690647|171010
6.70305394690647|172010
6.70305394690647|173010
6.70305394690647|174010
6.70305394690647|175010
6.70305394690647|176010
6.70305394690647|177010
6.70305394690647|178010
6.70305394690647|179010
6.70305394690647|180010
6.70305394690647|181010
6.70305394690647|182010
6.70305394690647|183010
6.70305394690647|184010
6.70305394690647|185010
6.70305394690647|186010
6.70305394690647|187010
6.70305394690647|188010
6.70305394690647|189010
6.70305394690647|190010
6.70305394690647|191010
6.70305394690647|192010
6.70305394690647|193010
6.70305394690647|194010
6.70305394690647|195010
6.70305394690647|196010
6.70305394690647|197010
6.70305394690647|198010
6.70305394690647|199010
6.70305394690647|200010
6.70305394690647|201010
6.70305394690647|202010
6.70305394690647|203010
6.70305394690647|204010
6.70305394690647|205010
6.70305394690647|206010
6.70305394690647|207010
6.70305394690647|208010
6.70305394690647|209010
6.70305394690647|210010
6.70305394690647|211010
6.70305394690647|212010
6.70305394690647|213010
6.70305394690647|214010
6.70305394690647|215010
6.70305394690647|216010
6.70305394690647|217010
6.70305394690647|218010
6.70305394690647|219010
6.70305394690647|220010
6.70305394690647|221010
6.70305394690647|222010
6.70305394690647|223010
6.70305394690647|224010
6.70305394690647|225010
6.70305394690647|226010
6.70305394690647|227010
6.70305394690647|228010
6.70305394690647|229010
6.70305394690647|230010
6.70305394690647|231010
6.70305394690647|232010
6.70305394690647|233010
6.70305394690647|234010
6.70305394690647|235010
6.70305394690647|236010
6.70305394690647|237010
6.70305394690647|238010
6.70305394690647|239010
6.70305394690647|240010
6.70305394690647|241010
6.70305394690647|242010
6.70305394690647|243010
6.70305394690647|244010
6.70305394690647|245010
6.70305394690647|246010
6.70305394690647|247010
6.70305394690647|248010
6.70305394690647|249010
6.70305394690647|250010
6.70305394690647|251010
6.70305394690647|252010
6.70305394690647|253010
6.70305394690647|254010
6.70305394690647|255010
6.70305394690647|256010
6.70305394690647|257010
6.70305394690647|258010
6.70305394690647|259010
6.70305394690647|260010
6.70305394690647|261010
6.70305394690647|262010
6.70305394690647|263010
6.70305394690647|264010
6.70305394690647|265010
6.70305394690647|266010
6.70305394690647|267010
6.70305394690647|268010
6.70305394690647|269010
6.70305394690647|270010
6.70305394690647|271010
6.70305394690647|272010
6.70305394690647|273010
6.70305394690647|274010
6.70305394690647|275010
6.70305394690647|276010
6.70305394690647|277010
6.70305394690647|278010
6.70305394690647|279010
6.70305394690647|280010
6.70305394690647|281010
6.70305394690647|282010
6.70305394690647|283010
6.70305394690647|284010
6.70305394690647|285010
6.70305394690647|286010
6.70305394690647|287010
6.70305394690647|288010
6.70305394690647|289010
6.70305394690647|290010
6.70305394690647|291010
6.70305394690647|292010
6.70305394690647|293010
6.70305394690647|294010
6.70305394690647|295010
6.70305394690647|296010
6.70305394690647|297010
6.70305394690647|298010
6.70305394690647|299010
6.70305394690647|300010
6.70305394690647|301010
6.70305394690647|302010
6.70305394690647|303010
6.70305394690647|304010
6.70305394690647|305010
6.70305394690647|306010
6.70305394690647|307010
6.70305394690647|308010
6.70305394690647|309010
6.70305394690647|310010
6.70305394690647|311010
6.70305394690647|312010
6.70305394690647|313010
6.70305394690647|314010
6.70305394690647|315010
6.70305394690647|316010
6.70305394690647|317010
6.70305394690647|318010
6.70305394690647|319010
6.70305394690647|320010
6.70305394690647|321010
6.70305394690647|322010
6.70305394690647|323010
6.70305394690647|324010
6.70305394690647|325010
6.70305394690647|326010
6.70305394690647|327010
6.70305394690647|328010
6.70305394690647|329010
6.70305394690647|330010
6.70305394690647|331010
6.70305394690647|332010
6.70305394690647|333010
6.70305394690647|334010
6.70305394690647|335010
6.70305394690647|336010
6.70305394690647|337010
6.70305394690647|338010
6.70305394690647|339010
6.70305394690647|340010
6.70305394690647|341010
6.70305394690647|342010
6.70305394690647|343010
6.70305394690647|344010
6.70305394690647|345010
6.70305394690647|346010
6.70305394690647|347010
6.70305394690647|348010
6.70305394690647|349010
6.70305394690647|350010
6.70305394690647|351010
6.70305394690647|352010
6.70305394690647|353010
6.70305394690647|354010
6.70305394690647|355010
6.70305394690647|356010
6.70305394690647|357010
6.70305394690647|358010
6.70305394690647|359010
6.70305394690647|360010
6.70305394690647|361010
6.70305394690647|362010
6.70305394690647|363010
6.70305394690647|364010
6.70305394690647|365010
6.70305394690647|366010
6.70305394690647|367010
6.70305394690647|368010
6.70305394690647|369010
6.70305394690647|370010
6.70305394690647|371010
6.70305394690647|372010
6.70305394690647|373010
6.70305394690647|374010
6.70305394690647|375010
6.70305394690647|376010
6.70305394690647|377010
6.70305394690647|378010
6.70305394690647|379010
6.70305394690647|380010
6.70305394690647|381010
6.70305394690647|382010
6.70305394690647|383010
6.70305394690647|384010
6.70305394690647|385010
6.70305394690647|386010
6.70305394690647|387010
6.70305394690647|388010
6.70305394690647|389010
6.70305394690647|390010
6.70305394690647|391010
6.70305394690647|392010
6.70305394690647|393010
6.70305394690647|394010
6.70305394690647|395010
6.70305394690647|396010
6.70305394690647|397010
6.70305394690647|398010
6.70305394690647|399010
6.70305394690647|400010
6.70305394690647|401010
6.70305394690647|402010
6.70305394690647|403010
6.70305394690647|404010
6.70305394690647|405010
6.70305394690647|406010
6.70305394690647|407010
6.70305394690647|408010
6.70305394690647|409010
6.70305394690647|410010
6.70305394690647|411010
6.70305394690647|412010
6.70305394690647|413010
6.70305394690647|414010
6.70305394690647|415010
6.70305394690647|416010
6.70305394690647|417010
6.70305394690647|418010
6.70305394690647|419010
6.70305394690647|420010
6.70305394690647|421010
6.70305394690647|422010
6.70305394690647|423010
6.70305394690647|424010
6.70305394690647|425010
6.70305394690647|426010
6.70305394690647|427010
6.70305394690647|428010
6.70305394690647|429010
6.70305394690647|430010
6.70305394690647|431010
6.70305394690647|432010
6.70305394690647|433010
6.70305394690647|434010
6.70305394690647|435010
6.70305394690647|436010
6.70305394690647|437010
6.70305394690647|438010
6.70305394690647|439010
6.70305394690647|440010
6.70305394690647|441010
6.70305394690647|442010
6.70305394690647|443010
6.70305394690647|444010
6.70305394690647|445010
6.70305394690647|446010
6.70305394690647|447010
6.70305394690647|448010
6.70305394690647|449010
6.70305394690647|450010
6.70305394690647|451010
6.70305394690647|452010
6.70305394690647|453010
6.70305394690647|454010
6.70305394690647|455010
6.70305394690647|456010
6.70305394690647|457010
6.70305394690647|458010
6.70305394690647|459010
6.70305394690647|460010
6.70305394690647|461010
6.70305394690647|462010
6.70305394690647|463010
6.70305394690647|464010
6.70305394690647|465010
6.70305394690647|466010
6.70305394690647|467010
6.70305394690647|468010
6.70305394690647|469010
6.70305394690647|470010
6.70305394690647|471010
6.70305394690647|472010
6.70305394690647|473010
6.70305394690647|474010
6.70305394690647|475010
6.70305394690647|476010
6.70305394690647|477010
6.70305394690647|478010
6.70305394690647|479010
6.70305394690647|480010
6.70305394690647|481010
6.70305394690647|482010
6.70305394690647|483010
6.70305394690647|484010
6.70305394690647|485010
6.70305394690647|486010
6.70305394690647|487010
6.70305394690647|488010
6.70305394690647|489010
6.70305394690647|490010
6.70305394690647|491010
6.70305394690647|492010
6.70305394690647|493010
6.70305394690647|494010
6.70305394690647|495010
6.70305394690647|496010
6.70305394690647|497010
6.70305394690647|498010
6.70305394690647|499010
6.70305394690647|500010
6.70305394690647|501010
6.70305394690647|502010
6.70305394690647|503010
6.70305394690647|504010
6.70305394690647|505010
6.70305394690647|506010
6.70305394690647|507010
6.70305394690647|508010
6.70305394690647|509010
6.70305394690647|510010
6.70305394690647|511010
6.70305394690647|512010
6.70305394690647|513010
6.70305394690647|514010
6.70305394690647|515010
6.70305394690647|516010
6.70305394690647|517010
6.70305394690647|518010
6.70305394690647|519010
6.70305394690647|520010
6.70305394690647|521010
6.70305394690647|522010
6.70305394690647|523010
6.70305394690647|524010
6.70305394690647|525010
6.70305394690647|526010
6.70305394690647|527010
6.70305394690647|528010
6.70305394690647|529010
6.70305394690647|530010
6.70305394690647|531010
6.70305394690647|532010
6.70305394690647|533010
6.70305394690647|534010
6.70305394690647|535010
6.70305394690647|536010
6.70305394690647|537010
6.70305394690647|538010
6.70305394690647|539010
6.6108274154114435|540010
6.610827415411441|541010
6.610827415411441|542010
6.541448125130899|543010
6.541448125130899|544010
6.541448125130899|545010
6.541448125130899|546010
6.5414481251308985|547010
6.5414481251308985|548010
6.5414481251308985|549010
6.5414481251308985|550010
6.5414481251308985|551010
6.5414481251308985|552010
6.5414481251308985|553010
6.5414481251308985|554010
6.5414481251308985|555010
6.5414481251308985|556010
6.5414481251308985|557010
6.5414481251308985|558010
6.5414481251308985|559010
6.5414481251308985|560010
6.5414481251308985|561010
6.5414481251308985|562010
6.5414481251308985|563010
6.5414481251308985|564010
6.5414481251308985|565010
6.5414481251308985|566010
6.5414481251308985|567010
6.5414481251308985|568010
6.5414481251308985|569010
6.5414481251308985|570010
6.5414481251308985|571010
6.5414481251308985|572010
6.5414481251308985|573010
6.5414481251308985|574010
6.5414481251308985|575010
6.5414481251308985|576010
6.5414481251308985|577010
6.5414481251308985|578010
6.5414481251308985|579010
6.5414481251308985|580010
6.5414481251308985|581010
6.5414481251308985|582010
6.5414481251308985|583010
6.5414481251308985|584010
6.5414481251308985|585010
6.5414481251308985|586010
6.5414481251308985|587010
6.5414481251308985|588010
6.5414481251308985|589010
6.5414481251308985|590010
6.5414481251308985|591010
6.5414481251308985|592010
6.5414481251308985|593010
6.532336291884116|594010
6.532336291884116|595010
6.532336291884116|596010
6.532336291884116|597010
6.532336291884116|598010
6.532336291884116|599010
6.532336291884116|600010
6.532336291884116|601010
6.532336291884116|602010
6.532336291884116|603010
6.532336291884116|604010
6.532336291884116|605010
6.532336291884116|606010
6.532336291884116|607010
6.532336291884116|608010
6.532336291884116|609010
6.532336291884116|610010
6.532336291884116|611010
6.532336291884116|612010
6.532336291884116|613010
6.532336291884116|614010
6.532336291884116|615010
6.532336291884116|616010
6.532336291884116|617010
6.532336291884116|618010
6.532336291884116|619010
6.532336291884116|620010
6.532336291884116|621010
6.532336291884116|622010
6.532336291884116|623010
6.532336291884116|624010
6.532336291884116|625010
6.532336291884116|626010
6.532336291884116|627010
6.532336291884116|628010
6.532336291884116|629010
6.532336291884116|630010
6.532336291884116|631010
6.532336291884115|632010
6.532336291884115|633010
6.532336291884115|634010
6.532336291884115|635010
6.532336291884115|636010
6.532336291884115|637010
6.532336291884115|638010
6.532336291884115|639010
6.532336291884115|640010
6.532336291884115|641010
6.532336291884115|642010
6.532336291884115|643010
6.532336291884115|644010
6.532336291884115|645010
6.532336291884115|646010
6.532336291884115|647010
6.532336291884115|648010
6.532336291884115|649010
6.532336291884115|650010
6.532336291884115|651010
6.532336291884115|652010
6.532336291884115|653010
6.532336291884115|654010
6.532336291884115|655010
6.532336291884115|656010
6.532336291884115|657010
6.532336291884115|658010
6.532336291884115|659010
6.532336291884115|660010
6.532336291884115|661010
6.532336291884115|662010
6.532336291884115|663010
6.532336291884115|664010
6.532336291884115|665010
6.532336291884115|666010
6.532336291884115|667010
6.532336291884115|668010
6.532336291884115|669010
6.532336291884115|670010
6.532336291884115|671010
6.532336291884115|672010
6.532336291884115|673010
6.532336291884115|674010
6.532336291884115|675010
6.532336291884115|676010
6.532336291884115|677010
6.532336291884115|678010
6.532336291884115|679010
6.532336291884115|680010
6.532336291884115|681010
6.532336291884115|682010
6.532336291884115|683010
6.532336291884115|684010
6.532336291884115|685010
6.532336291884115|686010
6.532336291884115|687010
6.532336291884115|688010
6.532336291884115|689010
6.532336291884115|690010
6.532336291884115|691010
6.532336291884115|692010
6.532336291884115|693010
6.532336291884115|694010
6.532336291884115|695010
6.532336291884115|696010
6.532336291884115|697010
6.532336291884115|698010
6.532336291884115|699010
6.532336291884115|700010
6.532336291884115|701010
6.532336291884115|702010
6.532336291884115|703010
6.532336291884115|704010
6.532336291884115|705010
6.532336291884115|706010
6.532336291884115|707010
6.532336291884115|708010
6.532336291884115|709010
6.532336291884115|710010
6.532336291884115|711010
6.532336291884115|712010
6.532336291884115|713010
6.532336291884115|714010
6.532336291884115|715010
6.532336291884115|716010
6.532336291884115|717010
6.532336291884115|718010
6.532336291884115|719010
6.532336291884115|720010
6.532336291884115|721010
6.532336291884115|722010
6.532336291884115|723010
6.532336291884115|724010
6.532336291884115|725010
6.532336291884115|726010
6.532336291884115|727010
6.532336291884115|728010
6.532336291884115|729010
6.532336291884115|730010
6.532336291884115|731010
6.532336291884115|732010
6.532336291884115|733010
6.532336291884115|734010
6.532336291884115|735010
6.532336291884115|736010
6.532336291884115|737010
6.532336291884115|738010
6.532336291884115|739010
6.532336291884115|740010
6.532336291884115|741010
6.532336291884115|742010
6.532336291884115|743010
6.532336291884115|744010
6.532336291884115|745010
6.532336291884115|746010
6.532336291884115|747010
6.532336291884115|748010
6.532336291884115|749010
6.532336291884115|750010
6.532336291884115|751010
6.532336291884115|752010
6.532336291884115|753010
6.532336291884115|754010
6.532336291884115|755010
6.532336291884115|756010
6.532336291884115|757010
6.532336291884115|758010
6.532336291884115|759010
6.532336291884115|760010
6.532336291884115|761010
6.532336291884115|762010
6.532336291884115|763010
6.532336291884115|764010
6.532336291884115|765010
6.532336291884115|766010
6.532336291884115|767010
6.532336291884115|768010
6.532336291884115|769010
6.532336291884115|770010
6.532336291884115|771010
6.532336291884115|772010
6.532336291884115|773010
6.532336291884115|774010
6.532336291884115|775010
6.532336291884115|776010
6.532336291884115|777010
6.532336291884115|778010
6.532336291884115|779010
6.532336291884115|780010
6.532336291884115|781010
6.532336291884115|782010
6.532336291884115|783010
6.532336291884115|784010
6.532336291884115|785010
6.532336291884115|786010
6.532336291884115|787010
6.532336291884115|788010
6.532336291884115|789010
6.532336291884115|790010
6.532336291884115|791010
6.532336291884115|792010
6.532336291884115|793010
6.532336291884115|794010
6.532336291884115|795010
6.532336291884115|796010
6.532336291884115|797010
6.532336291884115|798010
6.532336291884115|799010
6.532336291884115|800010
6.532336291884115|801010
6.532336291884115|802010
6.532336291884115|803010
6.532336291884115|804010
6.532336291884115|805010
6.532336291884115|806010
6.532336291884115|807010
6.532336291884115|808010
6.532336291884115|809010
6.532336291884115|810010
6.532336291884115|811010
6.532336291884115|812010
6.532336291884115|813010
6.532336291884115|814010
6.532336291884115|815010
6.532336291884115|816010
6.532336291884115|817010
6.532336291884115|818010
6.532336291884115|819010
6.532336291884115|820010
6.532336291884115|821010
6.532336291884115|822010
6.532336291884115|823010
6.532336291884115|824010
6.532336291884115|825010
6.532336291884115|826010
6.532336291884115|827010
6.532336291884115|828010
6.532336291884115|829010
6.532336291884115|830010
6.532336291884115|831010
6.532336291884115|832010
6.532336291884115|833010
6.532336291884115|834010
6.532336291884115|835010
6.532336291884115|836010
6.532336291884115|837010
6.532336291884115|838010
6.532336291884115|839010
6.532336291884115|840010
6.532336291884115|841010
6.532336291884115|842010
6.532336291884115|843010
6.532336291884115|844010
6.532336291884115|845010
6.532336291884115|846010
6.532336291884115|847010
6.532336291884115|848010
6.532336291884115|849010
6.532336291884115|850010
6.532336291884115|851010
6.532336291884115|852010
6.532336291884115|853010
6.532336291884115|854010
6.532336291884115|855010
6.532336291884115|856010
6.532336291884115|857010
6.532336291884115|858010
6.532336291884115|859010
6.532336291884115|860010
6.532336291884115|861010
6.532336291884115|862010
6.532336291884115|863010
6.532336291884115|864010
6.532336291884115|865010
6.532336291884115|866010
6.532336291884115|867010
6.532336291884115|868010
6.532336291884115|869010
6.532336291884115|870010
6.532336291884115|871010
6.532336291884115|872010
6.532336291884115|873010
6.532336291884115|874010
6.532336291884115|875010
6.532336291884115|876010
6.532336291884115|877010
6.532336291884115|878010
6.532336291884115|879010
6.532336291884115|880010
6.532336291884115|881010
6.532336291884115|882010
6.532336291884115|883010
6.532336291884115|884010
6.532336291884115|885010
6.532336291884115|886010
6.532336291884115|887010
6.532336291884115|888010
6.532336291884115|889010
6.532336291884115|890010
6.532336291884115|891010
6.532336291884115|892010
6.532336291884115|893010
6.532336291884115|894010
6.532336291884115|895010
6.532336291884115|896010
6.532336291884115|897010
6.532336291884115|898010
6.532336291884115|899010
6.532336291884115|900010
6.532336291884115|901010
6.532336291884115|902010
6.532336291884115|903010
6.532336291884115|904010
6.532336291884115|905010
6.532336291884115|906010
6.532336291884115|907010
6.532336291884115|908010
6.532336291884115|909010
6.532336291884115|910010
6.532336291884115|911010
6.532336291884115|912010
6.532336291884115|913010
6.532336291884115|914010
6.532336291884115|915010
6.532336291884115|916010
6.532336291884115|917010
6.532336291884115|918010
6.532336291884115|919010
6.532336291884115|920010
6.532336291884115|921010
6.532336291884115|922010
6.532336291884115|923010
6.532336291884115|924010
6.532336291884115|925010
6.532336291884115|926010
6.532336291884115|927010
6.532336291884115|928010
6.532336291884115|929010
6.532336291884115|930010
6.532336291884115|931010
6.532336291884115|932010
6.532336291884115|933010
6.532336291884115|934010
6.532336291884115|935010
6.532336291884115|936010
6.532336291884115|937010
6.532336291884115|938010
6.532336291884115|939010
6.532336291884115|940010
6.532336291884115|941010
6.532336291884115|942010
6.532336291884115|943010
6.532336291884115|944010
6.532336291884115|945010
6.532336291884115|946010
6.532336291884115|947010
6.532336291884115|948010
6.532336291884115|949010
6.532336291884115|950010
6.532336291884115|951010
6.532336291884115|952010
6.532336291884115|953010
6.532336291884115|954010
6.532336291884115|955010
6.532336291884115|956010
6.532336291884115|957010
6.532336291884115|958010
6.532336291884115|959010
6.532336291884115|960010
6.532336291884115|961010
6.532336291884115|962010
6.532336291884115|963010
6.532336291884115|964010
6.532336291884115|965010
6.532336291884115|966010
6.532336291884115|967010
6.532336291884115|968010
6.532336291884115|969010
6.532336291884115|970010
6.532336291884115|971010
6.532336291884115|972010
6.532336291884115|973010
6.532336291884115|974010
6.532336291884115|975010
6.532336291884115|976010
6.532336291884115|977010
6.532336291884115|978010
6.532336291884115|979010
6.532336291884115|980010
6.532336291884115|981010
6.532336291884115|982010
6.532336291884115|983010
6.532336291884115|984010
6.532336291884115|985010
6.532336291884115|986010
6.532336291884115|987010
6.532336291884115|988010
6.532336291884115|989010
6.532336291884115|990010
6.532336291884115|991010
6.532336291884115|992010
6.532336291884115|993010
6.532336291884115|994010
6.532336291884115|995010
6.532336291884115|996010
6.532336291884115|997010
6.532336291884115|998010
6.532336291884115|999010
6.532336291884115|1000010
