13.642091660069617|2000
13.642091660069617|3000
13.23701472139218|4000
12.980298874067921|5000
11.001931320986698|6000
11.001931320986698|7000
10.820953666289336|8000
10.820953666289336|9000
10.805067765865804|10000
10.805067765865804|11000
10.805067765865804|12000
10.255936060344327|13000
10.04269880029152|14000
10.04269880029152|15000
10.04269880029152|16000
10.04269880029152|17000
10.04269880029152|18000
10.04269880029152|19000
10.04269880029152|20000
9.522811119970926|21000
9.522811119970926|22000
9.522811119970926|23000
9.522811119970926|24000
9.522811119970926|25000
9.522811119970926|26000
9.522811119970926|27000
9.522811119970926|28000
9.522811119970926|29000
9.522811119970926|30000
9.522811119970926|31000
9.522811119970926|32000
9.522811119970926|33000
9.522811119970926|34000
9.522811119970926|35000
9.522811119970926|36000
9.522811119970926|37000
9.522811119970926|38000
9.522811119970926|39000
9.522811119970926|40000
9.419963267149441|41000
9.350208394711988|42000
9.350208394711988|43000
9.350208394711988|44000
8.83182053892502|45000
8.83182053892502|46000
8.83182053892502|47000
8.83182053892502|48000
8.83182053892502|49000
8.477093569785378|50000
8.477093569785378|51000
8.477093569785378|52000
8.477093569785378|53000
8.477093569785378|54000
8.477093569785378|55000
8.477093569785378|56000
8.477093569785378|57000
8.384178275103356|58000
8.384178275103356|59000
8.384178275103356|60000
8.384178275103356|61000
8.384178275103356|62000
8.384178275103356|63000
8.384178275103356|64000
7.929430271397878|65000
7.929430271397878|66000
7.929430271397878|67000
7.929430271397878|68000
7.929430271397878|69000
7.929430271397878|70000
7.929430271397878|71000
7.929430271397878|72000
7.929430271397878|73000
7.901052488067756|74000
7.901052488067756|75000
7.901052488067756|76000
7.901052488067756|77000
7.901052488067756|78000
7.901052488067756|79000
7.901052488067756|80000
7.901052488067756|81000
7.901052488067756|82000
7.901052488067756|83000
7.901052488067756|84000
7.901052488067756|85000
7.901052488067756|86000
7.901052488067756|87000
7.901052488067756|88000
7.901052488067756|89000
7.901052488067756|90000
7.901052488067756|91000
7.901052488067756|92000
7.901052488067756|93000
7.901052488067756|94000
7.901052488067756|95000
7.901052488067756|96000
7.901052488067756|97000
7.901052488067756|98000
7.901052488067756|99000
7.901052488067756|100000
7.901052488067756|101000
7.901052488067756|102000
7.901052488067756|103000
7.901052488067756|104000
7.901052488067756|105000
7.901052488067756|106000
7.901052488067756|107000
7.901052488067756|108000
7.901052488067756|109000
7.901052488067756|110000
7.901052488067756|111000
7.901052488067756|112000
7.901052488067756|113000
7.766961343551783|114000
7.766961343551783|115000
7.766961343551783|116000
7.766961343551783|117000
7.766961343551783|118000
7.432751932735098|119000
7.432751932735098|120000
7.432751932735098|121000
7.432751932735098|122000
7.432751932735098|123000
7.432751932735098|124000
7.432751932735098|125000
7.432751932735098|126000
7.432751932735098|127000
7.432751932735098|128000
7.432751932735098|129000
7.432751932735098|130000
7.432751932735098|131000
7.432751932735098|132000
7.432751932735098|133000
7.432751932735098|134000
7.432751932735098|135000
7.432751932735098|136000
7.432751932735098|137000
7.432751932735098|138000
7.432751932735098|139000
7.432751932735098|140000
7.432751932735098|141000
7.432751932735098|142000
7.2765572650205534|143000
7.2765572650205534|144000
7.2765572650205534|145000
7.2765572650205534|146000
7.2765572650205534|147000
7.2765572650205534|148000
7.262580235342615|149000
7.262580235342615|150000
7.262580235342615|151000
7.262580235342615|152000
7.262580235342615|153000
7.262580235342615|154000
7.262580235342615|155000
7.262580235342615|156000
7.262580235342615|157000
7.262580235342615|158000
7.262580235342615|159000
7.262580235342615|160000
7.262580235342615|161000
7.262580235342615|162000
7.262580235342615|163000
7.207435171738722|164000
6.935251746263404|165000
6.935251746263404|166000
6.935251746263404|167000
6.935251746263404|168000
6.935251746263404|169000
6.935251746263404|170000
6.707687701979756|171000
6.707687701979756|172000
6.707687701979756|173000
6.707687701979756|174000
6.707687701979756|175000
6.564430945408905|176000
6.564430945408905|177000
6.564430945408905|178000
6.564430945408905|179000
6.564430945408905|180000
6.564430945408905|181000
6.564430945408905|182000
6.379589201295286|183000
6.379589201295286|184000
6.379589201295286|185000
6.379589201295286|186000
6.379589201295286|187000
6.379589201295286|188000
6.379589201295286|189000
6.379589201295286|190000
6.379589201295286|191000
6.379589201295286|192000
6.379589201295286|193000
6.379589201295286|194000
6.379589201295286|195000
6.379589201295286|196000
6.379589201295286|197000
6.379589201295286|198000
6.379589201295286|199000
6.379589201295286|200000
6.379589201295286|201000
6.379589201295286|202000
6.379589201295286|203000
6.379589201295286|204000
6.379589201295286|205000
6.379589201295286|206000
6.379589201295286|207000
6.379589201295286|208000
6.379589201295286|209000
6.379589201295286|210000
6.379589201295286|211000
6.379589201295286|212000
6.379589201295286|213000
6.379589201295286|214000
6.379589201295286|215000
6.379589201295286|216000
6.379589201295286|217000
6.379589201295286|218000
6.379589201295286|219000
6.379589201295286|220000
6.379589201295286|221000
6.379589201295286|222000
6.379589201295286|223000
6.379589201295286|224000
6.379589201295286|225000
6.379589201295286|226000
6.379589201295286|227000
6.18200086473479|228000
6.18200086473479|229000
6.18200086473479|230000
6.18200086473479|231000
6.18200086473479|232000
6.18200086473479|233000
6.039695020974819|234000
6.039695020974819|235000
6.039695020974819|236000
6.039695020974819|237000
6.039695020974819|238000
5.785764368459284|239000
5.785764368459284|240000
5.785764368459284|241000
5.785764368459284|242000
5.679865904793395|243000
5.679865904793395|244000
5.679865904793395|245000
5.679865904793395|246000
5.579231113606005|247000
5.469131501208643|248000
5.3487301887755985|249000
5.224135076221274|250000
5.224135076221274|251000
5.224135076221274|252000
5.139409954064896|253000
5.139409954064896|254000
5.131241846382266|255000
5.131241846382266|256000
5.082425350853601|257000
4.811996661083026|258000
4.734886179879732|259000
4.734886179879732|260000
4.734886179879732|261000
4.734886179879732|262000
4.734886179879732|263000
4.734886179879732|264000
4.734886179879732|265000
4.734886179879732|266000
4.61136721011055|267000
4.61136721011055|268000
4.61136721011055|269000
4.61136721011055|270000
4.5893846651720365|271000
4.506893373988768|272000
4.411299866599273|273000
4.411299866599273|274000
4.298030011398341|275000
4.298030011398341|276000
4.298030011398341|277000
4.298030011398341|278000
4.298030011398341|279000
4.2921202204530315|280000
4.2921202204530315|281000
4.2921202204530315|282000
4.2921202204530315|283000
4.162804649020594|284000
4.0394273557150155|285000
4.0394273557150155|286000
4.0394273557150155|287000
4.0394273557150155|288000
4.0394273557150155|289000
4.0394273557150155|290000
4.0394273557150155|291000
4.0394273557150155|292000
3.7919974537950036|293000
3.7919974537950036|294000
3.7919974537950036|295000
3.7919974537950036|296000
3.7919974537950036|297000
3.7919974537950036|298000
3.7919974537950036|299000
3.7919974537950036|300000
3.7919974537950036|301000
3.7919974537950036|302000
3.7136890393937088|303000
3.7136890393937088|304000
3.7136890393937088|305000
3.7136890393937088|306000
3.7136890393937088|307000
3.7136890393937088|308000
3.7136890393937088|309000
3.7136890393937088|310000
3.7136890393937088|311000
3.7136890393937088|312000
3.6648231763147656|313000
3.5893822848727184|314000
3.5893822848727184|315000
3.5893822848727184|316000
3.5893822848727184|317000
3.5893822848727184|318000
3.5893822848727184|319000
3.5893822848727184|320000
3.5522645711411536|321000
3.5522645711411536|322000
3.4642839983898814|323000
3.4642839983898814|324000
3.4642839983898814|325000
3.4642839983898814|326000
3.397200927949073|327000
3.3187982033134245|328000
3.3187982033134245|329000
3.3187982033134245|330000
3.3187982033134245|331000
3.3187982033134245|332000
3.3187982033134245|333000
3.3187982033134245|334000
3.3187982033134245|335000
3.3187982033134245|336000
3.3187982033134245|337000
3.3187982033134245|338000
3.3187982033134245|339000
3.3187982033134245|340000
3.3187982033134245|341000
3.3187982033134245|342000
3.280811486021936|343000
3.280811486021936|344000
3.280811486021936|345000
3.210304029590207|346000
3.210304029590207|347000
3.207862248707402|348000
3.207862248707402|349000
3.207862248707402|350000
3.207862248707402|351000
3.1707584044575263|352000
3.1707584044575263|353000
3.1707584044575263|354000
3.1707584044575263|355000
3.1707584044575263|356000
3.1707584044575263|357000
3.1707584044575263|358000
3.157184382754643|359000
3.1215565194183648|360000
3.1215565194183648|361000
3.0908935755110525|362000
3.0908935755110525|363000
3.0908935755110525|364000
3.0908935755110525|365000
3.0908935755110525|366000
3.0908935755110525|367000
3.0908935755110525|368000
3.0908935755110525|369000
3.0908935755110525|370000
3.0667564499633437|371000
2.973024775238554|372000
2.973024775238554|373000
2.973024775238554|374000
2.9005567841122906|375000
2.9005567841122906|376000
2.9005567841122906|377000
2.9005567841122906|378000
2.9005567841122906|379000
2.9005567841122906|380000
2.9005567841122906|381000
2.9005567841122906|382000
2.9005567841122906|383000
2.9005567841122906|384000
2.9005567841122906|385000
2.9005567841122906|386000
2.9005567841122906|387000
2.9005567841122906|388000
2.9005567841122906|389000
2.9005567841122906|390000
2.861968657406043|391000
2.861968657406043|392000
2.861968657406043|393000
2.861968657406043|394000
2.861968657406043|395000
2.861968657406043|396000
2.861968657406043|397000
2.861968657406043|398000
2.861968657406043|399000
2.8347969645780826|400000
2.8347969645780826|401000
2.8347969645780826|402000
2.8347969645780826|403000
2.8347969645780826|404000
2.8347969645780826|405000
2.8347969645780826|406000
2.8347969645780826|407000
2.8347969645780826|408000
2.8347969645780826|409000
2.8347969645780826|410000
2.8347969645780826|411000
2.8347969645780826|412000
2.8347969645780826|413000
2.8347969645780826|414000
2.8347969645780826|415000
2.7987699424847956|416000
2.7987699424847956|417000
2.7987699424847956|418000
2.7987699424847956|419000
2.7987699424847956|420000
2.7987699424847956|421000
2.7987699424847956|422000
2.7968161257094546|423000
2.7968161257094546|424000
2.7968161257094546|425000
2.7968161257094546|426000
2.760789103616168|427000
2.760789103616168|428000
2.760789103616168|429000
2.760789103616168|430000
2.760789103616168|431000
2.760789103616168|432000
2.760789103616168|433000
2.740441358026096|434000
2.740441358026096|435000
2.740441358026096|436000
2.740441358026096|437000
2.740441358026096|438000
2.740441358026096|439000
2.740441358026096|440000
2.740441358026096|441000
2.7274722994911653|442000
2.7274722994911653|443000
2.7141284788392706|444000
2.7141284788392706|445000
2.71412847883927|446000
2.71412847883927|447000
2.71412847883927|448000
2.71412847883927|449000
2.71412847883927|450000
2.7071245539010937|451000
2.6978815172577395|452000
2.68805518436366|453000
2.68805518436366|454000
2.6709853418201885|455000
2.6709853418201885|456000
2.6709853418201885|457000
2.6709853418201885|458000
2.6709853418201885|459000
2.6709853418201885|460000
2.6709853418201885|461000
2.6709853418201885|462000
2.6709853418201885|463000
2.6709853418201885|464000
2.6709853418201885|465000
2.6709853418201885|466000
2.6709853418201885|467000
2.6709853418201885|468000
2.6709853418201885|469000
2.6709853418201885|470000
2.6620753027632134|471000
2.6450054602197417|472000
2.6450054602197417|473000
2.6450054602197417|474000
2.6450054602197417|475000
2.6450054602197417|476000
2.6450054602197417|477000
2.6450054602197417|478000
2.6450054602197417|479000
2.6315016408445935|480000
2.6315016408445935|481000
2.6315016408445935|482000
2.6315016408445935|483000
2.6315016408445935|484000
2.6315016408445935|485000
2.6315016408445935|486000
2.6315016408445935|487000
2.6315016408445935|488000
2.6315016408445935|489000
2.6315016408445935|490000
2.6168579225494373|491000
2.6168579225494373|492000
2.6168579225494373|493000
2.6168579225494373|494000
2.6168579225494373|495000
2.6168579225494373|496000
2.6168579225494373|497000
2.6157524769888365|498000
2.6157524769888365|499000
2.6157524769888365|500000
2.6157524769888365|501000
2.6157524769888365|502000
2.614612578068829|503000
2.614612578068829|504000
2.614612578068829|505000
2.614612578068829|506000
2.614612578068829|507000
2.614612578068829|508000
2.614612578068829|509000
2.614612578068829|510000
2.614612578068829|511000
2.614612578068829|512000
2.6011087586936807|513000
2.6011087586936807|514000
2.6011087586936807|515000
2.6011087586936807|516000
2.6011087586936807|517000
2.6011087586936807|518000
2.6011087586936807|519000
2.6011087586936807|520000
2.5894642205330505|521000
2.5894642205330505|522000
2.5894642205330505|523000
2.5894642205330505|524000
2.5894642205330505|525000
2.5894642205330505|526000
2.5894642205330505|527000
2.5894642205330505|528000
2.5894642205330505|529000
2.5894642205330505|530000
2.5894642205330505|531000
2.5894642205330505|532000
2.5894642205330505|533000
2.5894642205330505|534000
2.5894642205330505|535000
2.5894642205330505|536000
2.5894642205330505|537000
2.5894642205330505|538000
2.5894642205330505|539000
2.5894642205330505|540000
2.5894642205330505|541000
2.5894642205330505|542000
2.5894642205330505|543000
2.5894642205330505|544000
2.5894642205330505|545000
2.5894642205330505|546000
2.5894642205330505|547000
2.5894642205330505|548000
2.5894642205330505|549000
2.5894642205330505|550000
2.5894642205330505|551000
2.5894642205330505|552000
2.5894642205330505|553000
2.5894642205330505|554000
2.5894642205330505|555000
2.5894642205330505|556000
2.5894642205330505|557000
2.5894642205330505|558000
2.5894642205330505|559000
2.5894642205330505|560000
2.5894642205330505|561000
2.5894642205330505|562000
2.5894642205330505|563000
2.5894642205330505|564000
2.5894642205330505|565000
2.5894642205330505|566000
2.5894642205330505|567000
2.5894642205330505|568000
2.5894642205330505|569000
2.5894642205330505|570000
2.5894642205330505|571000
2.5894642205330505|572000
2.5894642205330505|573000
2.5894642205330505|574000
2.5894642205330505|575000
2.5894642205330505|576000
2.5894642205330505|577000
2.5894642205330505|578000
2.5894642205330505|579000
2.5894642205330505|580000
2.5894642205330505|581000
2.5894642205330505|582000
2.5894642205330505|583000
2.5894642205330505|584000
2.5894642205330505|585000
2.5894642205330505|586000
2.5894642205330505|587000
2.5894642205330505|588000
2.5894642205330505|589000
2.5894642205330505|590000
2.5894642205330505|591000
2.5894642205330505|592000
2.5894642205330505|593000
2.5894642205330505|594000
2.5894642205330505|595000
2.5894642205330505|596000
2.5894642205330505|597000
2.5894642205330505|598000
2.5894642205330505|599000
2.5894642205330505|600000
2.5894642205330505|601000
2.5894642205330505|602000
2.5894642205330505|603000
2.5894642205330505|604000
2.5894642205330505|605000
2.5894642205330505|606000
2.5894642205330505|607000
2.5894642205330505|608000
2.5894642205330505|609000
2.5894642205330505|610000
2.5894642205330505|611000
2.5894642205330505|612000
2.5894642205330505|613000
2.5894642205330505|614000
2.5894642205330505|615000
2.5894642205330505|616000
2.5894642205330505|617000
2.5894642205330505|618000
2.5894642205330505|619000
2.5894642205330505|620000
2.5894642205330505|621000
2.5894642205330505|622000
2.5894642205330505|623000
2.5894642205330505|624000
2.5894642205330505|625000
2.5894642205330505|626000
2.5894642205330505|627000
2.5894642205330505|628000
2.5894642205330505|629000
2.5894642205330505|630000
2.5894642205330505|631000
2.5894642205330505|632000
2.5894642205330505|633000
2.5894642205330505|634000
2.5894642205330505|635000
2.5894642205330505|636000
2.5894642205330505|637000
2.5894642205330505|638000
2.5894642205330505|639000
2.5894642205330505|640000
2.5894642205330505|641000
2.5894642205330505|642000
2.5894642205330505|643000
2.5894642205330505|644000
2.5894642205330505|645000
2.5894642205330505|646000
2.5894642205330505|647000
2.5894642205330505|648000
2.5894642205330505|649000
2.5894642205330505|650000
2.5894642205330505|651000
2.5894642205330505|652000
2.5894642205330505|653000
2.5894642205330505|654000
2.5894642205330505|655000
2.5894642205330505|656000
2.5894642205330505|657000
2.5894642205330505|658000
2.5894642205330505|659000
2.5894642205330505|660000
2.5894642205330505|661000
2.5894642205330505|662000
2.5894642205330505|663000
2.5894642205330505|664000
2.5894642205330505|665000
2.5894642205330505|666000
2.5894642205330505|667000
2.5894642205330505|668000
2.5894642205330505|669000
2.5894642205330505|670000
2.5894642205330505|671000
2.5894642205330505|672000
2.5894642205330505|673000
2.5894642205330505|674000
2.5894642205330505|675000
2.5894642205330505|676000
2.5894642205330505|677000
2.5894642205330505|678000
2.5894642205330505|679000
2.5894642205330505|680000
2.5894642205330505|681000
2.5894642205330505|682000
2.5894642205330505|683000
2.5894642205330505|684000
2.5894642205330505|685000
2.5894642205330505|686000
2.5894642205330505|687000
2.5894642205330505|688000
2.5894642205330505|689000
2.5894642205330505|690000
2.5894642205330505|691000
2.5894642205330505|692000
2.5894642205330505|693000
2.5894642205330505|694000
2.5894642205330505|695000
2.5894642205330505|696000
2.5894642205330505|697000
2.5894642205330505|698000
2.5894642205330505|699000
2.5894642205330505|700000
2.5894642205330505|701000
2.5894642205330505|702000
2.5894642205330505|703000
2.5894642205330505|704000
2.5894642205330505|705000
2.5894642205330505|706000
2.5894642205330505|707000
2.5894642205330505|708000
2.5894642205330505|709000
2.5894642205330505|710000
2.5894642205330505|711000
2.5894642205330505|712000
2.545489562200288|713000
2.545489562200288|714000
2.545489562200288|715000
2.5454895622002875|716000
2.5454895622002875|717000
2.5454895622002875|718000
2.5454895622002875|719000
2.5454895622002875|720000
2.5454895622002875|721000
2.5454895622002875|722000
2.5454895622002875|723000
2.5454895622002875|724000
2.5454895622002875|725000
2.5454895622002875|726000
2.5454895622002875|727000
2.5454895622002875|728000
2.5454895622002875|729000
2.5454895622002875|730000
2.5454895622002875|731000
2.5268258319661423|732000
2.5268258319661423|733000
2.5268258319661423|734000
2.5268258319661423|735000
2.5268258319661423|736000
2.5268258319661423|737000
2.5268258319661423|738000
2.5268258319661423|739000
2.5268258319661423|740000
2.5268258319661423|741000
2.5268258319661423|742000
2.5268258319661423|743000
2.5268258319661423|744000
2.5268258319661423|745000
2.5268258319661423|746000
2.5268258319661423|747000
2.5268258319661423|748000
2.5268258319661423|749000
2.5268258319661423|750000
2.5268258319661423|751000
2.5268258319661423|752000
2.5268258319661423|753000
2.5268258319661423|754000
2.5268258319661423|755000
2.5268258319661423|756000
2.5268258319661423|757000
2.5268258319661423|758000
2.5268258319661423|759000
2.5268258319661423|760000
2.5268258319661423|761000
2.5268258319661423|762000
2.5268258319661423|763000
2.5268258319661423|764000
2.5268258319661423|765000
2.5268258319661423|766000
2.5268258319661423|767000
2.5268258319661423|768000
2.5268258319661423|769000
2.5268258319661423|770000
2.5268258319661423|771000
2.5268258319661423|772000
2.5268258319661423|773000
2.5268258319661423|774000
2.5268258319661423|775000
2.5268258319661423|776000
2.5268258319661423|777000
2.5268258319661423|778000
2.5268258319661423|779000
2.5268258319661423|780000
2.5268258319661423|781000
2.5268258319661423|782000
2.5268258319661423|783000
2.5268258319661423|784000
2.5268258319661423|785000
2.5268258319661423|786000
2.5268258319661423|787000
2.5268258319661423|788000
2.5268258319661423|789000
2.5268258319661423|790000
2.5268258319661423|791000
2.5268258319661423|792000
2.5268258319661423|793000
2.5268258319661423|794000
2.5268258319661423|795000
2.5268258319661423|796000
2.5268258319661423|797000
2.5268258319661423|798000
2.5268258319661423|799000
2.5268258319661423|800000
2.5268258319661423|801000
2.5268258319661423|802000
2.5268258319661423|803000
2.5268258319661423|804000
2.5268258319661423|805000
2.5268258319661423|806000
2.5268258319661423|807000
2.5268258319661423|808000
2.5268258319661423|809000
2.5268258319661423|810000
2.5268258319661423|811000
2.5268258319661423|812000
2.5268258319661423|813000
2.5268258319661423|814000
2.5268258319661423|815000
2.5268258319661423|816000
2.5268258319661423|817000
2.5268258319661423|818000
2.5268258319661423|819000
2.5268258319661423|820000
2.5268258319661423|821000
2.5268258319661423|822000
2.5268258319661423|823000
2.5268258319661423|824000
2.5268258319661423|825000
2.5268258319661423|826000
2.5268258319661423|827000
2.5268258319661423|828000
2.5268258319661423|829000
2.5268258319661423|830000
2.5268258319661423|831000
2.5268258319661423|832000
2.5268258319661423|833000
2.5268258319661423|834000
2.5268258319661423|835000
2.5268258319661423|836000
2.5268258319661423|837000
2.5268258319661423|838000
2.5268258319661423|839000
2.5268258319661423|840000
2.5268258319661423|841000
2.5268258319661423|842000
2.5268258319661423|843000
2.5268258319661423|844000
2.5268258319661423|845000
2.5268258319661423|846000
2.5268258319661423|847000
2.5268258319661423|848000
2.5268258319661423|849000
2.5268258319661423|850000
2.5268258319661423|851000
2.5268258319661423|852000
2.5268258319661423|853000
2.5268258319661423|854000
2.5268258319661423|855000
2.5268258319661423|856000
2.5268258319661423|857000
2.5268258319661423|858000
2.5268258319661423|859000
2.5268258319661423|860000
2.5268258319661423|861000
2.5268258319661423|862000
2.5268258319661423|863000
2.5268258319661423|864000
2.5268258319661423|865000
2.5268258319661423|866000
2.5268258319661423|867000
2.5268258319661423|868000
2.5268258319661423|869000
2.5268258319661423|870000
2.5268258319661423|871000
2.5268258319661423|872000
2.5268258319661423|873000
2.5268258319661423|874000
2.5268258319661423|875000
2.5268258319661423|876000
2.5268258319661423|877000
2.5268258319661423|878000
2.5268258319661423|879000
2.5268258319661423|880000
2.5268258319661423|881000
2.5268258319661423|882000
2.5268258319661423|883000
2.5268258319661423|884000
2.5268258319661423|885000
2.5268258319661423|886000
2.5268258319661423|887000
2.5268258319661423|888000
2.5268258319661423|889000
2.5268258319661423|890000
2.5268258319661423|891000
2.5268258319661423|892000
2.5268258319661423|893000
2.5268258319661423|894000
2.5268258319661423|895000
2.5268258319661423|896000
2.5268258319661423|897000
2.5268258319661423|898000
2.5268258319661423|899000
2.5268258319661423|900000
2.5268258319661423|901000
2.5268258319661423|902000
2.5268258319661423|903000
2.5268258319661423|904000
2.5268258319661423|905000
2.5268258319661423|906000
2.5268258319661423|907000
2.5268258319661423|908000
2.5268258319661423|909000
2.5268258319661423|910000
2.5268258319661423|911000
2.5268258319661423|912000
2.5268258319661423|913000
2.5268258319661423|914000
2.5268258319661423|915000
2.5268258319661423|916000
2.5268258319661423|917000
2.5268258319661423|918000
2.5268258319661423|919000
2.5268258319661423|920000
2.5268258319661423|921000
2.5268258319661423|922000
2.5268258319661423|923000
2.5268258319661423|924000
2.5268258319661423|925000
2.5268258319661423|926000
2.5268258319661423|927000
2.5268258319661423|928000
2.5268258319661423|929000
2.5268258319661423|930000
2.5268258319661423|931000
2.5268258319661423|932000
2.5268258319661423|933000
2.5268258319661423|934000
2.5268258319661423|935000
2.5268258319661423|936000
2.5268258319661423|937000
2.5268258319661423|938000
2.5268258319661423|939000
2.5268258319661423|940000
2.5268258319661423|941000
2.5268258319661423|942000
2.5268258319661423|943000
2.5268258319661423|944000
2.5268258319661423|945000
2.5268258319661423|946000
2.5268258319661423|947000
2.5268258319661423|948000
2.5268258319661423|949000
2.5268258319661423|950000
2.5268258319661423|951000
2.5268258319661423|952000
2.5268258319661423|953000
2.5268258319661423|954000
2.5268258319661423|955000
2.5268258319661423|956000
2.5268258319661423|957000
2.5268258319661423|958000
2.5268258319661423|959000
2.5268258319661423|960000
2.5268258319661423|961000
2.5268258319661423|962000
2.5268258319661423|963000
2.5268258319661423|964000
2.5268258319661423|965000
2.5268258319661423|966000
2.5268258319661423|967000
2.5268258319661423|968000
2.5268258319661423|969000
2.5268258319661423|970000
2.5268258319661423|971000
2.5268258319661423|972000
2.5268258319661423|973000
2.5268258319661423|974000
2.5268258319661423|975000
2.5268258319661423|976000
2.5268258319661423|977000
2.5268258319661423|978000
2.5268258319661423|979000
2.5268258319661423|980000
2.5268258319661423|981000
2.5268258319661423|982000
2.5268258319661423|983000
2.5268258319661423|984000
2.5268258319661423|985000
2.5268258319661423|986000
2.5268258319661423|987000
2.5268258319661423|988000
2.5268258319661423|989000
2.5268258319661423|990000
2.5268258319661423|991000
2.5268258319661423|992000
2.5268258319661423|993000
2.5268258319661423|994000
2.5268258319661423|995000
2.5268258319661423|996000
2.5268258319661423|997000
2.5268258319661423|998000
2.5268258319661423|999000
2.5268258319661423|1000000
