14.180193499244055|2000
13.202793145027064|3000
13.202793145027064|4000
12.087087348286946|5000
12.087087348286946|6000
12.070379808942613|7000
11.69644833774134|8000
11.69644833774134|9000
11.66594415138284|10000
11.413576725780585|11000
11.413576725780585|12000
11.413576725780585|13000
11.413576725780585|14000
11.21215111355755|15000
11.13055579232751|16000
11.13055579232751|17000
10.612201989173387|18000
10.612201989173387|19000
10.612201989173387|20000
10.612201989173387|21000
10.116786507690104|22000
10.116786507690104|23000
10.116786507690104|24000
10.08409562189944|25000
9.635171254009059|26000
8.795336410578345|27000
8.795336410578345|28000
8.795336410578345|29000
8.795336410578345|30000
8.795336410578345|31000
8.795336410578345|32000
8.795336410578345|33000
8.795336410578345|34000
8.795336410578345|35000
8.795336410578345|36000
8.795336410578345|37000
8.795336410578345|38000
8.795336410578345|39000
8.795336410578345|40000
8.795336410578345|41000
8.795336410578345|42000
8.795336410578345|43000
8.795336410578345|44000
8.795336410578345|45000
8.392857166805154|46000
8.392857166805154|47000
8.392857166805154|48000
8.392857166805154|49000
8.392857166805154|50000
8.392857166805154|51000
8.392857166805154|52000
8.392857166805154|53000
8.392857166805154|54000
8.392857166805154|55000
8.392857166805154|56000
8.392857166805154|57000
8.392857166805154|58000
8.392857166805154|59000
8.392857166805154|60000
8.392857166805154|61000
8.392857166805154|62000
8.392857166805154|63000
8.392857166805154|64000
8.392857166805154|65000
8.392857166805154|66000
8.392857166805154|67000
8.392857166805154|68000
8.392857166805154|69000
8.392857166805154|70000
8.392857166805154|71000
8.272999404396908|72000
8.272999404396908|73000
8.272999404396908|74000
7.937683674874982|75000
7.937683674874982|76000
7.937683674874982|77000
7.937683674874982|78000
7.937683674874982|79000
7.937683674874982|80000
7.937683674874982|81000
7.937683674874982|82000
7.937683674874982|83000
7.937683674874982|84000
7.937683674874982|85000
7.937683674874982|86000
7.937683674874982|87000
7.937683674874982|88000
7.937683674874982|89000
7.937683674874982|90000
7.937683674874982|91000
7.937683674874982|92000
7.937683674874982|93000
7.937683674874982|94000
7.937683674874982|95000
7.937683674874982|96000
7.937683674874982|97000
7.937683674874982|98000
7.937683674874982|99000
7.937683674874982|100000
7.937683674874982|101000
7.937683674874982|102000
7.937683674874982|103000
7.937683674874982|104000
7.937683674874982|105000
7.937683674874982|106000
7.937683674874982|107000
7.937683674874982|108000
7.937683674874982|109000
7.8117575664905585|110000
7.8117575664905585|111000
7.8117575664905585|112000
7.8117575664905585|113000
7.8117575664905585|114000
7.8117575664905585|115000
7.8117575664905585|116000
7.30391599902091|117000
7.30391599902091|118000
7.30391599902091|119000
7.30391599902091|120000
7.30391599902091|121000
7.30391599902091|122000
6.984302245604853|123000
6.984302245604853|124000
6.984302245604853|125000
6.984302245604853|126000
6.984302245604853|127000
6.984302245604853|128000
6.984302245604853|129000
6.984302245604853|130000
6.984302245604853|131000
6.984302245604853|132000
6.984302245604853|133000
6.984302245604853|134000
6.984302245604853|135000
6.984302245604853|136000
6.984302245604853|137000
6.984302245604853|138000
6.984302245604853|139000
6.687279702285721|140000
6.687279702285721|141000
6.687279702285721|142000
6.687279702285721|143000
6.687279702285721|144000
6.687279702285721|145000
6.687279702285721|146000
6.687279702285721|147000
6.687279702285721|148000
6.687279702285721|149000
6.687279702285721|150000
6.687279702285721|151000
6.687279702285721|152000
6.687279702285721|153000
6.687279702285721|154000
6.687279702285721|155000
6.687279702285721|156000
6.687279702285721|157000
6.687279702285721|158000
6.687279702285721|159000
6.687279702285721|160000
6.687279702285721|161000
6.687279702285721|162000
6.687279702285721|163000
6.687279702285721|164000
6.687279702285721|165000
6.687279702285721|166000
6.687279702285721|167000
6.687279702285721|168000
6.687279702285721|169000
6.687279702285721|170000
6.687279702285721|171000
6.687279702285721|172000
6.687279702285721|173000
6.687279702285721|174000
6.687279702285721|175000
6.687279702285721|176000
6.687279702285721|177000
6.687279702285721|178000
6.687279702285721|179000
6.687279702285721|180000
6.687279702285721|181000
6.687279702285721|182000
6.687279702285721|183000
6.687279702285721|184000
6.687279702285721|185000
6.687279702285721|186000
6.687279702285721|187000
6.687279702285721|188000
6.687279702285721|189000
6.687279702285721|190000
6.687279702285721|191000
6.687279702285721|192000
6.687279702285721|193000
6.687279702285721|194000
6.687279702285721|195000
6.687279702285721|196000
6.687279702285721|197000
6.687279702285721|198000
6.687279702285721|199000
6.687279702285721|200000
6.687279702285721|201000
6.687279702285721|202000
6.687279702285721|203000
6.687279702285721|204000
6.687279702285721|205000
6.687279702285721|206000
6.687279702285721|207000
6.687279702285721|208000
6.687279702285721|209000
6.687279702285721|210000
6.687279702285721|211000
6.687279702285721|212000
6.687279702285721|213000
6.687279702285721|214000
6.687279702285721|215000
6.658356524901404|216000
5.606796366409908|217000
5.606796366409908|218000
5.606796366409908|219000
5.606796366409908|220000
5.606796366409908|221000
5.606796366409908|222000
5.606796366409908|223000
5.606796366409908|224000
5.606796366409908|225000
5.606796366409908|226000
5.606796366409908|227000
5.606796366409908|228000
5.606796366409908|229000
5.606796366409908|230000
5.606796366409908|231000
5.606796366409908|232000
5.606796366409908|233000
5.606796366409908|234000
5.606796366409908|235000
5.606796366409908|236000
5.606796366409908|237000
5.606796366409908|238000
5.606796366409908|239000
5.606796366409908|240000
5.606796366409908|241000
5.606796366409908|242000
5.606796366409908|243000
5.606796366409908|244000
5.606796366409908|245000
5.606796366409908|246000
5.606796366409908|247000
5.564612277421735|248000
5.564612277421735|249000
5.564612277421735|250000
5.564612277421735|251000
5.564612277421735|252000
5.564612277421735|253000
5.4809066035221266|254000
5.4809066035221266|255000
5.4809066035221266|256000
5.4809066035221266|257000
5.4809066035221266|258000
5.460191596366766|259000
5.070351662466188|260000
5.070351662466188|261000
5.070351662466188|262000
5.070351662466188|263000
5.070351662466188|264000
5.070351662466188|265000
5.070351662466188|266000
5.058021925443454|267000
5.058021925443454|268000
5.058021925443454|269000
4.817665033571922|270000
4.817665033571922|271000
4.817665033571922|272000
4.817665033571922|273000
4.817665033571922|274000
4.817665033571922|275000
4.817665033571922|276000
4.817665033571922|277000
4.817665033571922|278000
4.817665033571922|279000
4.817665033571922|280000
4.771910124951339|281000
4.768865515514355|282000
4.768865515514355|283000
4.759493243367869|284000
4.759493243367869|285000
4.734545539956379|286000
4.6666094120953865|287000
4.313861191766988|288000
4.313861191766988|289000
4.313861191766988|290000
4.313861191766988|291000
4.313861191766988|292000
4.313861191766988|293000
4.132382111494627|294000
4.132382111494627|295000
4.132382111494627|296000
4.132382111494627|297000
4.132382111494627|298000
4.132382111494627|299000
4.132382111494627|300000
4.132382111494627|301000
4.132382111494627|302000
4.132382111494627|303000
4.132382111494627|304000
4.132382111494627|305000
4.132382111494627|306000
4.132382111494627|307000
4.128143171777108|308000
4.128143171777108|309000
4.128143171777108|310000
4.128143171777108|311000
4.07718741112303|312000
4.07718741112303|313000
4.023959129541282|314000
4.015898510644113|315000
3.9712706503106485|316000
3.9712706503106485|317000
3.9712706503106485|318000
3.9712706503106485|319000
3.956735566844696|320000
3.956735566844696|321000
3.920337549703522|322000
3.920337549703522|323000
3.920337549703522|324000
3.920337549703522|325000
3.8729126634332114|326000
3.8729126634332114|327000
3.8729126634332114|328000
3.859428263354847|329000
3.859428263354847|330000
3.859428263354847|331000
3.859428263354847|332000
3.859428263354847|333000
3.8099204935901008|334000
3.8016049088094492|335000
3.8016049088094492|336000
3.8016049088094492|337000
3.8016049088094492|338000
3.8004268111985082|339000
3.783692061512732|340000
3.705601034999612|341000
3.705601034999612|342000
3.705601034999612|343000
3.705601034999612|344000
3.6993069911234344|345000
3.6924067624965886|346000
3.6924067624965886|347000
3.6924067624965886|348000
3.5440907445859|349000
3.5440907445859|350000
3.5440907445859|351000
3.5440907445859|352000
3.5440907445859|353000
3.5440907445859|354000
3.5440907445859|355000
3.5440907445859|356000
3.5440907445859|357000
3.5440907445859|358000
3.5440907445859|359000
3.5440907445859|360000
3.5440907445859|361000
3.5440907445859|362000
3.5440907445859|363000
3.5440907445859|364000
3.5440907445859|365000
3.5440907445859|366000
3.5151624507021855|367000
3.5151624507021855|368000
3.5151624507021855|369000
3.5151624507021855|370000
3.5151624507021855|371000
3.5151624507021855|372000
3.5151624507021855|373000
3.5151624507021855|374000
3.5151624507021855|375000
3.5052528432384524|376000
3.505244826190595|377000
3.505244826190595|378000
3.495135955317945|379000
3.495135955317945|380000
3.495135955317945|381000
3.490518269765097|382000
3.490518269765097|383000
3.478548846563818|384000
3.4638105735349947|385000
3.4638105735349947|386000
3.4638105735349947|387000
3.4638105735349947|388000
3.4473031699595382|389000
3.4417609717436832|390000
3.4417609717436832|391000
3.4417609717436832|392000
3.434789777954022|393000
3.434789777954022|394000
3.4316932277156478|395000
3.4316932277156478|396000
3.4316932277156478|397000
3.4144428437921226|398000
3.4144428437921226|399000
3.4144428437921226|400000
3.4144428437921226|401000
3.4144428437921226|402000
3.3815289401946176|403000
3.3815289401946176|404000
3.3815289401946176|405000
3.3815289401946176|406000
3.3815289401946176|407000
3.3815289401946176|408000
3.3802988743364217|409000
3.3802988743364217|410000
3.3765291756700266|411000
3.347384970738917|412000
3.347384970738917|413000
3.347384970738917|414000
3.3464307777675333|415000
3.3464307777675333|416000
3.3464307777675333|417000
3.3436152720725216|418000
3.3436152720725216|419000
3.3436152720725216|420000
3.3436152720725216|421000
3.3436152720725216|422000
3.3436152720725216|423000
3.3436152720725216|424000
3.3436152720725216|425000
3.3436152720725216|426000
3.3362818826328198|427000
3.3362802342474915|428000
3.3362802342474915|429000
3.3362802342474915|430000
3.3362802342474915|431000
3.3181677248783332|432000
3.3181677248783332|433000
3.3181677248783332|434000
3.3181677248783332|435000
3.3181677248783332|436000
3.3161451822247665|437000
3.3161451822247665|438000
3.3161451822247665|439000
3.3161451822247665|440000
3.3161451822247665|441000
3.3161451822247665|442000
3.3161451822247665|443000
3.3161451822247665|444000
3.3161451822247665|445000
3.240066971947559|446000
3.240066971947559|447000
3.240066971947559|448000
3.240066971947559|449000
3.240066971947559|450000
3.2327319341225293|451000
3.2067501678225563|452000
3.2067501678225563|453000
3.2067501678225563|454000
3.2067501678225563|455000
3.2067501678225563|456000
3.2067501678225563|457000
3.2067501678225563|458000
3.2067501678225563|459000
3.2067501678225563|460000
3.2067501678225563|461000
3.2067501678225563|462000
3.1994151299975266|463000
3.1994151299975266|464000
3.1994151299975266|465000
3.1622510908363504|466000
3.1622510908363504|467000
3.1622510908363504|468000
3.1622510908363504|469000
3.1622510908363504|470000
3.1622510908363504|471000
3.1622510908363504|472000
3.1576334052835024|473000
3.1576334052835024|474000
3.1038948214995594|475000
3.1038948214995594|476000
3.1038948214995594|477000
3.1038948214995594|478000
3.1038948214995594|479000
3.1038948214995594|480000
3.1038948214995594|481000
3.1038948214995594|482000
3.1038948214995594|483000
3.1038948214995594|484000
3.1038948214995594|485000
3.1038948214995594|486000
3.1038948214995594|487000
3.103894460362593|488000
3.103894460362593|489000
3.103894460362593|490000
3.103894460362593|491000
3.103894460362593|492000
3.1038944603625924|493000
3.1038944603625924|494000
3.1038944603625924|495000
3.1038944603625924|496000
3.1038944603625924|497000
3.1038944603625924|498000
3.1038944603625924|499000
3.0653341689836204|500000
3.0653341689836204|501000
3.0653341689836204|502000
3.0653341689836204|503000
3.0653341689836204|504000
3.06533416898362|505000
3.06533416898362|506000
3.06533416898362|507000
3.0653338078466534|508000
3.0653338078466534|509000
3.0653338078466534|510000
3.0653338078466534|511000
3.0653338078466534|512000
3.0653338078466534|513000
3.0653338078466534|514000
3.0653338078466534|515000
3.0653338078466534|516000
3.0308914466417884|517000
3.0308914466417884|518000
3.0308914466417884|519000
3.0307113167920625|520000
3.0307113167920625|521000
3.0307113167920625|522000
3.0270575020642956|523000
3.0270575020642956|524000
3.0270575020642956|525000
3.0216285234781126|526000
2.9890760355186723|527000
2.9890760355186723|528000
2.9890760355186723|529000
2.9890760355186723|530000
2.9890760355186723|531000
2.9890760355186723|532000
2.9890760355186723|533000
2.9890760355186723|534000
2.9890760355186723|535000
2.9890760355186723|536000
2.9890760355186723|537000
2.8356741826718017|538000
2.8356741826718017|539000
2.8356741826718017|540000
2.8356741826718017|541000
2.8356741826718017|542000
2.8356741826718017|543000
2.8356741826718017|544000
2.8356741826718017|545000
2.8356741826718017|546000
2.8301271926586358|547000
2.8301271926586358|548000
2.8301271926586358|549000
2.8301271926586358|550000
2.8301271926586358|551000
2.8301271926586358|552000
2.8301271926586358|553000
2.8301271926586358|554000
2.8301271926586358|555000
2.8301271926586358|556000
2.8301267350929327|557000
2.7944434117525323|558000
2.7944434117525323|559000
2.7944434117525323|560000
2.7944434117525323|561000
2.7944434117525323|562000
2.7944434117525323|563000
2.7944434117525323|564000
2.7944434117525323|565000
2.7944434117525323|566000
2.7944434117525323|567000
2.7944434117525323|568000
2.7944434117525323|569000
2.7944434117525323|570000
2.7944434117525323|571000
2.7944434117525323|572000
2.7944434117525323|573000
2.794443411752532|574000
2.7735496402587305|575000
2.7735496402587305|576000
2.7735496402587305|577000
2.7735496402587305|578000
2.7735496402587305|579000
2.7735496402587305|580000
2.7735496402587305|581000
2.7735496402587305|582000
2.7735496402587305|583000
2.7389135186153233|584000
2.7389135186153233|585000
2.7389135186153233|586000
2.7389135186153233|587000
2.7389135186153233|588000
2.7389135186153233|589000
2.7389135186153233|590000
2.7389135186153233|591000
2.7389135186153233|592000
2.7389135186153233|593000
2.7389135186153233|594000
2.7389135186153233|595000
2.724854564621751|596000
2.724854564621751|597000
2.724854564621751|598000
2.724854564621751|599000
2.724854564621751|600000
2.724854564621751|601000
2.724854564621751|602000
2.724854564621751|603000
2.724854564621751|604000
2.724854564621751|605000
2.724854564621751|606000
2.7125649455788414|607000
2.7125649455788414|608000
2.7125649455788414|609000
2.7125649455788414|610000
2.7125649455788414|611000
2.7125649455788414|612000
2.7125649455788414|613000
2.7125649455788414|614000
2.7125649455788414|615000
2.7125649455788414|616000
2.7125649455788414|617000
2.7125649455788414|618000
2.7125649455788414|619000
2.7125649455788414|620000
2.7125649455788414|621000
2.7125649455788414|622000
2.7125649455788414|623000
2.7125649455788414|624000
2.7017855847870824|625000
2.7017855847870824|626000
2.7017855847870824|627000
2.7017855847870824|628000
2.7017855847870824|629000
2.7017855847870824|630000
2.7017855847870824|631000
2.7017855847870824|632000
2.7017855847870824|633000
2.7017855847870824|634000
2.7017855847870824|635000
2.7017855847870824|636000
2.7017855847870824|637000
2.7017855847870824|638000
2.7017855847870824|639000
2.7017855847870824|640000
2.7017855847870824|641000
2.7017855847870824|642000
2.7017855847870824|643000
2.7017855847870824|644000
2.7017855847870824|645000
2.7017855847870824|646000
2.7017855847870824|647000
2.7017855847870824|648000
2.7017855847870824|649000
2.7017855847870824|650000
2.7017855847870824|651000
2.7017855847870824|652000
2.7017855847870824|653000
2.7017855847870824|654000
2.7017855847870824|655000
2.7017855847870824|656000
2.7017855847870824|657000
2.7017855847870824|658000
2.7017855847870824|659000
2.7017855847870824|660000
2.7017855847870824|661000
2.7017855847870824|662000
2.7017855847870824|663000
2.7017757402087885|664000
2.7017757402087885|665000
2.7017757402087885|666000
2.7017757402087885|667000
2.7017757402087885|668000
2.7017757402087885|669000
2.7017757402087885|670000
2.7017757402087885|671000
2.7017757402087885|672000
2.7017757402087885|673000
2.674472971841071|674000
2.674472971841071|675000
2.674472971841071|676000
2.674472971841071|677000
2.674472971841071|678000
2.674472971841071|679000
2.674472971841071|680000
2.674472971841071|681000
2.674472971841071|682000
2.674472971841071|683000
2.674472971841071|684000
2.674472971841071|685000
2.674472971841071|686000
2.674472971841071|687000
2.674472971841071|688000
2.674472971841071|689000
2.674472971841071|690000
2.674472971841071|691000
2.674472971841071|692000
2.674472971841071|693000
2.674472971841071|694000
2.674472971841071|695000
2.674472971841071|696000
2.674472971841071|697000
2.674472971841071|698000
2.674472971841071|699000
2.674472971841071|700000
2.674472971841071|701000
2.674472971841071|702000
2.674472971841071|703000
2.674472971841071|704000
2.674472971841071|705000
2.674472971841071|706000
2.674472971841071|707000
2.674472971841071|708000
2.674472971841071|709000
2.674472971841071|710000
2.674472971841071|711000
2.674472971841071|712000
2.674472971841071|713000
2.674472971841071|714000
2.674472971841071|715000
2.674472971841071|716000
2.674472971841071|717000
2.674472971841071|718000
2.674472971841071|719000
2.674472971841071|720000
2.674472971841071|721000
2.674472971841071|722000
2.674472971841071|723000
2.674472971841071|724000
2.674472971841071|725000
2.674472971841071|726000
2.674472971841071|727000
2.674472971841071|728000
2.674472971841071|729000
2.674472971841071|730000
2.674472971841071|731000
2.674472971841071|732000
2.674472971841071|733000
2.674472971841071|734000
2.674472971841071|735000
2.674472971841071|736000
2.674472971841071|737000
2.674472971841071|738000
2.674472971841071|739000
2.674472971841071|740000
2.674472971841071|741000
2.674472971841071|742000
2.674472971841071|743000
2.674472971841071|744000
2.674472971841071|745000
2.674472971841071|746000
2.674472971841071|747000
2.674472971841071|748000
2.674472971841071|749000
2.674472971841071|750000
2.674472971841071|751000
2.674472971841071|752000
2.674472971841071|753000
2.674472971841071|754000
2.674472971841071|755000
2.674472971841071|756000
2.674472971841071|757000
2.674472971841071|758000
2.674472971841071|759000
2.674472971841071|760000
2.674472971841071|761000
2.674472971841071|762000
2.674472971841071|763000
2.674472971841071|764000
2.674472971841071|765000
2.674472971841071|766000
2.674472971841071|767000
2.674472971841071|768000
2.674472971841071|769000
2.674472971841071|770000
2.674472971841071|771000
2.674472971841071|772000
2.674472971841071|773000
2.674472971841071|774000
2.674472971841071|775000
2.674472971841071|776000
2.674472971841071|777000
2.674472971841071|778000
2.674472971841071|779000
2.674472971841071|780000
2.674472971841071|781000
2.674472971841071|782000
2.674472971841071|783000
2.674472971841071|784000
2.674472971841071|785000
2.674472971841071|786000
2.674472971841071|787000
2.674472971841071|788000
2.674472971841071|789000
2.674472971841071|790000
2.674472971841071|791000
2.674472971841071|792000
2.674472971841071|793000
2.674472971841071|794000
2.674472971841071|795000
2.674472971841071|796000
2.674472971841071|797000
2.674472971841071|798000
2.674472971841071|799000
2.674472971841071|800000
2.674472971841071|801000
2.674472971841071|802000
2.674472971841071|803000
2.674472971841071|804000
2.674472971841071|805000
2.674472971841071|806000
2.674472971841071|807000
2.674472971841071|808000
2.674472971841071|809000
2.674472971841071|810000
2.674472971841071|811000
2.674472971841071|812000
2.674472971841071|813000
2.674472971841071|814000
2.674472971841071|815000
2.674472971841071|816000
2.674472971841071|817000
2.674472971841071|818000
2.674472971841071|819000
2.674472971841071|820000
2.674472971841071|821000
2.674472971841071|822000
2.674472971841071|823000
2.674472971841071|824000
2.674472971841071|825000
2.674472971841071|826000
2.674472971841071|827000
2.674472971841071|828000
2.674472971841071|829000
2.674472971841071|830000
2.674472971841071|831000
2.674472971841071|832000
2.674472971841071|833000
2.674472971841071|834000
2.674472971841071|835000
2.674472971841071|836000
2.674472971841071|837000
2.674472971841071|838000
2.674472971841071|839000
2.674472971841071|840000
2.674472971841071|841000
2.674472971841071|842000
2.674472971841071|843000
2.674472971841071|844000
2.674472971841071|845000
2.674472971841071|846000
2.674472971841071|847000
2.674472971841071|848000
2.674472971841071|849000
2.674472971841071|850000
2.674472971841071|851000
2.674472971841071|852000
2.674472971841071|853000
2.674472971841071|854000
2.674472971841071|855000
2.674472971841071|856000
2.674472971841071|857000
2.674472971841071|858000
2.674472971841071|859000
2.674472971841071|860000
2.674472971841071|861000
2.674472971841071|862000
2.674472971841071|863000
2.674472971841071|864000
2.674472971841071|865000
2.674472971841071|866000
2.674472971841071|867000
2.674472971841071|868000
2.674472971841071|869000
2.674472971841071|870000
2.674472971841071|871000
2.674472971841071|872000
2.674472971841071|873000
2.674472971841071|874000
2.674472971841071|875000
2.674472971841071|876000
2.674472971841071|877000
2.674472971841071|878000
2.674472971841071|879000
2.674472971841071|880000
2.674472971841071|881000
2.674472971841071|882000
2.674472971841071|883000
2.674472971841071|884000
2.674472971841071|885000
2.674472971841071|886000
2.674472971841071|887000
2.674472971841071|888000
2.674472971841071|889000
2.674472971841071|890000
2.674472971841071|891000
2.674472971841071|892000
2.674472971841071|893000
2.674472971841071|894000
2.674472971841071|895000
2.674472971841071|896000
2.674472971841071|897000
2.648356368413528|898000
2.648356368413528|899000
2.648356368413528|900000
2.648356368413528|901000
2.648356368413528|902000
2.648356368413528|903000
2.648356368413528|904000
2.648356368413528|905000
2.648356368413528|906000
2.648356368413528|907000
2.648356368413528|908000
2.633312539650321|909000
2.633312539650321|910000
2.633312539650321|911000
2.633312539650321|912000
2.633312539650321|913000
2.633312539650321|914000
2.633312539650321|915000
2.633312539650321|916000
2.633312539650321|917000
2.633312539650321|918000
2.633312539650321|919000
2.633312539650321|920000
2.633312539650321|921000
2.633312539650321|922000
2.633312539650321|923000
2.633312539650321|924000
2.633312539650321|925000
2.633312539650321|926000
2.633312539650321|927000
2.5809676489957503|928000
2.5809676489957503|929000
2.5809676489957503|930000
2.5809676489957503|931000
2.5809676489957503|932000
2.5809676489957503|933000
2.5809676489957503|934000
2.5809676489957503|935000
2.5809676489957503|936000
2.5809676489957503|937000
2.5809676489957503|938000
2.5809676489957503|939000
2.5809676489957503|940000
2.5809676489957503|941000
2.5809676489957503|942000
2.58096764899575|943000
2.58096764899575|944000
2.58096764899575|945000
2.58096764899575|946000
2.58096764899575|947000
2.58096764899575|948000
2.58096764899575|949000
2.58096764899575|950000
2.58096764899575|951000
2.58096764899575|952000
2.58096764899575|953000
2.58096764899575|954000
2.58096764899575|955000
2.58096764899575|956000
2.58096764899575|957000
2.58096764899575|958000
2.58096764899575|959000
2.58096764899575|960000
2.58096764899575|961000
2.58096764899575|962000
2.58096764899575|963000
2.58096764899575|964000
2.58096764899575|965000
2.58096764899575|966000
2.58096764899575|967000
2.58096764899575|968000
2.58096764899575|969000
2.58096764899575|970000
2.58096764899575|971000
2.58096764899575|972000
2.58096764899575|973000
2.58096764899575|974000
2.58096764899575|975000
2.58096764899575|976000
2.58096764899575|977000
2.58096764899575|978000
2.58096764899575|979000
2.58096764899575|980000
2.58096764899575|981000
2.58096764899575|982000
2.58096764899575|983000
2.58096764899575|984000
2.58096764899575|985000
2.58096764899575|986000
2.58096764899575|987000
2.58096764899575|988000
2.58096764899575|989000
2.58096764899575|990000
2.58096764899575|991000
2.58096764899575|992000
2.58096764899575|993000
2.58096764899575|994000
2.58096764899575|995000
2.58096764899575|996000
2.58096764899575|997000
2.58096764899575|998000
2.58096764899575|999000
2.58096764899575|1000000
