15.859912511356846|1010
7.023355220989969|2010
5.8249614520274005|3010
5.513053295745506|4010
5.28453978191672|5010
4.729723500305746|6010
4.376666582361652|7010
4.272434901200539|8010
4.231719454005269|9010
3.8941958405424377|10010
3.693504111682831|11010
3.570073023831401|12010
3.5101145046388207|13010
3.474696122461412|14010
3.44187715660363|15010
3.344674829599871|16010
3.344674829599871|17010
3.3446748295998705|18010
3.3446748295998705|19010
3.021067911712445|20010
3.021067911712445|21010
3.021067911712445|22010
3.021067911712445|23010
3.021067911712445|24010
3.021067911712445|25010
3.021067911712445|26010
3.021067911712445|27010
3.021067911712445|28010
3.021067911712445|29010
3.021067911712445|30010
3.021067911712445|31010
3.0078036518708866|32010
3.0078036518708866|33010
3.0078036518708866|34010
2.996208753062315|35010
2.996208753062315|36010
2.996208753062315|37010
2.9946233255628263|38010
2.9946233255628263|39010
2.9946233255628263|40010
2.9946233255628263|41010
2.9946233255628263|42010
2.9946233255628263|43010
2.9946233255628263|44010
2.9946233255628263|45010
2.9946233255628263|46010
2.9946233255628263|47010
2.9946233255628263|48010
2.9946233255628263|49010
2.9946233255628263|50010
2.9946233255628263|51010
2.9946233255628263|52010
2.9946233255628263|53010
2.9946233255628263|54010
2.9946233255628263|55010
2.9946233255628263|56010
2.9946233255628263|57010
2.9946233255628263|58010
2.9946233255628263|59010
2.9946233255628263|60010
2.9946233255628263|61010
2.9946233255628263|62010
2.9946233255628263|63010
2.9946233255628263|64010
2.9946233255628263|65010
2.9946233255628263|66010
2.9946233255628263|67010
2.9946233255628263|68010
2.9946233255628263|69010
2.9946233255628263|70010
2.9946233255628263|71010
2.9946233255628263|72010
2.9946233255628263|73010
2.9946233255628263|74010
2.9946233255628263|75010
2.9946233255628263|76010
2.9946233255628263|77010
2.9946233255628263|78010
2.9946233255628263|79010
2.9946233255628263|80010
2.9946233255628263|81010
2.9946233255628263|82010
2.9946233255628263|83010
2.9946233255628263|84010
2.9946233255628263|85010
2.9946233255628263|86010
2.9946233255628263|87010
2.9946233255628263|88010
2.9946233255628263|89010
2.9946233255628263|90010
2.9946233255628263|91010
2.9946233255628263|92010
2.9946233255628263|93010
2.9946233255628263|94010
2.9946233255628263|95010
2.9946233255628263|96010
2.9946233255628263|97010
2.9946233255628263|98010
2.9946233255628263|99010
2.9946233255628263|100010
2.9946233255628263|101010
2.9946233255628263|102010
2.9946233255628263|103010
2.9946233255628263|104010
2.9946233255628263|105010
2.9946233255628263|106010
2.9946233255628263|107010
2.9946233255628263|108010
2.9946233255628263|109010
2.9946233255628263|110010
2.9946233255628263|111010
2.9946233255628263|112010
2.9946233255628263|113010
2.9946233255628263|114010
2.9946233255628263|115010
2.9946233255628263|116010
2.9946233255628263|117010
2.9946233255628263|118010
2.9946233255628263|119010
2.9946233255628263|120010
2.9946233255628263|121010
2.9946233255628263|122010
2.9946233255628263|123010
2.9946233255628263|124010
2.9946233255628263|125010
2.9946233255628263|126010
2.9946233255628263|127010
2.9946233255628263|128010
2.9946233255628263|129010
2.9946233255628263|130010
2.9946233255628263|131010
2.9946233255628263|132010
2.9946233255628263|133010
2.9946233255628263|134010
2.9946233255628263|135010
2.9946233255628263|136010
2.9946233255628263|137010
2.9946233255628263|138010
2.9946233255628263|139010
2.9946233255628263|140010
2.9946233255628263|141010
2.9946233255628263|142010
2.9946233255628263|143010
2.9946233255628263|144010
2.9946233255628263|145010
2.9946233255628263|146010
2.9946233255628263|147010
2.9946233255628263|148010
2.9946233255628263|149010
2.9946233255628263|150010
2.9946233255628263|151010
2.9946233255628263|152010
2.9946233255628263|153010
2.9946233255628263|154010
2.9946233255628263|155010
2.9946233255628263|156010
2.9946233255628263|157010
2.9946233255628263|158010
2.9946233255628263|159010
2.9946233255628263|160010
2.9946233255628263|161010
2.9946233255628263|162010
2.9946233255628263|163010
2.9946233255628263|164010
2.9946233255628263|165010
2.9946233255628263|166010
2.9946233255628263|167010
2.9946233255628263|168010
2.9946233255628263|169010
2.9946233255628263|170010
2.9946233255628263|171010
2.9946233255628263|172010
2.9946233255628263|173010
2.9946233255628263|174010
2.9946233255628263|175010
2.9946233255628263|176010
2.9946233255628263|177010
2.9946233255628263|178010
2.9946233255628263|179010
2.9946233255628263|180010
2.9946233255628263|181010
2.9946233255628263|182010
2.9946233255628263|183010
2.9946233255628263|184010
2.9946233255628263|185010
2.9946233255628263|186010
2.9946233255628263|187010
2.9946233255628263|188010
2.9946233255628263|189010
2.9946233255628263|190010
2.9946233255628263|191010
2.9946233255628263|192010
2.9946233255628263|193010
2.9946233255628263|194010
2.9946233255628263|195010
2.9946233255628263|196010
2.9946233255628263|197010
2.9946233255628263|198010
2.9946233255628263|199010
2.9946233255628263|200010
2.9946233255628263|201010
2.9946233255628263|202010
2.9946233255628263|203010
2.9946233255628263|204010
2.9946233255628263|205010
2.9946233255628263|206010
2.9946233255628263|207010
2.9946233255628263|208010
2.9946233255628263|209010
2.9946233255628263|210010
2.9946233255628263|211010
2.9946233255628263|212010
2.9946233255628263|213010
2.9946233255628263|214010
2.9946233255628263|215010
2.9946233255628263|216010
2.9946233255628263|217010
2.9946233255628263|218010
2.9946233255628263|219010
2.9946233255628263|220010
2.9946233255628263|221010
2.9946233255628263|222010
2.9946233255628263|223010
2.9946233255628263|224010
2.9946233255628263|225010
2.9946233255628263|226010
2.9946233255628263|227010
2.9946233255628263|228010
2.9946233255628263|229010
2.9946233255628263|230010
2.9946233255628263|231010
2.9946233255628263|232010
2.9946233255628263|233010
2.9946233255628263|234010
2.9946233255628263|235010
2.9946233255628263|236010
2.9946233255628263|237010
2.9946233255628263|238010
2.9946233255628263|239010
2.9946233255628263|240010
2.9946233255628263|241010
2.9946233255628263|242010
2.9946233255628263|243010
2.9946233255628263|244010
2.9946233255628263|245010
2.9946233255628263|246010
2.9946233255628263|247010
2.9946233255628263|248010
2.9946233255628263|249010
2.9946233255628263|250010
2.9946233255628263|251010
2.9946233255628263|252010
2.9946233255628263|253010
2.9946233255628263|254010
2.9946233255628263|255010
2.9946233255628263|256010
2.9946233255628263|257010
2.9946233255628263|258010
2.9946233255628263|259010
2.9946233255628263|260010
2.9946233255628263|261010
2.9946233255628263|262010
2.9946233255628263|263010
2.9946233255628263|264010
2.9946233255628263|265010
2.9946233255628263|266010
2.9946233255628263|267010
2.9946233255628263|268010
2.9946233255628263|269010
2.9946233255628263|270010
2.9946233255628263|271010
2.9946233255628263|272010
2.9946233255628263|273010
2.9946233255628263|274010
2.9946233255628263|275010
2.979207853920122|276010
2.979207853920122|277010
2.9792023347172956|278010
2.9792023347172956|279010
2.9792023347172956|280010
2.9792023347172956|281010
2.9792023347172956|282010
2.9792023347172956|283010
2.9792023347172956|284010
2.9792023347172956|285010
2.9792023347172956|286010
2.979193608589445|287010
2.979193608589445|288010
2.979193608589445|289010
2.979193608589445|290010
2.979193608589445|291010
2.979193608589445|292010
2.979193608589445|293010
2.979193608589445|294010
2.979193608589445|295010
2.979193608589445|296010
2.979193608589445|297010
2.979193608589445|298010
2.979193608589445|299010
2.979193608589445|300010
2.979193608589445|301010
2.979193608589445|302010
2.979193608589445|303010
2.979193608589445|304010
2.979193608589445|305010
2.979193608589445|306010
2.979193608589445|307010
2.979193608589445|308010
2.979193608589445|309010
2.979193608589445|310010
2.979193608589445|311010
2.979193608589445|312010
2.979193608589445|313010
2.979193608589445|314010
2.979193608589445|315010
2.979193608589445|316010
2.979193608589445|317010
2.979193608589445|318010
2.979193608589445|319010
2.979193608589445|320010
2.979193608589445|321010
2.979193608589445|322010
2.979193608589445|323010
2.979193608589445|324010
2.979193608589445|325010
2.979193608589445|326010
2.979193608589445|327010
2.979193608589445|328010
2.979193608589445|329010
2.979193608589445|330010
2.979193608589445|331010
2.979193608589445|332010
2.979193608589445|333010
2.979193608589445|334010
2.979193608589445|335010
2.979193608589445|336010
2.979193608589445|337010
2.979193608589445|338010
2.979193608589445|339010
2.979193608589445|340010
2.979193608589445|341010
2.979193608589445|342010
2.979193608589445|343010
2.979193608589445|344010
2.979193608589445|345010
2.979193608589445|346010
2.979193608589445|347010
2.979193608589445|348010
2.979193608589445|349010
2.979193608589445|350010
2.979193608589445|351010
2.979193608589445|352010
2.979193608589445|353010
2.979193608589445|354010
2.979193608589445|355010
2.979193608589445|356010
2.979193608589445|357010
2.979193608589445|358010
2.979193608589445|359010
2.979193608589445|360010
2.979193608589445|361010
2.979193608589445|362010
2.979193608589445|363010
2.9791434767902065|364010
2.9791434767902065|365010
2.9791434767902065|366010
2.9791434767902065|367010
2.9791434767902065|368010
2.9791434767902065|369010
2.9791434767902065|370010
2.9791434767902065|371010
2.9791434767902065|372010
2.9791434767902065|373010
2.9791434767902065|374010
2.9791434767902065|375010
2.9791434767902065|376010
2.9791434767902065|377010
2.9791434767902065|378010
2.9791434767902065|379010
2.9791434767902065|380010
2.9791434767902065|381010
2.9791434767902065|382010
2.9791434767902065|383010
2.9791434767902065|384010
2.9791434767902065|385010
2.9791434767902065|386010
2.9791434767902065|387010
2.9791434767902065|388010
2.9791434767902065|389010
2.9791434767902065|390010
2.9791434767902065|391010
2.9791434767902065|392010
2.9791434767902065|393010
2.9791434767902065|394010
2.9791434767902065|395010
2.9791434767902065|396010
2.9791434767902065|397010
2.9791434767902065|398010
2.9791434767902065|399010
2.9791434767902065|400010
2.9791434767902065|401010
2.9791434767902065|402010
2.9791434767902065|403010
2.9791434767902065|404010
2.9791434767902065|405010
2.9791434767902065|406010
2.9791434767902065|407010
2.9791434767902065|408010
2.9791434767902065|409010
2.9791434767902065|410010
2.9791434767902065|411010
2.9791434767902065|412010
2.9791434767902065|413010
2.9791434767902065|414010
2.9791434767902065|415010
2.9791434767902065|416010
2.9791434767902065|417010
2.9791434767902065|418010
2.9791434767902065|419010
2.9791434767902065|420010
2.9791434767902065|421010
2.9791434767902065|422010
2.9791434767902065|423010
2.9791434767902065|424010
2.9791434767902065|425010
2.9791434767902065|426010
2.9791434767902065|427010
2.9791434767902065|428010
2.9791434767902065|429010
2.9791434767902065|430010
2.9791434767902065|431010
2.9791434767902065|432010
2.9791434767902065|433010
2.9791434767902065|434010
2.9791434767902065|435010
2.9791434767902065|436010
2.9791434767902065|437010
2.9791434767902065|438010
2.9791434767902065|439010
2.9791434767902065|440010
2.9791434767902065|441010
2.9791434767902065|442010
2.9791434767902065|443010
2.9791434767902065|444010
2.9791434767902065|445010
2.9791434767902065|446010
2.9791434767902065|447010
2.9791434767902065|448010
2.9791434767902065|449010
2.9791434767902065|450010
2.9791434767902065|451010
2.9791434767902065|452010
2.9791434767902065|453010
2.9791434767902065|454010
2.9791434767902065|455010
2.9791434767902065|456010
2.9791434767902065|457010
2.9791434767902065|458010
2.9791434767902065|459010
2.9791434767902065|460010
2.9791434767902065|461010
2.9791434767902065|462010
2.9791434767902065|463010
2.9791434767902065|464010
2.9791434767902065|465010
2.9678721439374995|466010
2.9678721439374995|467010
2.9678721439374995|468010
2.9678721439374995|469010
2.9678721439374995|470010
2.9678721439374995|471010
2.9678721439374995|472010
2.9678721439374995|473010
2.9678721439374995|474010
2.9678721439374995|475010
2.9678721439374995|476010
2.9678721439374995|477010
2.9678721439374995|478010
2.9678721439374995|479010
2.9678721439374995|480010
2.9678721439374995|481010
2.9678721439374995|482010
2.9678721439374995|483010
2.9628647204677705|484010
2.9628647204677705|485010
2.9628647204677705|486010
2.9628647204677705|487010
2.9628647204677705|488010
2.9628647204677705|489010
2.9628647204677705|490010
2.9628647204677705|491010
2.9628647204677705|492010
2.9626363276658574|493010
2.9626363276658574|494010
2.9626363276658574|495010
2.9626363276658574|496010
2.9626363276658574|497010
2.9626363276658574|498010
2.9626363276658574|499010
2.9626363276658574|500010
2.9626363276658574|501010
2.962636327665856|502010
2.962636327665856|503010
2.962636327665856|504010
2.962636327665856|505010
2.962636327665856|506010
2.9597632604788644|507010
2.9597632604788644|508010
2.9597632604788644|509010
2.9597632604788644|510010
2.9597632604788644|511010
2.9597632604788635|512010
2.9597632604788635|513010
2.9597632604788635|514010
2.9597632604788635|515010
2.9597632604788635|516010
2.9597632604788635|517010
2.9597632604788635|518010
2.9597596117510037|519010
2.9597596117510037|520010
2.9597596117510037|521010
2.9597596117510037|522010
2.9597596117510037|523010
2.9597596117510037|524010
2.9597596117510037|525010
2.9597596117510037|526010
2.9597596117510037|527010
2.9597596117510037|528010
2.9597596117510037|529010
2.9597596117510037|530010
2.9597596117510037|531010
2.9597596117510037|532010
2.9597596117510037|533010
2.9597596117510037|534010
2.9597596117510037|535010
2.9597596117510037|536010
2.9597596117510037|537010
2.9597596117510037|538010
2.9597596117510037|539010
2.9597596117510037|540010
2.9597596117510037|541010
2.9597596117510037|542010
2.9597596117510037|543010
2.959759611751003|544010
2.959759611751003|545010
2.959759611751003|546010
2.959759611751003|547010
2.959759611751003|548010
2.959759611751003|549010
2.959759611751003|550010
2.959759611751003|551010
2.959759611751003|552010
2.959759611751003|553010
2.959759611751003|554010
2.959759611751003|555010
2.959759611751003|556010
2.959759611751003|557010
2.959759611751003|558010
2.959759611751003|559010
2.959759611751003|560010
2.959759611751003|561010
2.959759611751003|562010
2.959759611751003|563010
2.959759611751003|564010
2.959759611751003|565010
2.959759611751003|566010
2.959759611751003|567010
2.959759611751003|568010
2.959759611751003|569010
2.959759611751003|570010
2.959759611751003|571010
2.959759611751003|572010
2.959759611751003|573010
2.959759611751003|574010
2.959759611751003|575010
2.959759611751003|576010
2.959759611751003|577010
2.959759611751003|578010
2.959759611751003|579010
2.959759611751003|580010
2.959759611751003|581010
2.959759611751003|582010
2.959759611751003|583010
2.959759611751003|584010
2.959759611751003|585010
2.959759611751003|586010
2.959759611751003|587010
2.959759611751003|588010
2.959759611751003|589010
2.959759611751003|590010
2.959759611751003|591010
2.959759611751003|592010
2.959759611751003|593010
2.959759611751003|594010
2.959759611751003|595010
2.959759611751003|596010
2.959759611751003|597010
2.959759611751003|598010
2.959759611751003|599010
2.959759611751003|600010
2.959759611751003|601010
2.959759611751003|602010
2.959759611751003|603010
2.959759611751003|604010
2.959759611751003|605010
2.959759611751003|606010
2.959759611751003|607010
2.959759611751003|608010
2.959759611751003|609010
2.959759611751003|610010
2.959759611751003|611010
2.959759611751003|612010
2.959759611751003|613010
2.959759611751003|614010
2.959759611751003|615010
2.959759611751003|616010
2.959759611751003|617010
2.959759611751003|618010
2.959759611751003|619010
2.959759611751003|620010
2.959759611751003|621010
2.959759611751003|622010
2.959759611751003|623010
2.959759611751003|624010
2.959759611751003|625010
2.959759611751003|626010
2.959759611751003|627010
2.959759611751003|628010
2.959759611751003|629010
2.959759611751003|630010
2.959759611751003|631010
2.959759611751003|632010
2.959759611751003|633010
2.959759611751003|634010
2.959759611751003|635010
2.959759611751003|636010
2.959759611751003|637010
2.959759611751003|638010
2.959759611751003|639010
2.959759611751003|640010
2.959759611751003|641010
2.959759611751003|642010
2.959759611751003|643010
2.959759611751003|644010
2.959759611751003|645010
2.959759611751003|646010
2.959759611751003|647010
2.959759611751003|648010
2.959759611751003|649010
2.959759611751003|650010
2.959759611751003|651010
2.959759611751003|652010
2.959759611751003|653010
2.959759611751003|654010
2.959759611751003|655010
2.959759611751003|656010
2.959759611751003|657010
2.959759611751003|658010
2.959759611751003|659010
2.959759611751003|660010
2.959759611751003|661010
2.959759611751003|662010
2.959759611751003|663010
2.959759611751003|664010
2.959759611751003|665010
2.959759611751003|666010
2.959759611751003|667010
2.959759611751003|668010
2.959759611751003|669010
2.959759611751003|670010
2.959759611751003|671010
2.959759611751003|672010
2.959759611751003|673010
2.959759611751003|674010
2.959759611751003|675010
2.959759611751003|676010
2.959759611751003|677010
2.959759611751003|678010
2.959759611751003|679010
2.959759611751003|680010
2.959759611751003|681010
2.959759611751003|682010
2.959759611751003|683010
2.959759611751003|684010
2.959759611751003|685010
2.959759611751003|686010
2.959759611751003|687010
2.959759611751003|688010
2.959759611751003|689010
2.959759611751003|690010
2.959759611751003|691010
2.959759611751003|692010
2.959759611751003|693010
2.959759611751003|694010
2.959759611751003|695010
2.959759611751003|696010
2.959759611751003|697010
2.959759611751003|698010
2.959759611751003|699010
2.959759611751003|700010
2.959759611751003|701010
2.959759611751003|702010
2.959759611751003|703010
2.959759611751003|704010
2.959759611751003|705010
2.959759611751003|706010
2.959759611751003|707010
2.959759611751003|708010
2.959759611751003|709010
2.959759611751003|710010
2.959759611751003|711010
2.959759611751003|712010
2.959759611751003|713010
2.959759611751003|714010
2.959759611751003|715010
2.959759611751003|716010
2.959759611751003|717010
2.959759611751003|718010
2.959759611751003|719010
2.959759611751003|720010
2.959759611751003|721010
2.959759611751003|722010
2.959759611751003|723010
2.959759611751003|724010
2.959759611751003|725010
2.959759611751003|726010
2.959759611751003|727010
2.959759611751003|728010
2.959759611751003|729010
2.959759611751003|730010
2.959759611751003|731010
2.959759611751003|732010
2.959759611751003|733010
2.959759611751003|734010
2.959759611751003|735010
2.959759611751003|736010
2.959759611751003|737010
2.959759611751003|738010
2.959759611751003|739010
2.959759611751003|740010
2.959759611751003|741010
2.959759611751003|742010
2.959759611751003|743010
2.959759611751003|744010
2.959759611751003|745010
2.959759611751003|746010
2.959759611751003|747010
2.959759611751003|748010
2.959759611751003|749010
2.959759611751003|750010
2.959759611751003|751010
2.959759611751003|752010
2.959759611751003|753010
2.959759611751003|754010
2.959759611751003|755010
2.959759611751003|756010
2.959759611751003|757010
2.959759611751003|758010
2.959759611751003|759010
2.959759611751003|760010
2.959759611751003|761010
2.959759611751003|762010
2.959759611751003|763010
2.959759611751003|764010
2.959759611751003|765010
2.959759611751003|766010
2.959759611751003|767010
2.959759611751003|768010
2.959759611751003|769010
2.959759611751003|770010
2.959759611751003|771010
2.959759611751003|772010
2.959759611751003|773010
2.959759611751003|774010
2.959759611751003|775010
2.959759611751003|776010
2.959759611751003|777010
2.959759611751003|778010
2.959759611751003|779010
2.959759611751003|780010
2.959759611751003|781010
2.959759611751003|782010
2.959759611751003|783010
2.959759611751003|784010
2.959759611751003|785010
2.959759611751003|786010
2.959759611751003|787010
2.959759611751003|788010
2.959759611751003|789010
2.959759611751003|790010
2.959759611751003|791010
2.959759611751003|792010
2.959759611751003|793010
2.959759611751003|794010
2.959759611751003|795010
2.959759611751003|796010
2.959759611751003|797010
2.959759611751003|798010
2.959759611751003|799010
2.959759611751003|800010
2.959759611751003|801010
2.959759611751003|802010
2.959759611751003|803010
2.959759611751003|804010
2.959759611751003|805010
2.959759611751003|806010
2.959759611751003|807010
2.959759611751003|808010
2.959759611751003|809010
2.959759611751003|810010
2.959759611751003|811010
2.959759611751003|812010
2.959759611751003|813010
2.959759611751003|814010
2.959759611751003|815010
2.959759611751003|816010
2.959759611751003|817010
2.959759611751003|818010
2.959759611751003|819010
2.959759611751003|820010
2.959759611751003|821010
2.959759611751003|822010
2.959759611751003|823010
2.959759611751003|824010
2.959759611751003|825010
2.959759611751003|826010
2.959759611751003|827010
2.959759611751003|828010
2.959759611751003|829010
2.959759611751003|830010
2.959759611751003|831010
2.959759611751003|832010
2.959759611751003|833010
2.959759611751003|834010
2.959759611751003|835010
2.959759611751003|836010
2.959759611751003|837010
2.959759611751003|838010
2.959759611751003|839010
2.959759611751003|840010
2.959759611751003|841010
2.959759611751003|842010
2.959759611751003|843010
2.959759611751003|844010
2.959759611751003|845010
2.959759611751003|846010
2.959759611751003|847010
2.959759611751003|848010
2.959759611751003|849010
2.959759611751003|850010
2.959759611751003|851010
2.959759611751003|852010
2.959759611751003|853010
2.959759611751003|854010
2.959759611751003|855010
2.959759611751003|856010
2.959759611751003|857010
2.959759611751003|858010
2.959759611751003|859010
2.959759611751003|860010
2.959759611751003|861010
2.959759611751003|862010
2.959759611751003|863010
2.959759611751003|864010
2.959759611751003|865010
2.959759611751003|866010
2.959759611751003|867010
2.959759611751003|868010
2.959759611751003|869010
2.959759611751003|870010
2.959759611751003|871010
2.959759611751003|872010
2.959759611751003|873010
2.959759611751003|874010
2.959759611751003|875010
2.959759611751003|876010
2.959759611751003|877010
2.959759611751003|878010
2.959759611751003|879010
2.959759611751003|880010
2.959759611751003|881010
2.959759611751003|882010
2.959759611751003|883010
2.959759611751003|884010
2.959759611751003|885010
2.959759611751003|886010
2.959759611751003|887010
2.959759611751003|888010
2.959759611751003|889010
2.959759611751003|890010
2.959759611751003|891010
2.959759611751003|892010
2.959759611751003|893010
2.959759611751003|894010
2.959759611751003|895010
2.959759611751003|896010
2.959759611751003|897010
2.959759611751003|898010
2.959759611751003|899010
2.959759611751003|900010
2.959759611751003|901010
2.959759611751003|902010
2.959759611751003|903010
2.959759611751003|904010
2.959759611751003|905010
2.959759611751003|906010
2.959759611751003|907010
2.959759611751003|908010
2.959759611751003|909010
2.959759611751003|910010
2.959759611751003|911010
2.959759611751003|912010
2.959759611751003|913010
2.959759611751003|914010
2.959759611751003|915010
2.959759611751003|916010
2.959759611751003|917010
2.959759611751003|918010
2.959759611751003|919010
2.959759611751003|920010
2.959759611751003|921010
2.959759611751003|922010
2.959759611751003|923010
2.959759611751003|924010
2.959759611751003|925010
2.959759611751003|926010
2.959759611751003|927010
2.959759611751003|928010
2.959759611751003|929010
2.959759611751003|930010
2.959759611751003|931010
2.959759611751003|932010
2.959759611751003|933010
2.959759611751003|934010
2.959759611751003|935010
2.959759611751003|936010
2.959759611751003|937010
2.959759611751003|938010
2.959759611751003|939010
2.959759611751003|940010
2.959759611751003|941010
2.959759611751003|942010
2.959759611751003|943010
2.959759611751003|944010
2.959759611751003|945010
2.959759611751003|946010
2.959759611751003|947010
2.959759611751003|948010
2.959759611751003|949010
2.959759611751003|950010
2.959759611751003|951010
2.959759611751003|952010
2.959759611751003|953010
2.959759611751003|954010
2.959759611751003|955010
2.959759611751003|956010
2.959759611751003|957010
2.959759611751003|958010
2.959759611751003|959010
2.959759611751003|960010
2.959759611751003|961010
2.959759611751003|962010
2.959759611751003|963010
2.959759611751003|964010
2.959759611751003|965010
2.959759611751003|966010
2.959759611751003|967010
2.959759611751003|968010
2.959759611751003|969010
2.959759611751003|970010
2.959759611751003|971010
2.959759611751003|972010
2.959759611751003|973010
2.959759611751003|974010
2.959759611751003|975010
2.959759611751003|976010
2.959759611751003|977010
2.959759611751003|978010
2.959759611751003|979010
2.959759611751003|980010
2.959759611751003|981010
2.959759611751003|982010
2.959759611751003|983010
2.959759611751003|984010
2.959759611751003|985010
2.959759611751003|986010
2.959759611751003|987010
2.959759611751003|988010
2.959759611751003|989010
2.959759611751003|990010
2.959759611751003|991010
2.959759611751003|992010
2.959759611751003|993010
2.959759611751003|994010
2.959759611751003|995010
2.959759611751003|996010
2.959759611751003|997010
2.959759611751003|998010
2.959759611751003|999010
2.959759611751003|1000010
