16.13078176875535|1010
8.346824635403028|2010
6.595188006170914|3010
5.339884907741429|4010
4.6498856591647|5010
4.4329535920609855|6010
4.347384299615027|7010
4.309867272427561|8010
4.172533295400768|9010
4.099983241317308|10010
4.099973911787328|11010
4.053107586641372|12010
3.88733075426525|13010
3.823605542916004|14010
3.821855839759518|15010
3.7723810049730435|16010
3.6608593217574676|17010
3.6573481892853335|18010
3.505088077831656|19010
3.3935645593339356|20010
3.355583092788312|21010
3.355583092788312|22010
3.2857562248514807|23010
3.2228433924183606|24010
3.2228433924183606|25010
3.1534353058492934|26010
3.1108749698098017|27010
3.0473262263521104|28010
3.0433003611488605|29010
3.033115129296938|30010
2.954709219789453|31010
2.954709219789453|32010
2.9479119777783196|33010
2.9479119777783196|34010
2.9479119777783196|35010
2.9479119777783196|36010
2.94726945139091|37010
2.94726945139091|38010
2.94726945139091|39010
2.940572329648659|40010
2.9405723296486586|41010
2.9405723296486586|42010
2.9405723296486586|43010
2.9405723296486586|44010
2.9405723296486586|45010
2.9405723296486586|46010
2.8413404649225256|47010
2.8315141320284463|48010
2.8315141320284463|49010
2.8315141320284463|50010
2.8315141320284463|51010
2.8315141320284463|52010
2.8315141320284463|53010
2.8315141320284463|54010
2.8315141320284463|55010
2.8315141320284463|56010
2.8315141320284463|57010
2.8315141320284463|58010
2.8315141320284463|59010
2.8315141320284463|60010
2.8315141320284463|61010
2.8315141320284463|62010
2.8315141320284463|63010
2.8315141320284463|64010
2.8315141320284463|65010
2.8315141320284463|66010
2.8315141320284463|67010
2.8315141320284463|68010
2.8315141320284463|69010
2.8315141320284463|70010
2.8315141320284463|71010
2.8315141320284463|72010
2.8315141320284463|73010
2.8315141320284463|74010
2.8315141320284463|75010
2.8315141320284463|76010
2.8315141320284463|77010
2.8315141320284463|78010
2.8315141320284463|79010
2.8315141320284463|80010
2.8315141320284463|81010
2.8315141320284463|82010
2.8315141320284463|83010
2.8315141320284463|84010
2.8315141320284463|85010
2.8315141320284463|86010
2.8315141320284463|87010
2.8315141320284463|88010
2.8315141320284463|89010
2.8315141320284463|90010
2.8315141320284463|91010
2.8315141320284463|92010
2.8315141320284463|93010
2.8315141320284463|94010
2.8315141320284463|95010
2.8315141320284463|96010
2.8315141320284463|97010
2.8315141320284463|98010
2.8315141320284463|99010
2.8315141320284463|100010
2.8315141320284463|101010
2.8315141320284463|102010
2.8315141320284463|103010
2.8315141320284463|104010
2.8315141320284463|105010
2.8315141320284463|106010
2.8315141320284463|107010
2.8315141320284463|108010
2.8315141320284463|109010
2.8315141320284463|110010
2.8315141320284463|111010
2.8315141320284463|112010
2.8315141320284463|113010
2.8057842050918|114010
2.8057842050918|115010
2.8057842050918|116010
2.8057842050918|117010
2.8057842050918|118010
2.8057842050918|119010
2.8057842050918|120010
2.8057842050918|121010
2.8057842050918|122010
2.8057842050918|123010
2.8057842050918|124010
2.8057842050918|125010
2.8057842050918|126010
2.8057842050918|127010
2.8057842050918|128010
2.8057842050918|129010
2.8057842050918|130010
2.8057842050918|131010
2.8057842050918|132010
2.8057842050918|133010
2.8057842050918|134010
2.8057842050918|135010
2.8057842050918|136010
2.8057842050917996|137010
2.8057842050917996|138010
2.8057842050917996|139010
2.8057842050917996|140010
2.8057842050917996|141010
2.8057842050917996|142010
2.8057842050917996|143010
2.8057842050917996|144010
2.8057842050917996|145010
2.8057842050917996|146010
2.8057842050917996|147010
2.8057842050917996|148010
2.8057842050917996|149010
2.8057842050917996|150010
2.8057842050917996|151010
2.8057842050917996|152010
2.8057842050917996|153010
2.8057842050917996|154010
2.8057842050917996|155010
2.8057842050917996|156010
2.8057842050917996|157010
2.8057842050917996|158010
2.8057842050917996|159010
2.8057842050917996|160010
2.8057842050917996|161010
2.8057842050917996|162010
2.8057842050917996|163010
2.8057842050917996|164010
2.8057842050917996|165010
2.8057842050917996|166010
2.8057842050917996|167010
2.8057842050917996|168010
2.8057842050917996|169010
2.8057842050917996|170010
2.8057842050917996|171010
2.8057842050917996|172010
2.8057842050917996|173010
2.8057842050917996|174010
2.8057842050917996|175010
2.8057842050917996|176010
2.8057842050917996|177010
2.8057842050917996|178010
2.8057842050917996|179010
2.8057842050917996|180010
2.8057842050917996|181010
2.8057842050917996|182010
2.8057842050917996|183010
2.8057842050917996|184010
2.8057842050917996|185010
2.8057842050917996|186010
2.8057842050917996|187010
2.8057842050917996|188010
2.8057842050917996|189010
2.8057842050917996|190010
2.8057842050917996|191010
2.8057842050917996|192010
2.8057842050917996|193010
2.8057842050917996|194010
2.8057842050917996|195010
2.8057842050917996|196010
2.8057842050917996|197010
2.8057842050917996|198010
2.8057842050917996|199010
2.8057842050917996|200010
2.8057842050917996|201010
2.8057842050917996|202010
2.8057842050917996|203010
2.8057842050917996|204010
2.8057842050917996|205010
2.8057842050917996|206010
2.8057842050917996|207010
2.8057842050917996|208010
2.8057842050917996|209010
2.8057842050917996|210010
2.8057842050917996|211010
2.8057842050917996|212010
2.8057842050917996|213010
2.8057842050917996|214010
2.8057842050917996|215010
2.8057842050917996|216010
2.8057842050917996|217010
2.8057842050917996|218010
2.8057842050917996|219010
2.8057842050917996|220010
2.8057842050917996|221010
2.8057842050917996|222010
2.8057842050917996|223010
2.8057842050917996|224010
2.8057842050917996|225010
2.8057842050917996|226010
2.8057842050917996|227010
2.8057842050917996|228010
2.8057842050917996|229010
2.8057842050917996|230010
2.8057842050917996|231010
2.8057842050917996|232010
2.8057842050917996|233010
2.8057842050917996|234010
2.8057842050917996|235010
2.8057842050917996|236010
2.8057842050917996|237010
2.8057842050917996|238010
2.8057842050917996|239010
2.8057842050917996|240010
2.8057842050917996|241010
2.8057842050917996|242010
2.8057842050917996|243010
2.8057842050917996|244010
2.8057842050917996|245010
2.8057842050917996|246010
2.8057842050917996|247010
2.8057842050917996|248010
2.8057842050917996|249010
2.8057842050917996|250010
2.8057842050917996|251010
2.8057842050917996|252010
2.8057842050917996|253010
2.8057842050917996|254010
2.8057842050917996|255010
2.8057842050917996|256010
2.8057842050917996|257010
2.8057842050917996|258010
2.8057842050917996|259010
2.8057842050917996|260010
2.8057842050917996|261010
2.8057842050917996|262010
2.8057842050917996|263010
2.8057842050917996|264010
2.8057842050917996|265010
2.8057842050917996|266010
2.8057842050917996|267010
2.8057842050917996|268010
2.8057842050917996|269010
2.8057842050917996|270010
2.8057842050917996|271010
2.8057842050917996|272010
2.8057842050917996|273010
2.8057842050917996|274010
2.8057842050917996|275010
2.8057842050917996|276010
2.8057842050917996|277010
2.8057842050917996|278010
2.8057842050917996|279010
2.8057842050917996|280010
2.8057842050917996|281010
2.8057842050917996|282010
2.8057842050917996|283010
2.8057842050917996|284010
2.8057842050917996|285010
2.8057842050917996|286010
2.8057842050917996|287010
2.8057842050917996|288010
2.8057842050917996|289010
2.8057842050917996|290010
2.8057842050917996|291010
2.8057842050917996|292010
2.8057842050917996|293010
2.8057842050917996|294010
2.8057842050917996|295010
2.8057842050917996|296010
2.8057842050917996|297010
2.8057842050917996|298010
2.8057842050917996|299010
2.8057842050917996|300010
2.8057842050917996|301010
2.8057842050917996|302010
2.8057842050917996|303010
2.8057842050917996|304010
2.8057842050917996|305010
2.8057842050917996|306010
2.8057842050917996|307010
2.8057842050917996|308010
2.8057842050917996|309010
2.8057842050917996|310010
2.8057842050917996|311010
2.8057842050917996|312010
2.8057842050917996|313010
2.8057842050917996|314010
2.8057842050917996|315010
2.8057842050917996|316010
2.8057842050917996|317010
2.8057842050917996|318010
2.8057842050917996|319010
2.8057842050917996|320010
2.8057842050917996|321010
2.8057842050917996|322010
2.8057842050917996|323010
2.8057842050917996|324010
2.8057842050917996|325010
2.8057842050917996|326010
2.8057842050917996|327010
2.8057842050917996|328010
2.8057842050917996|329010
2.8057842050917996|330010
2.8057842050917996|331010
2.8057842050917996|332010
2.8057842050917996|333010
2.8057842050917996|334010
2.8057842050917996|335010
2.8057842050917996|336010
2.8057842050917996|337010
2.8057842050917996|338010
2.8057842050917996|339010
2.8057842050917996|340010
2.8057842050917996|341010
2.8057842050917996|342010
2.8057842050917996|343010
2.8057842050917996|344010
2.8057842050917996|345010
2.8057842050917996|346010
2.8057842050917996|347010
2.8057842050917996|348010
2.8057842050917996|349010
2.8057842050917996|350010
2.8057842050917996|351010
2.8057842050917996|352010
2.8057842050917996|353010
2.8057842050917996|354010
2.8057842050917996|355010
2.8057842050917996|356010
2.8057842050917996|357010
2.8057842050917996|358010
2.8057842050917996|359010
2.8057842050917996|360010
2.8057842050917996|361010
2.8057842050917996|362010
2.8057842050917996|363010
2.8057842050917996|364010
2.8057842050917996|365010
2.8057842050917996|366010
2.8057842050917996|367010
2.8057842050917996|368010
2.8057842050917996|369010
2.8057842050917996|370010
2.8057842050917996|371010
2.8057842050917996|372010
2.8057842050917996|373010
2.8057842050917996|374010
2.8057842050917996|375010
2.8057842050917996|376010
2.8057842050917996|377010
2.8057842050917996|378010
2.8057842050917996|379010
2.8057842050917996|380010
2.8057842050917996|381010
2.8057842050917996|382010
2.8057842050917996|383010
2.8057842050917996|384010
2.8057842050917996|385010
2.8057842050917996|386010
2.8057842050917996|387010
2.8057842050917996|388010
2.8057842050917996|389010
2.8057842050917996|390010
2.8057842050917996|391010
2.8057842050917996|392010
2.8057842050917996|393010
2.8057842050917996|394010
2.8057842050917996|395010
2.8057842050917996|396010
2.8057842050917996|397010
2.8057842050917996|398010
2.8057842050917996|399010
2.8057842050917996|400010
2.8057842050917996|401010
2.8057842050917996|402010
2.8057842050917996|403010
2.8057842050917996|404010
2.8057842050917996|405010
2.8057842050917996|406010
2.8057842050917996|407010
2.8057842050917996|408010
2.8057842050917996|409010
2.8057842050917996|410010
2.8057842050917996|411010
2.8057842050917996|412010
2.8057842050917996|413010
2.8057842050917996|414010
2.8057842050917996|415010
2.8057842050917996|416010
2.8057842050917996|417010
2.8057842050917996|418010
2.8057842050917996|419010
2.8057842050917996|420010
2.8057842050917996|421010
2.8057842050917996|422010
2.8057842050917996|423010
2.8057842050917996|424010
2.8057842050917996|425010
2.8057842050917996|426010
2.8057842050917996|427010
2.8057842050917996|428010
2.8057842050917996|429010
2.8057842050917996|430010
2.8057842050917996|431010
2.8057842050917996|432010
2.8057842050917996|433010
2.8057842050917996|434010
2.8057842050917996|435010
2.8057842050917996|436010
2.8057842050917996|437010
2.8057842050917996|438010
2.8057842050917996|439010
2.8057842050917996|440010
2.8057842050917996|441010
2.8057842050917996|442010
2.8057842050917996|443010
2.8057842050917996|444010
2.8057842050917996|445010
2.8057842050917996|446010
2.8057842050917996|447010
2.8057842050917996|448010
2.8057842050917996|449010
2.8057842050917996|450010
2.8057842050917996|451010
2.8057842050917996|452010
2.8057842050917996|453010
2.8057842050917996|454010
2.8057842050917996|455010
2.8057842050917996|456010
2.8057842050917996|457010
2.8057842050917996|458010
2.8057842050917996|459010
2.8057842050917996|460010
2.8057842050917996|461010
2.8057842050917996|462010
2.8057842050917996|463010
2.8057842050917996|464010
2.8057842050917996|465010
2.8057842050917996|466010
2.8057842050917996|467010
2.8057842050917996|468010
2.8057842050917996|469010
2.8057842050917996|470010
2.8057842050917996|471010
2.8057842050917996|472010
2.8057842050917996|473010
2.8057842050917996|474010
2.8057842050917996|475010
2.8057842050917996|476010
2.8057842050917996|477010
2.8057842050917996|478010
2.8057842050917996|479010
2.8057842050917996|480010
2.8057842050917996|481010
2.8057842050917996|482010
2.8057842050917996|483010
2.8057842050917996|484010
2.8057842050917996|485010
2.8057842050917996|486010
2.8057842050917996|487010
2.8057842050917996|488010
2.8057842050917996|489010
2.8057842050917996|490010
2.8057842050917996|491010
2.8057842050917996|492010
2.8057842050917996|493010
2.8057842050917996|494010
2.8057842050917996|495010
2.8057842050917996|496010
2.8057842050917996|497010
2.8057842050917996|498010
2.8057842050917996|499010
2.8057842050917996|500010
2.8057842050917996|501010
2.8057842050917996|502010
2.8057842050917996|503010
2.8057842050917996|504010
2.8057842050917996|505010
2.8057842050917996|506010
2.8057842050917996|507010
2.8057842050917996|508010
2.8057842050917996|509010
2.8057842050917996|510010
2.8057842050917996|511010
2.8057842050917996|512010
2.8057842050917996|513010
2.8057842050917996|514010
2.8057842050917996|515010
2.8057842050917996|516010
2.8057842050917996|517010
2.8057842050917996|518010
2.8057842050917996|519010
2.8057842050917996|520010
2.8057842050917996|521010
2.8057842050917996|522010
2.8057842050917996|523010
2.8057842050917996|524010
2.8057842050917996|525010
2.8057842050917996|526010
2.8057842050917996|527010
2.8057842050917996|528010
2.8057842050917996|529010
2.8057842050917996|530010
2.8057842050917996|531010
2.8057842050917996|532010
2.8057842050917996|533010
2.8057842050917996|534010
2.8057842050917996|535010
2.8057842050917996|536010
2.8057842050917996|537010
2.8057842050917996|538010
2.8057842050917996|539010
2.8057842050917996|540010
2.8057842050917996|541010
2.8057842050917996|542010
2.8057842050917996|543010
2.8057842050917996|544010
2.8057842050917996|545010
2.8057842050917996|546010
2.8057842050917996|547010
2.8057842050917996|548010
2.8057842050917996|549010
2.8057842050917996|550010
2.8057842050917996|551010
2.8057842050917996|552010
2.8057842050917996|553010
2.8057842050917996|554010
2.8057842050917996|555010
2.8057842050917996|556010
2.8057842050917996|557010
2.8057842050917996|558010
2.8057842050917996|559010
2.8057842050917996|560010
2.8057842050917996|561010
2.8057842050917996|562010
2.8057842050917996|563010
2.8057842050917996|564010
2.8057842050917996|565010
2.8057842050917996|566010
2.8057842050917996|567010
2.8057842050917996|568010
2.8057842050917996|569010
2.8057842050917996|570010
2.8057842050917996|571010
2.8057842050917996|572010
2.8057842050917996|573010
2.8057842050917996|574010
2.8057842050917996|575010
2.8057842050917996|576010
2.8057842050917996|577010
2.8057842050917996|578010
2.8057842050917996|579010
2.8057842050917996|580010
2.8057842050917996|581010
2.8057842050917996|582010
2.8057842050917996|583010
2.8057842050917996|584010
2.8057842050917996|585010
2.8057842050917996|586010
2.8057842050917996|587010
2.8057842050917996|588010
2.8057842050917996|589010
2.8057842050917996|590010
2.8057842050917996|591010
2.8057842050917996|592010
2.8057842050917996|593010
2.8057842050917996|594010
2.8057842050917996|595010
2.8057842050917996|596010
2.8057842050917996|597010
2.8057842050917996|598010
2.8057842050917996|599010
2.8057842050917996|600010
2.8057842050917996|601010
2.8057842050917996|602010
2.8057842050917996|603010
2.8057842050917996|604010
2.8057842050917996|605010
2.8057842050917996|606010
2.8057842050917996|607010
2.8057842050917996|608010
2.8057842050917996|609010
2.8057842050917996|610010
2.8057842050917996|611010
2.8057842050917996|612010
2.8057842050917996|613010
2.8057842050917996|614010
2.8057842050917996|615010
2.8057842050917996|616010
2.8057842050917996|617010
2.8057842050917996|618010
2.8057842050917996|619010
2.8057842050917996|620010
2.8057842050917996|621010
2.8057842050917996|622010
2.8057842050917996|623010
2.8057842050917996|624010
2.8057842050917996|625010
2.8057842050917996|626010
2.8057842050917996|627010
2.8057842050917996|628010
2.8057842050917996|629010
2.8057842050917996|630010
2.8057842050917996|631010
2.8057842050917996|632010
2.8057842050917996|633010
2.8057842050917996|634010
2.8057842050917996|635010
2.8057842050917996|636010
2.8057842050917996|637010
2.8057842050917996|638010
2.8057842050917996|639010
2.8057842050917996|640010
2.8057842050917996|641010
2.8057842050917996|642010
2.8057842050917996|643010
2.8057842050917996|644010
2.8057842050917996|645010
2.8057842050917996|646010
2.8057842050917996|647010
2.8057842050917996|648010
2.8057842050917996|649010
2.8057842050917996|650010
2.8057842050917996|651010
2.8057842050917996|652010
2.8057842050917996|653010
2.8057842050917996|654010
2.8057842050917996|655010
2.8057842050917996|656010
2.8057842050917996|657010
2.8057842050917996|658010
2.8057842050917996|659010
2.8057842050917996|660010
2.8057842050917996|661010
2.8057842050917996|662010
2.8057842050917996|663010
2.8057842050917996|664010
2.8057842050917996|665010
2.8057842050917996|666010
2.8057842050917996|667010
2.8057842050917996|668010
2.8057842050917996|669010
2.8057842050917996|670010
2.8057842050917996|671010
2.8057842050917996|672010
2.8057842050917996|673010
2.8057842050917996|674010
2.8057842050917996|675010
2.8057842050917996|676010
2.8057842050917996|677010
2.8057842050917996|678010
2.8057842050917996|679010
2.8057842050917996|680010
2.8057842050917996|681010
2.8057842050917996|682010
2.8057842050917996|683010
2.8057842050917996|684010
2.8057842050917996|685010
2.8057842050917996|686010
2.8057842050917996|687010
2.8057842050917996|688010
2.8057842050917996|689010
2.8057842050917996|690010
2.8057842050917996|691010
2.8057842050917996|692010
2.8057842050917996|693010
2.8057842050917996|694010
2.8057842050917996|695010
2.8057842050917996|696010
2.8057842050917996|697010
2.8057842050917996|698010
2.8057842050917996|699010
2.8057842050917996|700010
2.8057842050917996|701010
2.8057842050917996|702010
2.8057842050917996|703010
2.8057842050917996|704010
2.8057842050917996|705010
2.8057842050917996|706010
2.8057842050917996|707010
2.8057842050917996|708010
2.8057842050917996|709010
2.8057842050917996|710010
2.8057842050917996|711010
2.8057842050917996|712010
2.8057842050917996|713010
2.8057842050917996|714010
2.8057842050917996|715010
2.8057842050917996|716010
2.8057842050917996|717010
2.8057842050917996|718010
2.8057842050917996|719010
2.8057842050917996|720010
2.8057842050917996|721010
2.8057842050917996|722010
2.8057842050917996|723010
2.8057842050917996|724010
2.8057842050917996|725010
2.8057842050917996|726010
2.8057842050917996|727010
2.8057842050917996|728010
2.8057842050917996|729010
2.8057842050917996|730010
2.8057842050917996|731010
2.8057842050917996|732010
2.8057842050917996|733010
2.8057842050917996|734010
2.8057842050917996|735010
2.8057842050917996|736010
2.8057842050917996|737010
2.8057842050917996|738010
2.8057842050917996|739010
2.8057842050917996|740010
2.8057842050917996|741010
2.8057842050917996|742010
2.8057842050917996|743010
2.8057842050917996|744010
2.8057842050917996|745010
2.8057842050917996|746010
2.8057842050917996|747010
2.8057842050917996|748010
2.8057842050917996|749010
2.8057842050917996|750010
2.8057842050917996|751010
2.8057842050917996|752010
2.8057842050917996|753010
2.8057842050917996|754010
2.8057842050917996|755010
2.8057842050917996|756010
2.8057842050917996|757010
2.8057842050917996|758010
2.8057842050917996|759010
2.8057842050917996|760010
2.8057842050917996|761010
2.8057842050917996|762010
2.8057842050917996|763010
2.8057842050917996|764010
2.8057842050917996|765010
2.8057842050917996|766010
2.8057842050917996|767010
2.8057842050917996|768010
2.8057842050917996|769010
2.8057842050917996|770010
2.8057842050917996|771010
2.8057842050917996|772010
2.8057842050917996|773010
2.8057842050917996|774010
2.8057842050917996|775010
2.8057842050917996|776010
2.8057842050917996|777010
2.8057842050917996|778010
2.8057842050917996|779010
2.8057842050917996|780010
2.8057842050917996|781010
2.8057842050917996|782010
2.8057842050917996|783010
2.8057842050917996|784010
2.8057842050917996|785010
2.8057842050917996|786010
2.8057842050917996|787010
2.8057842050917996|788010
2.8057842050917996|789010
2.8057842050917996|790010
2.8057842050917996|791010
2.8057842050917996|792010
2.8057842050917996|793010
2.8057842050917996|794010
2.8057842050917996|795010
2.8057842050917996|796010
2.8057842050917996|797010
2.8057842050917996|798010
2.8057842050917996|799010
2.8057842050917996|800010
2.8057842050917996|801010
2.8057842050917996|802010
2.8057842050917996|803010
2.8057842050917996|804010
2.8057842050917996|805010
2.8057842050917996|806010
2.8057842050917996|807010
2.8057842050917996|808010
2.8057842050917996|809010
2.8057842050917996|810010
2.8057842050917996|811010
2.8057842050917996|812010
2.8057842050917996|813010
2.8057842050917996|814010
2.8057842050917996|815010
2.8057842050917996|816010
2.8057842050917996|817010
2.8057842050917996|818010
2.8057842050917996|819010
2.8057842050917996|820010
2.8057842050917996|821010
2.8057842050917996|822010
2.8057842050917996|823010
2.8057842050917996|824010
2.8057842050917996|825010
2.8057842050917996|826010
2.8057842050917996|827010
2.8057842050917996|828010
2.8057842050917996|829010
2.8057842050917996|830010
2.8057842050917996|831010
2.8057842050917996|832010
2.8057842050917996|833010
2.8057842050917996|834010
2.8057842050917996|835010
2.8057842050917996|836010
2.8057842050917996|837010
2.8057842050917996|838010
2.8057842050917996|839010
2.8057842050917996|840010
2.8057842050917996|841010
2.8057842050917996|842010
2.8057842050917996|843010
2.8057842050917996|844010
2.8057842050917996|845010
2.8057842050917996|846010
2.8057842050917996|847010
2.8057842050917996|848010
2.8057842050917996|849010
2.8057842050917996|850010
2.8057842050917996|851010
2.8057842050917996|852010
2.8057842050917996|853010
2.8057842050917996|854010
2.8057842050917996|855010
2.8057842050917996|856010
2.8057842050917996|857010
2.8057842050917996|858010
2.8057842050917996|859010
2.8057842050917996|860010
2.8057842050917996|861010
2.8057842050917996|862010
2.8057842050917996|863010
2.8057842050917996|864010
2.8057842050917996|865010
2.8057842050917996|866010
2.8057842050917996|867010
2.8057842050917996|868010
2.8057842050917996|869010
2.8057842050917996|870010
2.8057842050917996|871010
2.8057842050917996|872010
2.8057842050917996|873010
2.8057842050917996|874010
2.8057842050917996|875010
2.8057842050917996|876010
2.8057842050917996|877010
2.8057842050917996|878010
2.8057842050917996|879010
2.8057842050917996|880010
2.8057842050917996|881010
2.8057842050917996|882010
2.8057842050917996|883010
2.8057842050917996|884010
2.8057842050917996|885010
2.8057842050917996|886010
2.8057842050917996|887010
2.8057842050917996|888010
2.8057842050917996|889010
2.8057842050917996|890010
2.8057842050917996|891010
2.8057842050917996|892010
2.8057842050917996|893010
2.8057842050917996|894010
2.8057842050917996|895010
2.8057842050917996|896010
2.8057842050917996|897010
2.8057842050917996|898010
2.8057842050917996|899010
2.8057842050917996|900010
2.8057842050917996|901010
2.8057842050917996|902010
2.8057842050917996|903010
2.8057842050917996|904010
2.8057842050917996|905010
2.8057842050917996|906010
2.8057842050917996|907010
2.8057842050917996|908010
2.8057842050917996|909010
2.8057842050917996|910010
2.8057842050917996|911010
2.8057842050917996|912010
2.8057842050917996|913010
2.8057842050917996|914010
2.8057842050917996|915010
2.8057842050917996|916010
2.8057842050917996|917010
2.8057842050917996|918010
2.8057842050917996|919010
2.8057842050917996|920010
2.8057842050917996|921010
2.8057842050917996|922010
2.8057842050917996|923010
2.8057842050917996|924010
2.8057842050917996|925010
2.8057842050917996|926010
2.8057842050917996|927010
2.8057842050917996|928010
2.8057842050917996|929010
2.8057842050917996|930010
2.8057842050917996|931010
2.8057842050917996|932010
2.8057842050917996|933010
2.8057842050917996|934010
2.8057842050917996|935010
2.8057842050917996|936010
2.8057842050917996|937010
2.8057842050917996|938010
2.8057842050917996|939010
2.8057842050917996|940010
2.8057842050917996|941010
2.8057842050917996|942010
2.8057842050917996|943010
2.8057842050917996|944010
2.8057842050917996|945010
2.8057842050917996|946010
2.8057842050917996|947010
2.8057842050917996|948010
2.8057842050917996|949010
2.8057842050917996|950010
2.8057842050917996|951010
2.8057842050917996|952010
2.8057842050917996|953010
2.8057842050917996|954010
2.8057842050917996|955010
2.8057842050917996|956010
2.8057842050917996|957010
2.8057842050917996|958010
2.8057842050917996|959010
2.8057842050917996|960010
2.8057842050917996|961010
2.8057842050917996|962010
2.8057842050917996|963010
2.8057842050917996|964010
2.8057842050917996|965010
2.8057842050917996|966010
2.8057842050917996|967010
2.8057842050917996|968010
2.8057842050917996|969010
2.8057842050917996|970010
2.8057842050917996|971010
2.8057842050917996|972010
2.8057842050917996|973010
2.8057842050917996|974010
2.8057842050917996|975010
2.8057842050917996|976010
2.8057842050917996|977010
2.8057842050917996|978010
2.8057842050917996|979010
2.8057842050917996|980010
2.8057842050917996|981010
2.8057842050917996|982010
2.8057842050917996|983010
2.8057842050917996|984010
2.8057842050917996|985010
2.8057842050917996|986010
2.8057842050917996|987010
2.8057842050917996|988010
2.8057842050917996|989010
2.8057842050917996|990010
2.8057842050917996|991010
2.8057842050917996|992010
2.8057842050917996|993010
2.8057842050917996|994010
2.8057842050917996|995010
2.8057842050917996|996010
2.8057842050917996|997010
2.8057842050917996|998010
2.8057842050917996|999010
2.8057842050917996|1000010
