15.839893218959974|1010
7.239776629404723|2010
5.5321772974633046|3010
4.6370845606475495|4010
4.474285163501924|5010
4.2653683066315375|6010
4.2653683066315375|7010
4.1717983256277344|8010
4.035853829358681|9010
4.035197609537623|10010
4.025295897322567|11010
3.986881933042443|12010
3.9868726035124618|13010
3.9868726035124618|14010
3.9868726035124618|15010
3.8858674748318482|16010
3.8142481664436283|17010
3.784007474282945|18010
3.784007474282945|19010
3.784007474282945|20010
3.760690267335733|21010
3.7606856841488514|22010
3.7245957280076616|23010
3.6885687059143746|24010
3.6885687059143746|25010
3.6885687059143746|26010
3.6598439929218904|27010
3.6218724835832434|28010
3.6218724835832434|29010
3.621872483583243|30010
3.621872483583243|31010
3.621872483583243|32010
3.621872483583243|33010
3.621872483583243|34010
3.621872483583243|35010
3.621872483583243|36010
3.588847234338263|37010
3.4832814329494393|38010
3.4297489443428226|39010
3.4297489443428226|40010
3.389149494671428|41010
3.0798178315965132|42010
3.0798178315965132|43010
3.0798178315965132|44010
3.0798178315965132|45010
3.0798178315965132|46010
3.0798178315965132|47010
3.079817831596513|48010
3.079817831596513|49010
3.079817831596513|50010
3.079817831596513|51010
3.079817831596513|52010
3.079817831596513|53010
3.079817831596513|54010
3.079817831596513|55010
3.079817831596513|56010
3.079817831596513|57010
3.079817831596513|58010
3.079817831596513|59010
3.079817831596513|60010
3.079817831596513|61010
3.079817831596513|62010
3.079817831596513|63010
3.079817831596513|64010
3.079817831596513|65010
3.079817831596513|66010
3.079817831596513|67010
3.079817831596513|68010
3.079817831596513|69010
3.079817831596513|70010
3.079817831596513|71010
3.079817831596513|72010
3.079817831596513|73010
3.079817831596513|74010
3.079817831596513|75010
3.079817831596513|76010
3.079817831596513|77010
3.079817831596513|78010
3.079817831596513|79010
3.079817831596513|80010
3.079817831596513|81010
3.079817831596513|82010
3.079817831596513|83010
3.079817831596513|84010
3.079817831596513|85010
3.079817831596513|86010
3.079817831596513|87010
3.079817831596513|88010
3.079817831596513|89010
3.079817831596513|90010
3.079817831596513|91010
3.079817831596513|92010
3.079817831596513|93010
3.079817831596513|94010
3.079817831596513|95010
3.079817831596513|96010
3.079817831596513|97010
3.079817831596513|98010
3.079817831596513|99010
3.079817831596513|100010
3.079817831596513|101010
3.079817831596513|102010
3.079817831596513|103010
3.079817831596513|104010
3.079817831596513|105010
3.079817831596513|106010
3.079817831596513|107010
3.079817831596513|108010
3.079817831596513|109010
3.079817831596513|110010
3.079817831596513|111010
3.079817831596513|112010
3.079817831596513|113010
3.079817831596513|114010
3.079817831596513|115010
3.079817831596513|116010
3.079817831596513|117010
3.079817831596513|118010
3.079817831596513|119010
3.079817831596513|120010
3.079817831596513|121010
3.079817831596513|122010
3.079817831596513|123010
3.079817831596513|124010
3.079817831596513|125010
3.079817831596513|126010
3.079817831596513|127010
3.079817831596513|128010
3.079817831596513|129010
3.079817831596513|130010
3.079817831596513|131010
3.079817831596513|132010
3.079817831596513|133010
3.079817831596513|134010
3.079817831596513|135010
3.079817831596513|136010
3.079817831596513|137010
3.079817831596513|138010
3.079817831596513|139010
3.079817831596513|140010
3.079817831596513|141010
3.079817831596513|142010
3.079817831596513|143010
3.079817831596513|144010
3.079817831596513|145010
3.079817831596513|146010
3.079817831596513|147010
3.079817831596513|148010
3.079817831596513|149010
3.079817831596513|150010
3.079817831596513|151010
3.079817831596513|152010
3.079817831596513|153010
3.079817831596513|154010
3.079817831596513|155010
3.079817831596513|156010
3.079817831596513|157010
3.079817831596513|158010
3.079817831596513|159010
3.079817831596513|160010
3.079817831596513|161010
3.079817831596513|162010
3.079817831596513|163010
3.079817831596513|164010
3.079817831596513|165010
3.079817831596513|166010
3.079817831596513|167010
3.079817831596513|168010
3.079817831596513|169010
3.079817831596513|170010
3.079817831596513|171010
3.079817831596513|172010
3.079817831596513|173010
3.079817831596513|174010
3.079817831596513|175010
3.079817831596513|176010
3.079817831596513|177010
3.079817831596513|178010
3.079817831596513|179010
3.079817831596513|180010
3.079817831596513|181010
3.079817831596513|182010
3.079817831596513|183010
3.079817831596513|184010
3.079817831596513|185010
3.079817831596513|186010
3.079817831596513|187010
3.079817831596513|188010
3.079817831596513|189010
3.079817831596513|190010
3.079817831596513|191010
3.079817831596513|192010
3.079817831596513|193010
3.079817831596513|194010
3.079817831596513|195010
3.079817831596513|196010
3.079817831596513|197010
3.079817831596513|198010
3.079817831596513|199010
3.079817831596513|200010
3.079817831596513|201010
3.079817831596513|202010
3.079817831596513|203010
3.079817831596513|204010
3.079817831596513|205010
3.079817831596513|206010
3.079817831596513|207010
3.079817831596513|208010
3.079817831596513|209010
3.079817831596513|210010
3.079817831596513|211010
3.079817831596513|212010
3.079817831596513|213010
3.079817831596513|214010
3.079817831596513|215010
3.079817831596513|216010
3.079817831596513|217010
3.079817831596513|218010
3.079817831596513|219010
3.079817831596513|220010
3.079817831596513|221010
3.079817831596513|222010
3.079817831596513|223010
3.079817831596513|224010
3.079817831596513|225010
3.079817831596513|226010
3.079817831596513|227010
3.079817831596513|228010
3.079817831596513|229010
3.079817831596513|230010
3.079817831596513|231010
3.079817831596513|232010
3.079817831596513|233010
3.079817831596513|234010
3.079817831596513|235010
3.079817831596513|236010
3.079817831596513|237010
3.079817831596513|238010
3.079817831596513|239010
3.079817831596513|240010
3.079817831596513|241010
3.079817831596513|242010
3.079817831596513|243010
3.079817831596513|244010
3.079817831596513|245010
3.079817831596513|246010
3.079817831596513|247010
3.079817831596513|248010
3.079817831596513|249010
3.079817831596513|250010
3.079817831596513|251010
3.079817831596513|252010
3.079817831596513|253010
3.079817831596513|254010
3.079817831596513|255010
3.079817831596513|256010
3.079817831596513|257010
3.079817831596513|258010
3.079817831596513|259010
3.079817831596513|260010
3.079817831596513|261010
3.079817831596513|262010
3.079817831596513|263010
3.079817831596513|264010
3.079817831596513|265010
3.079817831596513|266010
3.079817831596513|267010
3.079817831596513|268010
3.079817831596513|269010
3.079817831596513|270010
3.079817831596513|271010
3.079817831596513|272010
3.079817831596513|273010
3.079817831596513|274010
2.8299460674147765|275010
2.8299460674147765|276010
2.8299460674147765|277010
2.8299460674147765|278010
2.8299460674147765|279010
2.8299460674147765|280010
2.8299460674147765|281010
2.8299460674147765|282010
2.8299460674147765|283010
2.8299460674147765|284010
2.8299460674147765|285010
2.8299460674147765|286010
2.8299460674147765|287010
2.8299460674147765|288010
2.8299460674147765|289010
2.8299460674147765|290010
2.8299460674147765|291010
2.8299460674147765|292010
2.8299460674147765|293010
2.8299460674147765|294010
2.8299460674147765|295010
2.8299460674147765|296010
2.8299460674147765|297010
2.8299460674147765|298010
2.8299460674147765|299010
2.8299460674147765|300010
2.8299460674147765|301010
2.8299460674147765|302010
2.8299460674147765|303010
2.8299460674147765|304010
2.8299460674147765|305010
2.8299460674147765|306010
2.8299460674147765|307010
2.829946067414776|308010
2.829946067414776|309010
2.829946067414776|310010
2.829946067414776|311010
2.829946067414776|312010
2.829946067414776|313010
2.829946067414776|314010
2.829946067414776|315010
2.829946067414776|316010
2.829946067414776|317010
2.829946067414776|318010
2.829946067414776|319010
2.829946067414776|320010
2.829946067414776|321010
2.829946067414776|322010
2.829946067414776|323010
2.829946067414776|324010
2.829946067414776|325010
2.829946067414776|326010
2.829946067414776|327010
2.829946067414776|328010
2.829946067414776|329010
2.829946067414776|330010
2.829946067414776|331010
2.829946067414776|332010
2.829946067414776|333010
2.829946067414776|334010
2.829946067414776|335010
2.829946067414776|336010
2.829946067414776|337010
2.829946067414776|338010
2.829946067414776|339010
2.829946067414776|340010
2.829946067414776|341010
2.829946067414776|342010
2.829946067414776|343010
2.829946067414776|344010
2.829946067414776|345010
2.829946067414776|346010
2.829946067414776|347010
2.829946067414776|348010
2.829946067414776|349010
2.829946067414776|350010
2.829946067414776|351010
2.829946067414776|352010
2.829946067414776|353010
2.829946067414776|354010
2.829946067414776|355010
2.829946067414776|356010
2.829946067414776|357010
2.829946067414776|358010
2.829946067414776|359010
2.829946067414776|360010
2.829946067414776|361010
2.829946067414776|362010
2.829946067414776|363010
2.829946067414776|364010
2.829946067414776|365010
2.829946067414776|366010
2.829946067414776|367010
2.829946067414776|368010
2.829946067414776|369010
2.829946067414776|370010
2.829946067414776|371010
2.829946067414776|372010
2.829946067414776|373010
2.829946067414776|374010
2.829946067414776|375010
2.829946067414776|376010
2.829946067414776|377010
2.829946067414776|378010
2.829946067414776|379010
2.829946067414776|380010
2.829946067414776|381010
2.829946067414776|382010
2.829946067414776|383010
2.829946067414776|384010
2.829946067414776|385010
2.829946067414776|386010
2.829946067414776|387010
2.829946067414776|388010
2.829946067414776|389010
2.829946067414776|390010
2.829946067414776|391010
2.829946067414776|392010
2.829946067414776|393010
2.829946067414776|394010
2.829946067414776|395010
2.829946067414776|396010
2.829946067414776|397010
2.829946067414776|398010
2.829946067414776|399010
2.829946067414776|400010
2.829946067414776|401010
2.829946067414776|402010
2.829946067414776|403010
2.829946067414776|404010
2.829946067414776|405010
2.829946067414776|406010
2.829946067414776|407010
2.829946067414776|408010
2.829946067414776|409010
2.829946067414776|410010
2.829946067414776|411010
2.829946067414776|412010
2.829946067414776|413010
2.829946067414776|414010
2.829946067414776|415010
2.829946067414776|416010
2.829946067414776|417010
2.829946067414776|418010
2.829946067414776|419010
2.829946067414776|420010
2.829946067414776|421010
2.829946067414776|422010
2.829946067414776|423010
2.829946067414776|424010
2.829946067414776|425010
2.829946067414776|426010
2.829946067414776|427010
2.829946067414776|428010
2.829946067414776|429010
2.829946067414776|430010
2.829946067414776|431010
2.829946067414776|432010
2.829946067414776|433010
2.829946067414776|434010
2.829946067414776|435010
2.829946067414776|436010
2.829946067414776|437010
2.829946067414776|438010
2.829946067414776|439010
2.829946067414776|440010
2.829946067414776|441010
2.829946067414776|442010
2.829946067414776|443010
2.829946067414776|444010
2.829946067414776|445010
2.829946067414776|446010
2.829946067414776|447010
2.829946067414776|448010
2.829946067414776|449010
2.829946067414776|450010
2.829946067414776|451010
2.829946067414776|452010
2.829946067414776|453010
2.829946067414776|454010
2.829946067414776|455010
2.829946067414776|456010
2.829946067414776|457010
2.829946067414776|458010
2.829946067414776|459010
2.829946067414776|460010
2.829946067414776|461010
2.829946067414776|462010
2.829946067414776|463010
2.829946067414776|464010
2.829946067414776|465010
2.829946067414776|466010
2.829946067414776|467010
2.829946067414776|468010
2.829946067414776|469010
2.829946067414776|470010
2.829946067414776|471010
2.829946067414776|472010
2.829946067414776|473010
2.829946067414776|474010
2.829946067414776|475010
2.829946067414776|476010
2.829946067414776|477010
2.829946067414776|478010
2.829946067414776|479010
2.829946067414776|480010
2.829946067414776|481010
2.829946067414776|482010
2.829946067414776|483010
2.829946067414776|484010
2.829946067414776|485010
2.829946067414776|486010
2.829946067414776|487010
2.829946067414776|488010
2.829946067414776|489010
2.829946067414776|490010
2.829946067414776|491010
2.829946067414776|492010
2.829946067414776|493010
2.829946067414776|494010
2.829946067414776|495010
2.829946067414776|496010
2.829946067414776|497010
2.829946067414776|498010
2.829946067414776|499010
2.829946067414776|500010
2.829946067414776|501010
2.829946067414776|502010
2.829946067414776|503010
2.829946067414776|504010
2.829946067414776|505010
2.829946067414776|506010
2.829946067414776|507010
2.829946067414776|508010
2.829946067414776|509010
2.829946067414776|510010
2.829946067414776|511010
2.829946067414776|512010
2.829946067414776|513010
2.829946067414776|514010
2.829946067414776|515010
2.829946067414776|516010
2.829946067414776|517010
2.829946067414776|518010
2.829946067414776|519010
2.829946067414776|520010
2.7957104865950693|521010
2.7957104865950693|522010
2.7957104865950693|523010
2.759610989322886|524010
2.7503445736259517|525010
2.7380500217870414|526010
2.7380500217870414|527010
2.58096764899575|528010
2.58096764899575|529010
2.58096764899575|530010
2.58096764899575|531010
2.58096764899575|532010
2.58096764899575|533010
2.58096764899575|534010
2.58096764899575|535010
2.58096764899575|536010
2.58096764899575|537010
2.58096764899575|538010
2.58096764899575|539010
2.58096764899575|540010
2.58096764899575|541010
2.58096764899575|542010
2.58096764899575|543010
2.58096764899575|544010
2.58096764899575|545010
2.58096764899575|546010
2.58096764899575|547010
2.58096764899575|548010
2.58096764899575|549010
2.58096764899575|550010
2.58096764899575|551010
2.58096764899575|552010
2.58096764899575|553010
2.58096764899575|554010
2.58096764899575|555010
2.58096764899575|556010
2.58096764899575|557010
2.58096764899575|558010
2.58096764899575|559010
2.58096764899575|560010
2.58096764899575|561010
2.58096764899575|562010
2.58096764899575|563010
2.58096764899575|564010
2.58096764899575|565010
2.58096764899575|566010
2.58096764899575|567010
2.58096764899575|568010
2.58096764899575|569010
2.58096764899575|570010
2.58096764899575|571010
2.58096764899575|572010
2.58096764899575|573010
2.58096764899575|574010
2.58096764899575|575010
2.58096764899575|576010
2.58096764899575|577010
2.58096764899575|578010
2.58096764899575|579010
2.58096764899575|580010
2.58096764899575|581010
2.58096764899575|582010
2.58096764899575|583010
2.58096764899575|584010
2.58096764899575|585010
2.58096764899575|586010
2.58096764899575|587010
2.58096764899575|588010
2.58096764899575|589010
2.58096764899575|590010
2.58096764899575|591010
2.58096764899575|592010
2.58096764899575|593010
2.58096764899575|594010
2.58096764899575|595010
2.58096764899575|596010
2.58096764899575|597010
2.58096764899575|598010
2.58096764899575|599010
2.58096764899575|600010
2.58096764899575|601010
2.58096764899575|602010
2.58096764899575|603010
2.58096764899575|604010
2.58096764899575|605010
2.58096764899575|606010
2.58096764899575|607010
2.58096764899575|608010
2.58096764899575|609010
2.58096764899575|610010
2.58096764899575|611010
2.58096764899575|612010
2.58096764899575|613010
2.58096764899575|614010
2.58096764899575|615010
2.58096764899575|616010
2.58096764899575|617010
2.58096764899575|618010
2.58096764899575|619010
2.58096764899575|620010
2.58096764899575|621010
2.58096764899575|622010
2.58096764899575|623010
2.58096764899575|624010
2.58096764899575|625010
2.58096764899575|626010
2.58096764899575|627010
2.58096764899575|628010
2.58096764899575|629010
2.58096764899575|630010
2.58096764899575|631010
2.58096764899575|632010
2.58096764899575|633010
2.58096764899575|634010
2.58096764899575|635010
2.58096764899575|636010
2.58096764899575|637010
2.58096764899575|638010
2.58096764899575|639010
2.58096764899575|640010
2.58096764899575|641010
2.58096764899575|642010
2.58096764899575|643010
2.58096764899575|644010
2.58096764899575|645010
2.58096764899575|646010
2.58096764899575|647010
2.58096764899575|648010
2.58096764899575|649010
2.58096764899575|650010
2.58096764899575|651010
2.58096764899575|652010
2.58096764899575|653010
2.58096764899575|654010
2.58096764899575|655010
2.58096764899575|656010
2.58096764899575|657010
2.58096764899575|658010
2.58096764899575|659010
2.58096764899575|660010
2.58096764899575|661010
2.58096764899575|662010
2.58096764899575|663010
2.58096764899575|664010
2.58096764899575|665010
2.58096764899575|666010
2.58096764899575|667010
2.58096764899575|668010
2.58096764899575|669010
2.58096764899575|670010
2.58096764899575|671010
2.58096764899575|672010
2.58096764899575|673010
2.58096764899575|674010
2.58096764899575|675010
2.58096764899575|676010
2.58096764899575|677010
2.58096764899575|678010
2.58096764899575|679010
2.58096764899575|680010
2.58096764899575|681010
2.58096764899575|682010
2.58096764899575|683010
2.58096764899575|684010
2.58096764899575|685010
2.58096764899575|686010
2.58096764899575|687010
2.58096764899575|688010
2.58096764899575|689010
2.58096764899575|690010
2.58096764899575|691010
2.58096764899575|692010
2.58096764899575|693010
2.58096764899575|694010
2.58096764899575|695010
2.58096764899575|696010
2.58096764899575|697010
2.58096764899575|698010
2.58096764899575|699010
2.58096764899575|700010
2.58096764899575|701010
2.58096764899575|702010
2.58096764899575|703010
2.58096764899575|704010
2.58096764899575|705010
2.58096764899575|706010
2.58096764899575|707010
2.58096764899575|708010
2.58096764899575|709010
2.58096764899575|710010
2.58096764899575|711010
2.58096764899575|712010
2.58096764899575|713010
2.58096764899575|714010
2.58096764899575|715010
2.58096764899575|716010
2.58096764899575|717010
2.58096764899575|718010
2.58096764899575|719010
2.58096764899575|720010
2.58096764899575|721010
2.58096764899575|722010
2.58096764899575|723010
2.58096764899575|724010
2.58096764899575|725010
2.58096764899575|726010
2.58096764899575|727010
2.58096764899575|728010
2.58096764899575|729010
2.58096764899575|730010
2.58096764899575|731010
2.58096764899575|732010
2.58096764899575|733010
2.58096764899575|734010
2.58096764899575|735010
2.58096764899575|736010
2.58096764899575|737010
2.58096764899575|738010
2.58096764899575|739010
2.58096764899575|740010
2.58096764899575|741010
2.58096764899575|742010
2.58096764899575|743010
2.58096764899575|744010
2.58096764899575|745010
2.58096764899575|746010
2.58096764899575|747010
2.58096764899575|748010
2.58096764899575|749010
2.58096764899575|750010
2.58096764899575|751010
2.58096764899575|752010
2.58096764899575|753010
2.58096764899575|754010
2.58096764899575|755010
2.58096764899575|756010
2.58096764899575|757010
2.58096764899575|758010
2.58096764899575|759010
2.58096764899575|760010
2.58096764899575|761010
2.58096764899575|762010
2.58096764899575|763010
2.58096764899575|764010
2.58096764899575|765010
2.58096764899575|766010
2.58096764899575|767010
2.58096764899575|768010
2.58096764899575|769010
2.58096764899575|770010
2.58096764899575|771010
2.58096764899575|772010
2.58096764899575|773010
2.58096764899575|774010
2.58096764899575|775010
2.58096764899575|776010
2.58096764899575|777010
2.58096764899575|778010
2.58096764899575|779010
2.58096764899575|780010
2.58096764899575|781010
2.58096764899575|782010
2.58096764899575|783010
2.58096764899575|784010
2.58096764899575|785010
2.58096764899575|786010
2.58096764899575|787010
2.58096764899575|788010
2.58096764899575|789010
2.58096764899575|790010
2.58096764899575|791010
2.58096764899575|792010
2.58096764899575|793010
2.58096764899575|794010
2.58096764899575|795010
2.58096764899575|796010
2.58096764899575|797010
2.58096764899575|798010
2.58096764899575|799010
2.58096764899575|800010
2.58096764899575|801010
2.58096764899575|802010
2.58096764899575|803010
2.58096764899575|804010
2.58096764899575|805010
2.58096764899575|806010
2.58096764899575|807010
2.58096764899575|808010
2.58096764899575|809010
2.58096764899575|810010
2.58096764899575|811010
2.58096764899575|812010
2.58096764899575|813010
2.58096764899575|814010
2.58096764899575|815010
2.58096764899575|816010
2.58096764899575|817010
2.58096764899575|818010
2.58096764899575|819010
2.58096764899575|820010
2.58096764899575|821010
2.58096764899575|822010
2.58096764899575|823010
2.58096764899575|824010
2.58096764899575|825010
2.58096764899575|826010
2.58096764899575|827010
2.58096764899575|828010
2.58096764899575|829010
2.58096764899575|830010
2.58096764899575|831010
2.58096764899575|832010
2.58096764899575|833010
2.58096764899575|834010
2.58096764899575|835010
2.58096764899575|836010
2.58096764899575|837010
2.58096764899575|838010
2.58096764899575|839010
2.58096764899575|840010
2.58096764899575|841010
2.58096764899575|842010
2.58096764899575|843010
2.58096764899575|844010
2.58096764899575|845010
2.58096764899575|846010
2.58096764899575|847010
2.58096764899575|848010
2.58096764899575|849010
2.58096764899575|850010
2.58096764899575|851010
2.58096764899575|852010
2.58096764899575|853010
2.58096764899575|854010
2.58096764899575|855010
2.58096764899575|856010
2.58096764899575|857010
2.58096764899575|858010
2.58096764899575|859010
2.58096764899575|860010
2.58096764899575|861010
2.58096764899575|862010
2.58096764899575|863010
2.58096764899575|864010
2.58096764899575|865010
2.58096764899575|866010
2.58096764899575|867010
2.58096764899575|868010
2.58096764899575|869010
2.58096764899575|870010
2.58096764899575|871010
2.58096764899575|872010
2.58096764899575|873010
2.58096764899575|874010
2.58096764899575|875010
2.58096764899575|876010
2.58096764899575|877010
2.58096764899575|878010
2.58096764899575|879010
2.58096764899575|880010
2.58096764899575|881010
2.58096764899575|882010
2.58096764899575|883010
2.58096764899575|884010
2.58096764899575|885010
2.58096764899575|886010
2.58096764899575|887010
2.58096764899575|888010
2.58096764899575|889010
2.58096764899575|890010
2.58096764899575|891010
2.58096764899575|892010
2.58096764899575|893010
2.58096764899575|894010
2.58096764899575|895010
2.58096764899575|896010
2.58096764899575|897010
2.58096764899575|898010
2.58096764899575|899010
2.58096764899575|900010
2.58096764899575|901010
2.58096764899575|902010
2.58096764899575|903010
2.58096764899575|904010
2.58096764899575|905010
2.58096764899575|906010
2.58096764899575|907010
2.58096764899575|908010
2.58096764899575|909010
2.58096764899575|910010
2.58096764899575|911010
2.58096764899575|912010
2.58096764899575|913010
2.58096764899575|914010
2.58096764899575|915010
2.58096764899575|916010
2.58096764899575|917010
2.58096764899575|918010
2.58096764899575|919010
2.58096764899575|920010
2.58096764899575|921010
2.58096764899575|922010
2.58096764899575|923010
2.58096764899575|924010
2.58096764899575|925010
2.58096764899575|926010
2.58096764899575|927010
2.58096764899575|928010
2.58096764899575|929010
2.58096764899575|930010
2.58096764899575|931010
2.58096764899575|932010
2.58096764899575|933010
2.58096764899575|934010
2.58096764899575|935010
2.58096764899575|936010
2.58096764899575|937010
2.58096764899575|938010
2.58096764899575|939010
2.58096764899575|940010
2.58096764899575|941010
2.58096764899575|942010
2.58096764899575|943010
2.58096764899575|944010
2.58096764899575|945010
2.58096764899575|946010
2.58096764899575|947010
2.58096764899575|948010
2.58096764899575|949010
2.58096764899575|950010
2.58096764899575|951010
2.58096764899575|952010
2.58096764899575|953010
2.58096764899575|954010
2.58096764899575|955010
2.58096764899575|956010
2.58096764899575|957010
2.58096764899575|958010
2.58096764899575|959010
2.58096764899575|960010
2.58096764899575|961010
2.58096764899575|962010
2.58096764899575|963010
2.58096764899575|964010
2.58096764899575|965010
2.58096764899575|966010
2.58096764899575|967010
2.58096764899575|968010
2.58096764899575|969010
2.58096764899575|970010
2.58096764899575|971010
2.58096764899575|972010
2.58096764899575|973010
2.58096764899575|974010
2.58096764899575|975010
2.58096764899575|976010
2.58096764899575|977010
2.58096764899575|978010
2.58096764899575|979010
2.58096764899575|980010
2.58096764899575|981010
2.58096764899575|982010
2.58096764899575|983010
2.58096764899575|984010
2.58096764899575|985010
2.58096764899575|986010
2.58096764899575|987010
2.58096764899575|988010
2.58096764899575|989010
2.58096764899575|990010
2.58096764899575|991010
2.58096764899575|992010
2.58096764899575|993010
2.58096764899575|994010
2.58096764899575|995010
2.58096764899575|996010
2.58096764899575|997010
2.58096764899575|998010
2.58096764899575|999010
2.58096764899575|1000010
