13.961210860254202|1100
11.999691530182776|2100
10.619737608665607|3100
10.619737608665607|4100
9.432562970805236|5100
9.243991020470283|6100
8.868479297769479|7100
8.060660064576684|8100
7.853923614142142|9100
7.556373587960747|10100
6.391399340130959|11100
5.698841937398771|12100
5.363139456910626|13100
5.288083163571309|14100
4.815578786965252|15100
4.607466176666573|16100
4.415781571678965|17100
4.372589435481818|18100
4.120622765346302|19100
4.006921310699059|20100
3.9689352234159214|21100
3.950342329131043|22100
3.611887385921282|23100
3.5660243687901216|24100
3.5148127318339353|25100
3.476836306694593|26100
3.417118737212962|27100
3.290614348710016|28100
3.290614348710016|29100
3.2709519791456523|30100
3.2324785032744554|31100
3.232469173744475|32100
3.214560137432704|33100
3.184760085161041|34100
3.184760085161041|35100
3.1847600851610407|36100
3.1847600851610407|37100
3.1701545404116365|38100
3.158510002251006|39100
3.1461557909858064|40100
3.1461557909858064|41100
3.1461557909858064|42100
3.1104515563670923|43100
3.1104515563670923|44100
3.109853393694332|45100
3.1098533936943316|46100
3.1047189218892113|47100
3.1047189218892113|48100
3.1047189218892113|49100
3.1047189218892113|50100
3.1047189218892104|51100
3.1047189218892104|52100
3.1047189218892104|53100
3.1047189218892104|54100
3.1047189218892104|55100
3.1047189218892104|56100
3.0998562783140966|57100
3.0998562783140966|58100
3.0998562783140966|59100
3.0998562783140966|60100
3.0998562783140966|61100
3.0998562783140966|62100
3.0998562783140966|63100
3.0998562783140966|64100
3.0998562783140966|65100
3.0998562783140966|66100
3.0998562783140966|67100
3.0998562783140966|68100
3.0998562783140966|69100
3.0998562783140966|70100
3.0998562783140966|71100
3.0998562783140966|72100
3.0998562783140966|73100
3.0998562783140966|74100
3.0998562783140966|75100
3.0998562783140966|76100
3.0998562783140966|77100
3.0998562783140966|78100
3.0998562783140966|79100
3.0998562783140966|80100
3.0998562783140966|81100
3.0998562783140966|82100
3.0998562783140966|83100
3.0998562783140966|84100
3.0998562783140966|85100
3.0998562783140966|86100
3.0998562783140966|87100
3.0998562783140966|88100
3.0998562783140966|89100
3.0998562783140966|90100
3.0998562783140966|91100
3.0998562783140966|92100
3.0998562783140966|93100
3.0998562783140966|94100
3.0998562783140966|95100
3.0998562783140966|96100
3.0998562783140966|97100
3.0998562783140966|98100
3.0998562783140966|99100
3.0998562783140966|100100
3.0998562783140966|101100
3.0998562783140966|102100
3.0998562783140966|103100
3.0998562783140966|104100
3.0998562783140966|105100
3.0998562783140966|106100
3.0998562783140966|107100
3.0998562783140966|108100
3.0998562783140966|109100
3.0998562783140966|110100
3.0998562783140966|111100
3.0998562783140966|112100
3.0998562783140966|113100
3.0998562783140966|114100
3.0998562783140966|115100
3.0998562783140966|116100
3.0998562783140966|117100
3.0998562783140966|118100
3.0998562783140966|119100
3.0998562783140966|120100
3.0998562783140966|121100
3.0998562783140966|122100
3.0998562783140966|123100
3.0998562783140966|124100
3.0998562783140966|125100
3.0998562783140966|126100
3.0998562783140966|127100
3.0998562783140966|128100
3.0998562783140966|129100
3.0998562783140966|130100
3.0998562783140966|131100
3.0998562783140966|132100
3.0998562783140966|133100
3.0998562783140966|134100
3.0998562783140966|135100
3.0998562783140966|136100
3.0998562783140966|137100
3.0998562783140966|138100
3.0998562783140966|139100
3.0998562783140966|140100
3.0998562783140966|141100
3.0998562783140966|142100
3.0998562783140966|143100
3.0998562783140966|144100
3.0998562783140966|145100
3.0998562783140966|146100
3.0998562783140966|147100
3.0998562783140966|148100
3.0998562783140966|149100
3.0998562783140966|150100
3.0998562783140966|151100
3.0998562783140966|152100
3.0998562783140966|153100
3.0998562783140966|154100
3.0998562783140966|155100
3.0998562783140966|156100
3.0998562783140966|157100
3.0998562783140966|158100
3.0998562783140966|159100
3.0998562783140966|160100
3.0998562783140966|161100
3.0998562783140966|162100
3.0998562783140966|163100
3.0998562783140966|164100
3.0998562783140966|165100
3.0998562783140966|166100
3.0998562783140966|167100
3.0998562783140966|168100
3.0998562783140966|169100
3.0998562783140966|170100
3.0998562783140966|171100
3.0998562783140966|172100
3.0998562783140966|173100
3.0998562783140966|174100
3.0998562783140966|175100
3.0998562783140966|176100
3.0998562783140966|177100
3.0998562783140966|178100
3.0998562783140966|179100
3.0998562783140966|180100
3.0998562783140966|181100
3.0998562783140966|182100
3.0998562783140966|183100
3.0998562783140966|184100
3.0998562783140966|185100
3.0998562783140966|186100
3.0998562783140966|187100
3.0977805336515263|188100
3.0977805336515263|189100
3.0977805336515263|190100
3.0977805336515263|191100
3.0977805336515263|192100
3.0977805336515263|193100
3.0977805336515263|194100
3.0977805336515263|195100
3.0977805336515263|196100
3.0977805336515263|197100
3.0977805336515263|198100
3.0977805336515263|199100
3.0977805336515263|200100
3.0977805336515263|201100
3.0977805336515263|202100
3.0977805336515263|203100
3.0977805336515263|204100
3.0977805336515263|205100
3.0977805336515263|206100
3.0977805336515263|207100
3.0977805336515263|208100
3.0977805336515263|209100
3.0977805336515263|210100
3.0977805336515263|211100
3.0977805336515263|212100
3.0977805336515263|213100
3.0977805336515263|214100
3.097780533651526|215100
3.097780533651526|216100
3.097780533651526|217100
3.097780533651526|218100
3.097780533651526|219100
3.089286735849782|220100
3.089286735849782|221100
3.089286735849782|222100
3.089286735849782|223100
3.089286735849782|224100
3.089286735849782|225100
3.089286735849782|226100
3.074237913236148|227100
3.0488497426705097|228100
3.0488497426705097|229100
3.0488497426705097|230100
3.0488497426705097|231100
3.0488497426705097|232100
3.0488497426705097|233100
3.0488497426705097|234100
3.0488497426705097|235100
3.0488497426705097|236100
3.0488497426705097|237100
3.0488497426705097|238100
3.0488497426705097|239100
3.0488497426705097|240100
3.0488497426705097|241100
3.0488497426705097|242100
3.0488497426705097|243100
3.0488497426705097|244100
3.0488497426705097|245100
3.0488497426705097|246100
3.0488497426705097|247100
3.0488497426705097|248100
3.0488497426705097|249100
3.0488497426705097|250100
3.0488497426705097|251100
3.0488497426705097|252100
3.0488497426705097|253100
3.0488497426705097|254100
3.0488497426705097|255100
3.0488497426705097|256100
3.0488497426705097|257100
3.0488497426705097|258100
3.0488497426705097|259100
3.0488497426705097|260100
3.0488497426705097|261100
3.0488497426705097|262100
3.0488497426705097|263100
3.0488497426705097|264100
3.0488497426705097|265100
3.0488497426705097|266100
3.0488497426705097|267100
3.0488497426705097|268100
3.0488497426705097|269100
3.0488497426705097|270100
3.0488497426705097|271100
3.0488497426705097|272100
3.0488497426705097|273100
3.0488497426705097|274100
3.0488497426705097|275100
3.0488497426705097|276100
3.0488497426705097|277100
3.0488497426705097|278100
3.0488497426705097|279100
3.0488497426705097|280100
3.0488497426705097|281100
3.0488497426705097|282100
3.0488497426705097|283100
3.0488497426705097|284100
3.0488497426705097|285100
3.0488497426705097|286100
3.0488497426705097|287100
3.0488497426705097|288100
3.0488497426705097|289100
3.0488497426705097|290100
3.0488497426705097|291100
3.0488497426705097|292100
3.0488497426705097|293100
3.0488497426705097|294100
3.0488497426705097|295100
3.0488497426705097|296100
3.0488497426705097|297100
3.0488497426705097|298100
3.0488497426705097|299100
3.0488497426705097|300100
3.0488497426705097|301100
3.0488497426705097|302100
3.0488497426705097|303100
3.0488497426705097|304100
3.0488497426705097|305100
3.0488497426705097|306100
3.0488497426705097|307100
3.0488497426705097|308100
3.0488497426705097|309100
3.0488497426705097|310100
3.0488497426705097|311100
3.0488497426705097|312100
3.0488497426705097|313100
3.0488497426705097|314100
3.0488497426705097|315100
3.0488497426705097|316100
3.0488497426705097|317100
3.0488497426705097|318100
3.0488497426705097|319100
3.0488497426705097|320100
3.0488497426705097|321100
3.0488497426705097|322100
3.0488497426705097|323100
3.0488497426705097|324100
3.0488497426705097|325100
3.0488497426705097|326100
3.0488497426705097|327100
3.0488497426705097|328100
3.0488497426705097|329100
3.0488497426705097|330100
3.0488497426705097|331100
3.0488497426705097|332100
3.0488497426705097|333100
3.0488497426705097|334100
3.0488497426705097|335100
3.0488497426705097|336100
3.0488497426705097|337100
3.0488497426705097|338100
3.0488497426705097|339100
3.0488497426705097|340100
3.0488497426705097|341100
3.0488497426705097|342100
3.0488497426705097|343100
3.0488497426705097|344100
3.0488497426705097|345100
3.0488497426705097|346100
3.0488497426705097|347100
3.0488497426705097|348100
3.0488497426705097|349100
3.0488497426705097|350100
3.0488497426705097|351100
3.0488497426705097|352100
3.0488497426705097|353100
3.0488497426705097|354100
3.0488497426705097|355100
3.0488497426705097|356100
3.0488497426705097|357100
3.0488497426705097|358100
3.0488497426705097|359100
3.0488497426705097|360100
3.0488497426705097|361100
3.0488497426705097|362100
3.0488497426705097|363100
3.0488497426705097|364100
3.0488497426705097|365100
3.0488497426705097|366100
3.0488497426705097|367100
3.0488497426705097|368100
3.0488497426705097|369100
3.0488497426705097|370100
3.0488497426705097|371100
3.0488497426705097|372100
3.0488497426705097|373100
3.0488497426705097|374100
3.0488497426705097|375100
3.0488497426705097|376100
3.0488497426705097|377100
3.0488497426705097|378100
3.0488497426705097|379100
3.0488497426705097|380100
3.0488497426705097|381100
3.0488497426705097|382100
3.0488497426705097|383100
3.0488497426705097|384100
3.0488497426705097|385100
3.0488497426705097|386100
3.0488497426705097|387100
3.0488497426705097|388100
3.0488497426705097|389100
3.0488497426705097|390100
3.0488497426705097|391100
3.0488497426705097|392100
3.0488497426705097|393100
3.0488497426705097|394100
3.0488497426705097|395100
3.0488497426705097|396100
3.0488497426705097|397100
3.0488497426705097|398100
3.0488497426705097|399100
3.0488497426705097|400100
3.0488497426705097|401100
3.0488497426705097|402100
3.0488497426705097|403100
3.0488497426705097|404100
3.0488497426705097|405100
3.0488497426705097|406100
3.0488497426705097|407100
3.0488497426705097|408100
3.0488497426705097|409100
3.0488497426705097|410100
3.0488497426705097|411100
3.0488497426705097|412100
3.0488497426705097|413100
3.0488497426705097|414100
3.0488497426705097|415100
3.0488497426705097|416100
3.0488497426705097|417100
3.0488497426705097|418100
3.0488497426705097|419100
3.0488497426705097|420100
3.0488497426705097|421100
3.0488497426705097|422100
3.0488497426705097|423100
3.0488497426705097|424100
3.0488497426705097|425100
3.0488497426705097|426100
3.0488497426705097|427100
3.0488497426705097|428100
3.0488497426705097|429100
3.0488497426705097|430100
3.0488497426705097|431100
3.0488497426705097|432100
3.0488497426705097|433100
3.0488497426705097|434100
3.0488497426705097|435100
3.0488497426705097|436100
3.0488497426705097|437100
3.0488497426705097|438100
3.0488497426705097|439100
3.0488497426705097|440100
3.0488497426705097|441100
3.0488497426705097|442100
3.0488497426705097|443100
3.0488497426705097|444100
3.0488497426705097|445100
3.0488497426705097|446100
3.0488497426705097|447100
3.0488497426705097|448100
3.0488497426705097|449100
3.0488497426705097|450100
3.0488497426705097|451100
3.0488497426705097|452100
3.0488497426705097|453100
3.0488497426705097|454100
3.0488497426705097|455100
3.0488497426705097|456100
3.0488497426705097|457100
3.0447026052759374|458100
3.0447026052759374|459100
3.0447026052759374|460100
3.0447026052759374|461100
3.0447026052759374|462100
3.0447026052759374|463100
3.0447026052759374|464100
3.0447026052759374|465100
3.0087534794592306|466100
3.0087534794592306|467100
3.0087534794592306|468100
3.0087534794592306|469100
2.983889680360964|470100
2.983889680360964|471100
2.983889680360964|472100
2.904240548997201|473100
2.904240548997201|474100
2.904240548997201|475100
2.904240548997201|476100
2.904240548997201|477100
2.904240548997201|478100
2.904240548997201|479100
2.904240548997201|480100
2.904240548997201|481100
2.904240548997201|482100
2.904240548997201|483100
2.904240548997201|484100
2.904240548997201|485100
2.904240548997201|486100
2.904240548997201|487100
2.904240548997201|488100
2.904240548997201|489100
2.904240548997201|490100
2.904240548997201|491100
2.904240548997201|492100
2.904240548997201|493100
2.904240548997201|494100
2.904240548997201|495100
2.904240548997201|496100
2.904240548997201|497100
2.904240548997201|498100
2.904240548997201|499100
2.904240548997201|500100
2.904240548997201|501100
2.904240548997201|502100
2.904240548997201|503100
2.904240548997201|504100
2.904240548997201|505100
2.904240548997201|506100
2.904240548997201|507100
2.904240548997201|508100
2.904240548997201|509100
2.904240548997201|510100
2.904240548997201|511100
2.904240548997201|512100
2.904240548997201|513100
2.904240548997201|514100
2.904240548997201|515100
2.904240548997201|516100
2.904240548997201|517100
2.904240548997201|518100
2.904240548997201|519100
2.904240548997201|520100
2.904240548997201|521100
2.904240548997201|522100
2.904240548997201|523100
2.904240548997201|524100
2.904240548997201|525100
2.904240548997201|526100
2.904240548997201|527100
2.904240548997201|528100
2.904240548997201|529100
2.904240548997201|530100
2.904240548997201|531100
2.904240548997201|532100
2.904240548997201|533100
2.904240548997201|534100
2.904240548997201|535100
2.904240548997201|536100
2.904240548997201|537100
2.904240548997201|538100
2.904240548997201|539100
2.904240548997201|540100
2.904240548997201|541100
2.904240548997201|542100
2.904240548997201|543100
2.904240548997201|544100
2.904240548997201|545100
2.904240548997201|546100
2.904240548997201|547100
2.904240548997201|548100
2.904240548997201|549100
2.904240548997201|550100
2.904240548997201|551100
2.904240548997201|552100
2.904240548997201|553100
2.904240548997201|554100
2.904240548997201|555100
2.904240548997201|556100
2.904240548997201|557100
2.904240548997201|558100
2.904240548997201|559100
2.904240548997201|560100
2.904240548997201|561100
2.904240548997201|562100
2.904240548997201|563100
2.904240548997201|564100
2.904240548997201|565100
2.904240548997201|566100
2.904240548997201|567100
2.904240548997201|568100
2.904240548997201|569100
2.904240548997201|570100
2.904240548997201|571100
2.904240548997201|572100
2.904240548997201|573100
2.904240548997201|574100
2.904240548997201|575100
2.904240548997201|576100
2.904240548997201|577100
2.904240548997201|578100
2.904240548997201|579100
2.904240548997201|580100
2.904240548997201|581100
2.904240548997201|582100
2.904240548997201|583100
2.904240548997201|584100
2.904240548997201|585100
2.904240548997201|586100
2.904240548997201|587100
2.904240548997201|588100
2.904240548997201|589100
2.904240548997201|590100
2.904240548997201|591100
2.904240548997201|592100
2.904240548997201|593100
2.904240548997201|594100
2.904240548997201|595100
2.904240548997201|596100
2.904240548997201|597100
2.904240548997201|598100
2.904240548997201|599100
2.904240548997201|600100
2.904240548997201|601100
2.904240548997201|602100
2.904240548997201|603100
2.904240548997201|604100
2.904240548997201|605100
2.904240548997201|606100
2.904240548997201|607100
2.904240548997201|608100
2.904240548997201|609100
2.904240548997201|610100
2.904240548997201|611100
2.904240548997201|612100
2.904240548997201|613100
2.904240548997201|614100
2.904240548997201|615100
2.904240548997201|616100
2.904240548997201|617100
2.904240548997201|618100
2.904240548997201|619100
2.904240548997201|620100
2.904240548997201|621100
2.904240548997201|622100
2.904240548997201|623100
2.904240548997201|624100
2.904240548997201|625100
2.904240548997201|626100
2.904240548997201|627100
2.904240548997201|628100
2.904240548997201|629100
2.904240548997201|630100
2.904240548997201|631100
2.904240548997201|632100
2.904240548997201|633100
2.904240548997201|634100
2.904240548997201|635100
2.904240548997201|636100
2.904240548997201|637100
2.904240548997201|638100
2.904240548997201|639100
2.904240548997201|640100
2.904240548997201|641100
2.904240548997201|642100
2.904240548997201|643100
2.904240548997201|644100
2.904240548997201|645100
2.904240548997201|646100
2.904240548997201|647100
2.904240548997201|648100
2.904240548997201|649100
2.904240548997201|650100
2.904240548997201|651100
2.904240548997201|652100
2.904240548997201|653100
2.904240548997201|654100
2.904240548997201|655100
2.904240548997201|656100
2.904240548997201|657100
2.904240548997201|658100
2.904240548997201|659100
2.904240548997201|660100
2.904240548997201|661100
2.904240548997201|662100
2.904240548997201|663100
2.904240548997201|664100
2.904240548997201|665100
2.904240548997201|666100
2.904240548997201|667100
2.904240548997201|668100
2.904240548997201|669100
2.904240548997201|670100
2.904240548997201|671100
2.904240548997201|672100
2.904240548997201|673100
2.904240548997201|674100
2.904240548997201|675100
2.904240548997201|676100
2.904240548997201|677100
2.904240548997201|678100
2.904240548997201|679100
2.904240548997201|680100
2.904240548997201|681100
2.904240548997201|682100
2.904240548997201|683100
2.904240548997201|684100
2.904240548997201|685100
2.904240548997201|686100
2.904240548997201|687100
2.904240548997201|688100
2.904240548997201|689100
2.904240548997201|690100
2.904240548997201|691100
2.904240548997201|692100
2.904240548997201|693100
2.904240548997201|694100
2.904240548997201|695100
2.904240548997201|696100
2.904240548997201|697100
2.904240548997201|698100
2.904240548997201|699100
2.904240548997201|700100
2.904240548997201|701100
2.904240548997201|702100
2.904240548997201|703100
2.904240548997201|704100
2.904240548997201|705100
2.904240548997201|706100
2.904240548997201|707100
2.904240548997201|708100
2.904240548997201|709100
2.904240548997201|710100
2.904240548997201|711100
2.904240548997201|712100
2.904240548997201|713100
2.904240548997201|714100
2.904240548997201|715100
2.904240548997201|716100
2.904240548997201|717100
2.904240548997201|718100
2.904240548997201|719100
2.904240548997201|720100
2.904240548997201|721100
2.904240548997201|722100
2.904240548997201|723100
2.904240548997201|724100
2.904240548997201|725100
2.904240548997201|726100
2.904240548997201|727100
2.904240548997201|728100
2.904240548997201|729100
2.904240548997201|730100
2.904240548997201|731100
2.904240548997201|732100
2.904240548997201|733100
2.904240548997201|734100
2.904240548997201|735100
2.904240548997201|736100
2.904240548997201|737100
2.904240548997201|738100
2.904240548997201|739100
2.904240548997201|740100
2.904240548997201|741100
2.904240548997201|742100
2.904240548997201|743100
2.904240548997201|744100
2.904240548997201|745100
2.904240548997201|746100
2.904240548997201|747100
2.904240548997201|748100
2.904240548997201|749100
2.904240548997201|750100
2.904240548997201|751100
2.904240548997201|752100
2.904240548997201|753100
2.904240548997201|754100
2.904240548997201|755100
2.904240548997201|756100
2.904240548997201|757100
2.904240548997201|758100
2.904240548997201|759100
2.904240548997201|760100
2.904240548997201|761100
2.904240548997201|762100
2.904240548997201|763100
2.904240548997201|764100
2.904240548997201|765100
2.904240548997201|766100
2.904240548997201|767100
2.904240548997201|768100
2.904240548997201|769100
2.904240548997201|770100
2.904240548997201|771100
2.904240548997201|772100
2.904240548997201|773100
2.904240548997201|774100
2.904240548997201|775100
2.904240548997201|776100
2.904240548997201|777100
2.904240548997201|778100
2.904240548997201|779100
2.904240548997201|780100
2.904240548997201|781100
2.904240548997201|782100
2.904240548997201|783100
2.904240548997201|784100
2.904240548997201|785100
2.904240548997201|786100
2.904240548997201|787100
2.904240548997201|788100
2.904240548997201|789100
2.904240548997201|790100
2.904240548997201|791100
2.904240548997201|792100
2.904240548997201|793100
2.904240548997201|794100
2.904240548997201|795100
2.904240548997201|796100
2.904240548997201|797100
2.904240548997201|798100
2.904240548997201|799100
2.904240548997201|800100
2.904240548997201|801100
2.904240548997201|802100
2.904240548997201|803100
2.904240548997201|804100
2.904240548997201|805100
2.904240548997201|806100
2.904240548997201|807100
2.904240548997201|808100
2.904240548997201|809100
2.904240548997201|810100
2.904240548997201|811100
2.904240548997201|812100
2.904240548997201|813100
2.904240548997201|814100
2.904240548997201|815100
2.904240548997201|816100
2.904240548997201|817100
2.904240548997201|818100
2.904240548997201|819100
2.904240548997201|820100
2.904240548997201|821100
2.904240548997201|822100
2.904240548997201|823100
2.904240548997201|824100
2.904240548997201|825100
2.904240548997201|826100
2.904240548997201|827100
2.904240548997201|828100
2.904240548997201|829100
2.904240548997201|830100
2.904240548997201|831100
2.904240548997201|832100
2.904240548997201|833100
2.904240548997201|834100
2.904240548997201|835100
2.904240548997201|836100
2.904240548997201|837100
2.904240548997201|838100
2.904240548997201|839100
2.904240548997201|840100
2.904240548997201|841100
2.904240548997201|842100
2.904240548997201|843100
2.904240548997201|844100
2.904240548997201|845100
2.904240548997201|846100
2.904240548997201|847100
2.904240548997201|848100
2.904240548997201|849100
2.904240548997201|850100
2.904240548997201|851100
2.904240548997201|852100
2.904240548997201|853100
2.904240548997201|854100
2.904240548997201|855100
2.904240548997201|856100
2.904240548997201|857100
2.904240548997201|858100
2.904240548997201|859100
2.904240548997201|860100
2.904240548997201|861100
2.904240548997201|862100
2.904240548997201|863100
2.904240548997201|864100
2.904240548997201|865100
2.904240548997201|866100
2.904240548997201|867100
2.904240548997201|868100
2.904240548997201|869100
2.904240548997201|870100
2.904240548997201|871100
2.904240548997201|872100
2.904240548997201|873100
2.904240548997201|874100
2.904240548997201|875100
2.904240548997201|876100
2.904240548997201|877100
2.904240548997201|878100
2.904240548997201|879100
2.904240548997201|880100
2.904240548997201|881100
2.904240548997201|882100
2.904240548997201|883100
2.904240548997201|884100
2.904240548997201|885100
2.904240548997201|886100
2.904240548997201|887100
2.904240548997201|888100
2.904240548997201|889100
2.904240548997201|890100
2.904240548997201|891100
2.904240548997201|892100
2.904240548997201|893100
2.904240548997201|894100
2.904240548997201|895100
2.904240548997201|896100
2.904240548997201|897100
2.904240548997201|898100
2.904240548997201|899100
2.904240548997201|900100
2.904240548997201|901100
2.904240548997201|902100
2.904240548997201|903100
2.904240548997201|904100
2.904240548997201|905100
2.904240548997201|906100
2.904240548997201|907100
2.904240548997201|908100
2.904240548997201|909100
2.904240548997201|910100
2.904240548997201|911100
2.904240548997201|912100
2.904240548997201|913100
2.904240548997201|914100
2.904240548997201|915100
2.904240548997201|916100
2.904240548997201|917100
2.904240548997201|918100
2.904240548997201|919100
2.904240548997201|920100
2.904240548997201|921100
2.904240548997201|922100
2.904240548997201|923100
2.904240548997201|924100
2.904240548997201|925100
2.904240548997201|926100
2.904240548997201|927100
2.904240548997201|928100
2.904240548997201|929100
2.904240548997201|930100
2.904240548997201|931100
2.904240548997201|932100
2.904240548997201|933100
2.904240548997201|934100
2.904240548997201|935100
2.904240548997201|936100
2.904240548997201|937100
2.904240548997201|938100
2.904240548997201|939100
2.904240548997201|940100
2.904240548997201|941100
2.904240548997201|942100
2.904240548997201|943100
2.904240548997201|944100
2.904240548997201|945100
2.904240548997201|946100
2.904240548997201|947100
2.904240548997201|948100
2.904240548997201|949100
2.904240548997201|950100
2.904240548997201|951100
2.904240548997201|952100
2.904240548997201|953100
2.904240548997201|954100
2.904240548997201|955100
2.904240548997201|956100
2.904240548997201|957100
2.904240548997201|958100
2.904240548997201|959100
2.904240548997201|960100
2.904240548997201|961100
2.904240548997201|962100
2.904240548997201|963100
2.904240548997201|964100
2.904240548997201|965100
2.904240548997201|966100
2.904240548997201|967100
2.904240548997201|968100
2.904240548997201|969100
2.904240548997201|970100
2.904240548997201|971100
2.904240548997201|972100
2.904240548997201|973100
2.904240548997201|974100
2.904240548997201|975100
2.904240548997201|976100
2.904240548997201|977100
2.904240548997201|978100
2.904240548997201|979100
2.904240548997201|980100
2.904240548997201|981100
2.904240548997201|982100
2.904240548997201|983100
2.904240548997201|984100
2.904240548997201|985100
2.904240548997201|986100
2.904240548997201|987100
2.904240548997201|988100
2.904240548997201|989100
2.904240548997201|990100
2.904240548997201|991100
2.904240548997201|992100
2.904240548997201|993100
2.904240548997201|994100
2.904240548997201|995100
2.904240548997201|996100
2.904240548997201|997100
2.904240548997201|998100
2.904240548997201|999100
2.904240548997201|1000100
