13.461919982732509|2000
13.1921235374774|3000
12.687984307526452|4000
12.687984307526452|5000
12.355053475270564|6000
11.778342416805604|7000
11.778342416805604|8000
11.653476662507265|9000
11.520483167847727|10000
11.520483167847727|11000
11.28166309106244|12000
11.28166309106244|13000
11.28166309106244|14000
10.864778407793274|15000
10.864778407793274|16000
10.864778407793274|17000
10.747164308928646|18000
10.539223240008141|19000
10.539223240008141|20000
10.539223240008141|21000
10.539223240008141|22000
10.539223240008141|23000
10.463262683583283|24000
10.272299314363343|25000
10.021567964663681|26000
10.021567964663681|27000
10.021567964663681|28000
10.021567964663681|29000
10.021567964663681|30000
10.021567964663681|31000
9.397244585894887|32000
9.397244585894887|33000
9.397244585894887|34000
9.397244585894887|35000
9.397244585894887|36000
9.397244585894887|37000
9.397244585894887|38000
9.397244585894887|39000
9.397244585894887|40000
9.397244585894887|41000
9.397244585894887|42000
9.397244585894887|43000
9.397244585894887|44000
9.397244585894887|45000
9.397244585894887|46000
9.397244585894887|47000
9.397244585894887|48000
9.397244585894887|49000
9.397244585894887|50000
9.343613157040185|51000
8.724997680162556|52000
8.724997680162556|53000
8.11444394021536|54000
7.972621359739826|55000
7.972621359739826|56000
7.972621359739826|57000
7.972621359739826|58000
7.972621359739826|59000
7.972621359739826|60000
7.972621359739826|61000
7.972621359739826|62000
7.972621359739826|63000
7.972621359739826|64000
7.972621359739826|65000
7.972621359739826|66000
7.972621359739826|67000
7.972621359739826|68000
7.972621359739826|69000
7.972621359739826|70000
7.972621359739826|71000
7.972621359739826|72000
7.972621359739826|73000
7.972621359739826|74000
7.809708843729888|75000
7.809708843729888|76000
7.809708843729888|77000
7.809708843729888|78000
7.809708843729888|79000
7.809708843729888|80000
7.809708843729888|81000
7.205840677867272|82000
7.205840677867272|83000
7.205840677867272|84000
7.205840677867272|85000
7.205840677867272|86000
7.205840677867272|87000
7.205840677867272|88000
7.205840677867272|89000
7.205840677867272|90000
7.205840677867272|91000
7.205840677867272|92000
7.205840677867272|93000
7.205840677867272|94000
7.205840677867272|95000
7.205840677867272|96000
7.0496369161113|97000
7.0496369161113|98000
7.0496369161113|99000
7.0496369161113|100000
7.0496369161113|101000
7.0496369161113|102000
7.0496369161113|103000
7.0496369161113|104000
7.0496369161113|105000
7.0496369161113|106000
7.0496369161113|107000
7.0496369161113|108000
7.0496369161113|109000
7.0496369161113|110000
7.0496369161113|111000
7.0496369161113|112000
7.0496369161113|113000
7.0496369161113|114000
7.0496369161113|115000
7.0496369161113|116000
7.0496369161113|117000
7.0496369161113|118000
7.0496369161113|119000
7.0496369161113|120000
7.0496369161113|121000
7.0496369161113|122000
7.0496369161113|123000
7.0496369161113|124000
7.0496369161113|125000
7.0496369161113|126000
7.0496369161113|127000
6.7501077847933475|128000
6.7501077847933475|129000
6.7501077847933475|130000
6.7501077847933475|131000
6.7501077847933475|132000
6.7501077847933475|133000
6.7501077847933475|134000
6.7501077847933475|135000
6.7501077847933475|136000
6.7501077847933475|137000
6.7501077847933475|138000
6.7501077847933475|139000
6.7501077847933475|140000
6.7501077847933475|141000
6.7501077847933475|142000
6.7501077847933475|143000
6.7501077847933475|144000
6.7501077847933475|145000
6.7501077847933475|146000
6.7501077847933475|147000
6.7501077847933475|148000
6.69675316184394|149000
6.69675316184394|150000
6.69675316184394|151000
6.69675316184394|152000
6.69675316184394|153000
6.69675316184394|154000
6.69675316184394|155000
6.69675316184394|156000
6.69675316184394|157000
6.69675316184394|158000
6.518978814084683|159000
6.277923488381052|160000
6.277923488381052|161000
6.277923488381052|162000
6.277923488381052|163000
6.277923488381052|164000
6.277923488381052|165000
6.277923488381052|166000
6.277923488381052|167000
6.277923488381052|168000
6.19171062004873|169000
6.19171062004873|170000
6.19171062004873|171000
6.19171062004873|172000
6.19171062004873|173000
6.19171062004873|174000
6.19171062004873|175000
6.19171062004873|176000
6.19171062004873|177000
6.19171062004873|178000
6.19171062004873|179000
6.19171062004873|180000
6.19171062004873|181000
6.073494475643863|182000
5.53845499442058|183000
5.53845499442058|184000
5.53845499442058|185000
5.53845499442058|186000
5.53845499442058|187000
5.53845499442058|188000
5.53845499442058|189000
5.53845499442058|190000
5.290427602037912|191000
5.290427602037912|192000
5.290427602037912|193000
5.290427602037912|194000
5.290427602037912|195000
5.290427602037912|196000
5.290427602037912|197000
5.290427602037912|198000
5.290427602037912|199000
5.290427602037912|200000
5.290427602037912|201000
5.290427602037912|202000
5.290427602037912|203000
5.290427602037912|204000
5.290427602037912|205000
5.290427602037912|206000
5.290427602037912|207000
5.290427602037912|208000
5.290427602037912|209000
5.290427602037912|210000
5.290427602037912|211000
5.290427602037912|212000
5.290427602037912|213000
5.290427602037912|214000
5.290427602037912|215000
5.290427602037912|216000
5.290427602037912|217000
5.290427602037912|218000
5.290427602037912|219000
5.290427602037912|220000
5.290427602037912|221000
5.266750630058247|222000
5.266750630058247|223000
5.266750630058247|224000
4.872129313185379|225000
4.872129313185379|226000
4.872129313185379|227000
4.872129313185379|228000
4.766027728621152|229000
4.766027728621152|230000
4.766027728621152|231000
4.766027728621152|232000
4.766027728621152|233000
4.766027728621152|234000
4.766027728621152|235000
4.766027728621152|236000
4.766027728621152|237000
4.766027728621152|238000
4.766027728621152|239000
4.766027728621152|240000
4.766027728621152|241000
4.766027728621152|242000
4.766027728621152|243000
4.766027728621152|244000
4.638043894031347|245000
4.638043894031347|246000
4.638043894031347|247000
4.638043894031347|248000
4.638043894031347|249000
4.638043894031347|250000
4.638043894031347|251000
4.638043894031347|252000
4.638043894031347|253000
4.638043894031347|254000
4.638043894031347|255000
4.638043894031347|256000
4.581959698950793|257000
4.581959698950793|258000
4.40476665155684|259000
4.40476665155684|260000
4.40476665155684|261000
4.40476665155684|262000
4.40476665155684|263000
4.40476665155684|264000
4.40476665155684|265000
4.40476665155684|266000
4.40476665155684|267000
4.40476665155684|268000
4.40476665155684|269000
4.40476665155684|270000
4.40476665155684|271000
4.40476665155684|272000
4.40476665155684|273000
4.40476665155684|274000
4.40476665155684|275000
4.344893523552013|276000
4.344893523552013|277000
4.344893523552013|278000
4.344893523552013|279000
4.249945434247804|280000
4.249945434247804|281000
4.249945434247804|282000
4.249945434247804|283000
4.249945434247804|284000
4.249945434247804|285000
4.249945434247804|286000
4.249945434247804|287000
4.249945434247804|288000
4.214169126061265|289000
4.214169126061265|290000
4.185432200665163|291000
4.185432200665163|292000
4.185432200665163|293000
4.185432200665163|294000
4.185432200665163|295000
4.185432200665163|296000
4.185432200665163|297000
4.185432200665163|298000
4.150126662589782|299000
4.150126662589782|300000
4.150126662589782|301000
4.150126662589782|302000
4.072401529868466|303000
4.023299421983404|304000
4.023299421983404|305000
4.023299421983404|306000
4.023299421983404|307000
4.023299421983404|308000
4.023299421983404|309000
4.004081937316898|310000
4.004081937316898|311000
3.940912305801938|312000
3.940912305801938|313000
3.823609008968867|314000
3.823609008968867|315000
3.823609008968867|316000
3.823609008968867|317000
3.823609008968867|318000
3.823609008968867|319000
3.7866058587920906|320000
3.7866058587920906|321000
3.7866058587920906|322000
3.649494511571537|323000
3.649494511571537|324000
3.649494511571537|325000
3.649494511571537|326000
3.649494511571537|327000
3.649494511571537|328000
3.649494511571537|329000
3.649494511571537|330000
3.649494511571537|331000
3.649494511571537|332000
3.649494511571537|333000
3.649494511571537|334000
3.649494511571537|335000
3.649494511571537|336000
3.649494511571537|337000
3.649494511571537|338000
3.649494511571537|339000
3.649494511571537|340000
3.6303514501976024|341000
3.6303514501976024|342000
3.6303514501976024|343000
3.6303514501976024|344000
3.6303514501976024|345000
3.6303514501976024|346000
3.6303514501976024|347000
3.6303514501976024|348000
3.6303514501976024|349000
3.5943244281043154|350000
3.5943244281043154|351000
3.5943244281043154|352000
3.5943244281043154|353000
3.5943244281043154|354000
3.584158530101131|355000
3.584158530101131|356000
3.584158530101131|357000
3.584158530101131|358000
3.513439971553198|359000
3.5134399715531974|360000
3.5134399715531974|361000
3.5134399715531974|362000
3.4921466232063416|363000
3.4921466232063416|364000
3.4921466232063416|365000
3.4921466232063416|366000
3.492146165640638|367000
3.4826366661442765|368000
3.4738524210143336|369000
3.4738524210143336|370000
3.4738524210143336|371000
3.4738524210143336|372000
3.4522337994933436|373000
3.420484771013307|374000
3.420484771013307|375000
3.420484771013307|376000
3.420484771013307|377000
3.420484771013307|378000
3.420484771013307|379000
3.420484771013307|380000
3.420484771013307|381000
3.420484771013307|382000
3.420484771013307|383000
3.387491505158496|384000
3.387491505158496|385000
3.3328943683619934|386000
3.332894093043104|387000
3.332894093043104|388000
3.3260676800612563|389000
3.3260676800612563|390000
3.3032589683909497|391000
3.3032589683909497|392000
3.3032589683909497|393000
3.3032589683909492|394000
3.3032589683909492|395000
3.3032585108252466|396000
3.3032585108252466|397000
3.3032585108252466|398000
3.3032585108252466|399000
3.3032585108252466|400000
3.3032585108252466|401000
3.303258510825246|402000
3.303258510825246|403000
3.303258510825246|404000
3.303258510825246|405000
3.2931955018794357|406000
3.276086817997286|407000
3.276086817997286|408000
3.223863934357249|409000
3.223863934357249|410000
3.223863934357249|411000
3.223863934357249|412000
3.223863934357249|413000
3.223863934357249|414000
3.223863934357249|415000
3.223863934357249|416000
3.223863934357249|417000
3.223863934357249|418000
3.223863934357249|419000
3.223863934357249|420000
3.223863659038359|421000
3.223863659038359|422000
3.223863659038359|423000
3.223863659038359|424000
3.223863659038359|425000
3.223863659038359|426000
3.2122193961966183|427000
3.2122193961966183|428000
3.2122193961966183|429000
3.2122193961966183|430000
3.193622860651511|431000
3.193622860651511|432000
3.162545034612889|433000
3.162545034612889|434000
3.162545034612889|435000
3.162545034612889|436000
3.1625447592939993|437000
3.1353733417849288|438000
3.1329366595725956|439000
3.1329366595725956|440000
3.1329366595725956|441000
3.1329366595725956|442000
3.1329363842537057|443000
3.1329363842537057|444000
3.1329363842537057|445000
3.13293620038204|446000
3.13293620038204|447000
3.13293620038204|448000
3.132936200382038|449000
3.132936200382038|450000
3.132936200382038|451000
3.132936200382038|452000
3.132936200382038|453000
3.132936200382038|454000
3.132936200382038|455000
3.132936200382038|456000
3.132936200382038|457000
3.132936200382038|458000
3.132936200382038|459000
3.132936200382038|460000
3.1212916622214086|461000
3.1212916622214086|462000
3.1212916622214086|463000
3.1057646914257457|464000
3.1057646914257457|465000
3.1057646914257457|466000
3.1057646914257457|467000
3.1057646914257453|468000
3.1057646914257453|469000
3.1057646914257453|470000
3.105764507554079|471000
3.105764507554079|472000
3.1057645075540776|473000
3.091120789258923|474000
3.091120789258922|475000
3.0911207892589214|476000
3.0911207892589214|477000
3.0911207892589214|478000
3.0911207892589214|479000
3.0911207892589214|480000
3.0911207892589214|481000
3.0788027429535334|482000
3.0641594838489317|483000
3.0641594838489317|484000
3.0641594838489317|485000
3.0525144864977465|486000
3.0525144864977465|487000
3.0525144864977465|488000
3.0525144864977465|489000
3.0525144864977465|490000
3.0525144864977465|491000
3.049106828164141|492000
3.049106828164141|493000
3.049106828164141|494000
3.049106828164141|495000
3.049106828164141|496000
3.049106828164141|497000
3.049106828164141|498000
3.049106828164141|499000
3.0374622900035106|500000
3.0374622900035106|501000
3.0374622900035106|502000
3.0374622900035106|503000
3.0374622900035106|504000
3.0374622900035106|505000
3.0374622900035106|506000
3.0374622900035106|507000
3.0374622900035106|508000
3.0374622900035106|509000
3.0374622900035106|510000
3.0374622900035106|511000
3.0374622900035106|512000
3.037459105339065|513000
3.0241754348311702|514000
3.0241754348311702|515000
3.0241754348311702|516000
3.0241754348311702|517000
3.0241754348311694|518000
3.0241754348311694|519000
3.0241754348311694|520000
3.024175434831169|521000
3.024175434831169|522000
3.0164857556745743|523000
3.0164857556745743|524000
3.0164857556745743|525000
3.0164857556745743|526000
3.0164857556745743|527000
3.0164857556745743|528000
3.0031225607412644|529000
3.0031225607412644|530000
3.0031225607412644|531000
3.0031225607412635|532000
3.0031225607412635|533000
3.0031225607412635|534000
3.0031225607412635|535000
3.0031225607412635|536000
2.9910212048065206|537000
2.9910212048065206|538000
2.9910212048065206|539000
2.9910212048065206|540000
2.9910212048065206|541000
2.9910212048065206|542000
2.9910212048065206|543000
2.9910212048065206|544000
2.9910212048065206|545000
2.9910212048065206|546000
2.9910212048065206|547000
2.988563425546148|548000
2.988563425546148|549000
2.988563425546148|550000
2.988563425546148|551000
2.988563425546148|552000
2.988563425546148|553000
2.988563425546148|554000
2.988563425546148|555000
2.988563425546148|556000
2.988563425546148|557000
2.988563425546148|558000
2.988563425546148|559000
2.9885602408817027|560000
2.9885602408817027|561000
2.9885602408817027|562000
2.9885602408817027|563000
2.9863286535193945|564000
2.9863286535193945|565000
2.9863286535193945|566000
2.9863286535193945|567000
2.9863286535193945|568000
2.9863286535193945|569000
2.9863286535193945|570000
2.9863286535193945|571000
2.9863286535193945|572000
2.9863286535193945|573000
2.9863254688549485|574000
2.976140830799429|575000
2.976140830799429|576000
2.976140830799429|577000
2.976140830799429|578000
2.9760263067180563|579000
2.9760263067180563|580000
2.9760263067180563|581000
2.9760263067180563|582000
2.973082917879932|583000
2.9730748251431938|584000
2.9730748251431938|585000
2.9656185504903303|586000
2.9656185504903303|587000
2.9656185504903303|588000
2.9656185504903303|589000
2.9656185504903303|590000
2.9656185504903303|591000
2.9588557110401634|592000
2.9588557110401634|593000
2.9588557110401634|594000
2.9588557110401634|595000
2.9588557110401634|596000
2.9588557110401634|597000
2.9588557110401634|598000
2.9588557110401634|599000
2.9588557110401634|600000
2.9588557110401634|601000
2.9588557110401634|602000
2.9588557110401634|603000
2.9588557110401634|604000
2.9585138724555837|605000
2.9585138724555824|606000
2.9585138724555824|607000
2.9585138724555824|608000
2.9585138724555824|609000
2.9585138724555824|610000
2.9585138724555824|611000
2.9585138724555824|612000
2.9585138724555824|613000
2.9556163249058116|614000
2.9556163249058116|615000
2.9556163249058116|616000
2.9555671810133397|617000
2.9555671810133397|618000
2.9555671810133397|619000
2.9555671810133397|620000
2.9555671810133397|621000
2.9455549423091223|622000
2.9455549423091223|623000
2.9455549423091223|624000
2.9455549423091223|625000
2.9455549423091223|626000
2.9455549423091223|627000
2.9455549423091223|628000
2.9455549423091223|629000
2.9455549423091223|630000
2.9455549423091223|631000
2.9455549423091223|632000
2.9455549423091223|633000
2.9455549423091223|634000
2.9455549423091223|635000
2.9455549423091223|636000
2.9455549423091223|637000
2.9455549423091223|638000
2.9455549423091223|639000
2.9455549423091223|640000
2.9455549423091223|641000
2.9455549423091223|642000
2.9455549423091223|643000
2.9455549423091223|644000
2.9455549423091223|645000
2.9455549423091223|646000
2.9455549423091223|647000
2.9455549423091223|648000
2.9455549423091223|649000
2.9455549423091223|650000
2.9455549423091223|651000
2.9455549423091223|652000
2.9455549423091223|653000
2.9455549423091214|654000
2.9455549423091214|655000
2.9455549423091214|656000
2.9455549423091214|657000
2.9455549423091214|658000
2.9455549423091214|659000
2.9455549423091214|660000
2.9455549423091214|661000
2.9455549423091214|662000
2.9455549423091214|663000
2.9295562712115544|664000
2.9196626911329333|665000
2.909707032464314|666000
2.899541291805713|667000
2.899541291805713|668000
2.899541291805713|669000
2.899541291805713|670000
2.899541291805713|671000
2.899541291805713|672000
2.899541291805713|673000
2.899541291805713|674000
2.889639579590657|675000
2.889639579590657|676000
2.889639579590657|677000
2.889639579590657|678000
2.889639579590657|679000
2.889639579590657|680000
2.889639579590657|681000
2.889639579590657|682000
2.889639579590657|683000
2.889639579590657|684000
2.889639579590657|685000
2.889639579590657|686000
2.889639579590657|687000
2.889639579590657|688000
2.889639579590657|689000
2.889639579590657|690000
2.889639579590657|691000
2.889639579590657|692000
2.889639579590657|693000
2.889639579590657|694000
2.889639579590657|695000
2.889639579590657|696000
2.889639579590657|697000
2.889639579590657|698000
2.889639579590657|699000
2.889639579590657|700000
2.889639579590657|701000
2.889639579590657|702000
2.889639579590657|703000
2.889639579590657|704000
2.889639579590657|705000
2.889639579590657|706000
2.889639579590657|707000
2.889639579590657|708000
2.889639579590657|709000
2.889639579590657|710000
2.889639579590657|711000
2.889639579590657|712000
2.889639579590657|713000
2.889639579590657|714000
2.889639579590657|715000
2.889639579590657|716000
2.889639579590657|717000
2.889639579590657|718000
2.889639579590657|719000
2.889639579590657|720000
2.889639579590657|721000
2.889639579590657|722000
2.889639579590657|723000
2.889639579590657|724000
2.889639579590657|725000
2.889639579590657|726000
2.889639579590657|727000
2.889639579590657|728000
2.889639579590657|729000
2.889639579590657|730000
2.889639579590657|731000
2.889639579590657|732000
2.889639579590657|733000
2.889639579590657|734000
2.889639579590657|735000
2.889639579590657|736000
2.889639579590657|737000
2.889639579590657|738000
2.889639579590657|739000
2.889639579590657|740000
2.889639579590657|741000
2.889639579590657|742000
2.889639579590657|743000
2.889639579590657|744000
2.889639579590657|745000
2.889639579590657|746000
2.889639579590657|747000
2.889639579590657|748000
2.889639579590657|749000
2.889639579590657|750000
2.889639579590657|751000
2.889639579590657|752000
2.889639579590657|753000
2.889639579590657|754000
2.889639579590657|755000
2.889639579590657|756000
2.889639579590657|757000
2.889639579590657|758000
2.889639579590657|759000
2.889639579590657|760000
2.889639579590657|761000
2.889639579590657|762000
2.889639579590657|763000
2.889639579590657|764000
2.889639579590657|765000
2.889639579590657|766000
2.889639579590657|767000
2.889639579590657|768000
2.889639579590657|769000
2.889639579590657|770000
2.889639579590657|771000
2.889639579590657|772000
2.889639579590657|773000
2.889639579590657|774000
2.889639579590657|775000
2.889639579590657|776000
2.889639579590657|777000
2.889639579590657|778000
2.889639579590657|779000
2.889639579590657|780000
2.889639579590657|781000
2.889639579590657|782000
2.889639579590657|783000
2.889639579590657|784000
2.889639579590657|785000
2.889639579590657|786000
2.889639579590657|787000
2.889639579590657|788000
2.889639579590657|789000
2.889639579590657|790000
2.889639579590657|791000
2.889639579590657|792000
2.889639579590657|793000
2.889639579590657|794000
2.889639579590657|795000
2.889639579590657|796000
2.889639579590657|797000
2.889639579590657|798000
2.889639579590657|799000
2.889639579590657|800000
2.889639579590657|801000
2.889639579590657|802000
2.889639579590657|803000
2.889639579590657|804000
2.889639579590657|805000
2.889639579590657|806000
2.889639579590657|807000
2.889639579590657|808000
2.889639579590657|809000
2.889639579590657|810000
2.889639579590657|811000
2.889639579590657|812000
2.889639579590657|813000
2.889639579590657|814000
2.889639579590657|815000
2.889639579590657|816000
2.889639579590657|817000
2.889639579590657|818000
2.889639579590657|819000
2.889639579590657|820000
2.889639579590657|821000
2.889639579590657|822000
2.889639579590657|823000
2.889639579590657|824000
2.889639579590657|825000
2.889639579590657|826000
2.889639579590657|827000
2.889639579590657|828000
2.889639579590657|829000
2.889639579590657|830000
2.889639579590657|831000
2.889639579590657|832000
2.889639579590657|833000
2.889639579590657|834000
2.889639579590657|835000
2.889639579590657|836000
2.889639579590657|837000
2.889639579590657|838000
2.889639579590657|839000
2.889639579590657|840000
2.889639579590657|841000
2.889639579590657|842000
2.889639579590657|843000
2.889639579590657|844000
2.889639579590657|845000
2.889639579590657|846000
2.889639579590657|847000
2.889639579590657|848000
2.889639579590657|849000
2.889639579590657|850000
2.889639579590657|851000
2.889639579590657|852000
2.889639579590657|853000
2.889639579590657|854000
2.889639579590657|855000
2.889639579590657|856000
2.889639579590657|857000
2.889639579590657|858000
2.889639579590657|859000
2.889639579590657|860000
2.889639579590657|861000
2.889639579590657|862000
2.889639579590657|863000
2.889639579590657|864000
2.889639579590657|865000
2.889639579590657|866000
2.889639579590657|867000
2.889639579590657|868000
2.889639579590657|869000
2.889639579590657|870000
2.889639579590657|871000
2.889639579590657|872000
2.889639579590657|873000
2.889639579590657|874000
2.889639579590657|875000
2.889639579590657|876000
2.889639579590657|877000
2.889639579590657|878000
2.889639579590657|879000
2.889639579590657|880000
2.889639579590657|881000
2.889639579590657|882000
2.889639579590657|883000
2.889639579590657|884000
2.889639579590657|885000
2.889639579590657|886000
2.889639579590657|887000
2.889639579590657|888000
2.889639579590657|889000
2.889639579590657|890000
2.889639579590657|891000
2.889639579590657|892000
2.889639579590657|893000
2.889639579590657|894000
2.889639579590657|895000
2.889639579590657|896000
2.889639579590657|897000
2.889639579590657|898000
2.889639579590657|899000
2.889639579590657|900000
2.889639579590657|901000
2.889639579590657|902000
2.889639579590657|903000
2.889639579590657|904000
2.889639579590657|905000
2.889639579590657|906000
2.889639579590657|907000
2.889639579590657|908000
2.889639579590657|909000
2.889639579590657|910000
2.889639579590657|911000
2.889639579590657|912000
2.889639579590657|913000
2.889639579590657|914000
2.889639579590657|915000
2.889639579590657|916000
2.889639579590657|917000
2.889639579590657|918000
2.889639579590657|919000
2.889639579590657|920000
2.889639579590657|921000
2.889639579590657|922000
2.889639579590657|923000
2.889639579590657|924000
2.889639579590657|925000
2.889639579590657|926000
2.889639579590657|927000
2.889639579590657|928000
2.889639579590657|929000
2.889639579590657|930000
2.889639579590657|931000
2.889639579590657|932000
2.889639579590657|933000
2.889639579590657|934000
2.889639579590657|935000
2.889639579590657|936000
2.889639579590657|937000
2.889639579590657|938000
2.889639579590657|939000
2.889639579590657|940000
2.889639579590657|941000
2.889639579590657|942000
2.889639579590657|943000
2.889639579590657|944000
2.889639579590657|945000
2.889639579590657|946000
2.889639579590657|947000
2.889639579590657|948000
2.889639579590657|949000
2.889639579590657|950000
2.889639579590657|951000
2.889639579590657|952000
2.889639579590657|953000
2.889639579590657|954000
2.889639579590657|955000
2.889639579590657|956000
2.889639579590657|957000
2.889639579590657|958000
2.889639579590657|959000
2.889639579590657|960000
2.889639579590657|961000
2.889639579590657|962000
2.889639579590657|963000
2.889639579590657|964000
2.889639579590657|965000
2.889639579590657|966000
2.889639579590657|967000
2.889639579590657|968000
2.889639579590657|969000
2.889639579590657|970000
2.889639579590657|971000
2.889639579590657|972000
2.889639579590657|973000
2.889639579590657|974000
2.889639579590657|975000
2.889639579590657|976000
2.889639579590657|977000
2.889639579590657|978000
2.889639579590657|979000
2.889639579590657|980000
2.889639579590657|981000
2.889639579590657|982000
2.889639579590657|983000
2.889639579590657|984000
2.889639579590657|985000
2.889639579590657|986000
2.889639579590657|987000
2.889639579590657|988000
2.889639579590657|989000
2.889639579590657|990000
2.889639579590657|991000
2.889639579590657|992000
2.889639579590657|993000
2.889639579590657|994000
2.889639579590657|995000
2.889639579590657|996000
2.889639579590657|997000
2.889639579590657|998000
2.889639579590657|999000
2.889639579590657|1000000
