14.72275846905514|1100
11.903794821344457|2100
11.058402696990282|3100
9.561123506138843|4100
8.282941464591927|5100
7.19784258655778|6100
6.926809518405905|7100
6.5526969631007965|8100
5.934296419826668|9100
5.934296419826668|10100
5.349067589781235|11100
5.123783411822242|12100
4.831868802960365|13100
4.26729522812604|14100
4.26729522812604|15100
4.26729522812604|16100
4.198242981495843|17100
3.993854709099326|18100
3.8201851295021445|19100
3.744500576536749|20100
3.714024216476236|21100
3.7012624105013208|22100
3.640317146833359|23100
3.640313192385925|24100
3.611168114060069|25100
3.586012686176029|26100
3.4842150991671876|27100
3.3669714983589296|28100
3.3283502214848912|29100
3.3283502214848912|30100
3.2948788100360615|31100
3.290764842400657|32100
3.290764842400657|33100
3.2683010502221546|34100
3.237217027830844|35100
3.2286476554293886|36100
3.2286464558758823|37100
3.201684691275336|38100
3.201684691275336|39100
3.201684691275336|40100
3.1720405871280537|41100
3.1720405871280537|42100
3.167386331444699|43100
3.1527426131495435|44100
3.1200807323193565|45100
3.1200807323193565|46100
3.1200807323193565|47100
3.1200807323193565|48100
3.1200807323193565|49100
3.1051893697290462|50100
3.1051893697290462|51100
3.1023787932018414|52100
3.1023787932018414|53100
3.1023787932018414|54100
3.1023787932018414|55100
3.1023787932018414|56100
3.077049527817161|57100
3.032625841414451|58100
3.0072965760297703|59100
3.0072965760297703|60100
2.9922443795355362|61100
2.9922443795355362|62100
2.9653561056611975|63100
2.965356065119751|64100
2.965356065119751|65100
2.965356065119751|66100
2.965356065119751|67100
2.965356065119751|68100
2.965356065119751|69100
2.965356065119751|70100
2.965356065119751|71100
2.965356065119751|72100
2.9399678945541123|73100
2.9399678945541123|74100
2.9399678945541123|75100
2.9399678945541123|76100
2.866704074445814|77100
2.830677052352527|78100
2.830677052352527|79100
2.8306761420669493|80100
2.8306761420669493|81100
2.8306756845012466|82100
2.8306756845012466|83100
2.8306756845012466|84100
2.8306756845012466|85100
2.8306756845012466|86100
2.8306756845012466|87100
2.8306754091823563|88100
2.8306754091823563|89100
2.8306754091823563|90100
2.8306754091823563|91100
2.8306754091823563|92100
2.8306754091823563|93100
2.8306754091823563|94100
2.8306754091823563|95100
2.8306754091823563|96100
2.8306754091823563|97100
2.8306754091823563|98100
2.8306754091823563|99100
2.8306754091823563|100100
2.8306754091823563|101100
2.8306754091823563|102100
2.8306754091823563|103100
2.8306754091823563|104100
2.8306754091823563|105100
2.8306754091823563|106100
2.8306754091823563|107100
2.8306754091823563|108100
2.83067522531069|109100
2.83067522531069|110100
2.83067522531069|111100
2.83067522531069|112100
2.83067522531069|113100
2.83067522531069|114100
2.8306752253106895|115100
2.8306752253106895|116100
2.8306752253106895|117100
2.8306752253106895|118100
2.8306752253106895|119100
2.8306752253106895|120100
2.8306752253106895|121100
2.8306752253106895|122100
2.8306752253106895|123100
2.8306752253106895|124100
2.8306752253106895|125100
2.8306752253106895|126100
2.8306752253106895|127100
2.8306752253106895|128100
2.8306752253106895|129100
2.8306752253106895|130100
2.8306752253106895|131100
2.8306752253106895|132100
2.8306752253106895|133100
2.8306752253106895|134100
2.8306752253106895|135100
2.8306752253106895|136100
2.8306752253106895|137100
2.8306752253106895|138100
2.8306752253106895|139100
2.8306752253106895|140100
2.8306752253106895|141100
2.8306752253106895|142100
2.8306752253106895|143100
2.8306752253106895|144100
2.8306752253106895|145100
2.8306752253106895|146100
2.8306752253106895|147100
2.8306752253106895|148100
2.8306752253106895|149100
2.8306752253106895|150100
2.8306752253106895|151100
2.8306752253106895|152100
2.8306752253106895|153100
2.8306752253106895|154100
2.8306752253106895|155100
2.8306752253106895|156100
2.8306752253106895|157100
2.8306752253106895|158100
2.8306752253106895|159100
2.8306752253106895|160100
2.8306752253106895|161100
2.8306752253106895|162100
2.8306752253106895|163100
2.8306752253106895|164100
2.8306752253106895|165100
2.8306752253106895|166100
2.8306752253106895|167100
2.8306752253106895|168100
2.8306752253106895|169100
2.8306752253106895|170100
2.8306752253106895|171100
2.8306752253106895|172100
2.8306752253106895|173100
2.8306752253106895|174100
2.8306752253106895|175100
2.8306752253106895|176100
2.8306752253106895|177100
2.8306752253106895|178100
2.8306752253106895|179100
2.802191221635215|180100
2.802191221635215|181100
2.802191221635215|182100
2.802191221635215|183100
2.802191221635215|184100
2.802191221635215|185100
2.802191221635215|186100
2.802191221635215|187100
2.802191221635215|188100
2.802191221635215|189100
2.802191221635215|190100
2.802191221635215|191100
2.802191221635215|192100
2.802191221635215|193100
2.802191221635215|194100
2.802191221635215|195100
2.802191221635215|196100
2.802191221635215|197100
2.802191221635215|198100
2.802191221635215|199100
2.802191221635215|200100
2.802191221635215|201100
2.802191221635215|202100
2.802191221635215|203100
2.802191221635215|204100
2.802191221635215|205100
2.802191221635215|206100
2.802191221635215|207100
2.802191221635215|208100
2.802191221635215|209100
2.802191221635215|210100
2.802191221635215|211100
2.802191221635215|212100
2.802191221635215|213100
2.802191221635215|214100
2.802191221635215|215100
2.802191221635215|216100
2.802191221635215|217100
2.802191221635215|218100
2.802191221635215|219100
2.802191221635215|220100
2.802191221635215|221100
2.802191221635215|222100
2.802191221635215|223100
2.802191221635215|224100
2.802191221635215|225100
2.802191221635215|226100
2.802191221635215|227100
2.802191221635215|228100
2.802191221635215|229100
2.802191221635215|230100
2.802191221635215|231100
2.802191221635215|232100
2.802191221635215|233100
2.802191221635215|234100
2.802191221635215|235100
2.802191221635215|236100
2.802191221635215|237100
2.802191221635215|238100
2.802191221635215|239100
2.802191221635215|240100
2.802191221635215|241100
2.802191221635215|242100
2.802191221635215|243100
2.802191221635215|244100
2.802191221635215|245100
2.802191221635215|246100
2.802191221635215|247100
2.802191221635215|248100
2.802191221635215|249100
2.802191221635215|250100
2.802191221635215|251100
2.802191221635215|252100
2.802191221635215|253100
2.802191221635215|254100
2.802191221635215|255100
2.802191221635215|256100
2.802191221635215|257100
2.802191221635215|258100
2.802191221635215|259100
2.802191221635215|260100
2.802191221635215|261100
2.802191221635215|262100
2.802191221635215|263100
2.802191221635215|264100
2.802191221635215|265100
2.802191221635215|266100
2.802191221635215|267100
2.802191221635215|268100
2.802191221635215|269100
2.802191221635215|270100
2.802191221635215|271100
2.802191221635215|272100
2.802191221635215|273100
2.802191221635215|274100
2.802191221635215|275100
2.802191221635215|276100
2.802191221635215|277100
2.802191221635215|278100
2.802191221635215|279100
2.802191221635215|280100
2.802191221635215|281100
2.802191221635215|282100
2.802191221635215|283100
2.802191221635215|284100
2.802191221635215|285100
2.802191221635215|286100
2.802191221635215|287100
2.802191221635215|288100
2.802191221635215|289100
2.802191221635215|290100
2.802191221635215|291100
2.802191221635215|292100
2.802191221635215|293100
2.802191221635215|294100
2.802191221635215|295100
2.802191221635215|296100
2.802191221635215|297100
2.802191221635215|298100
2.802191221635215|299100
2.802191221635215|300100
2.802191221635215|301100
2.802191221635215|302100
2.802191221635215|303100
2.802191221635215|304100
2.802191221635215|305100
2.802191221635215|306100
2.802191221635215|307100
2.802191221635215|308100
2.802191221635215|309100
2.802191221635215|310100
2.802191221635215|311100
2.802191221635215|312100
2.802191221635215|313100
2.802191221635215|314100
2.802191221635215|315100
2.802191221635215|316100
2.802191221635215|317100
2.802191221635215|318100
2.802191221635215|319100
2.802191221635215|320100
2.802191221635215|321100
2.802191221635215|322100
2.802191221635215|323100
2.802191221635215|324100
2.802191221635215|325100
2.802191221635215|326100
2.802191221635215|327100
2.802191221635215|328100
2.802191221635215|329100
2.802191221635215|330100
2.802191221635215|331100
2.802191221635215|332100
2.802191221635215|333100
2.802191221635215|334100
2.802191221635215|335100
2.802191221635215|336100
2.802191221635215|337100
2.802191221635215|338100
2.802191221635215|339100
2.802191221635215|340100
2.802191221635215|341100
2.802191221635215|342100
2.802191221635215|343100
2.802191221635215|344100
2.802191221635215|345100
2.802191221635215|346100
2.802191221635215|347100
2.802191221635215|348100
2.802191221635215|349100
2.802191221635215|350100
2.802191221635215|351100
2.802191221635215|352100
2.802191221635215|353100
2.802191221635215|354100
2.802191221635215|355100
2.802191221635215|356100
2.802191221635215|357100
2.802191221635215|358100
2.802191221635215|359100
2.802191221635215|360100
2.802191221635215|361100
2.802191221635215|362100
2.802191221635215|363100
2.802191221635215|364100
2.802191221635215|365100
2.802191221635215|366100
2.802191221635215|367100
2.802191221635215|368100
2.802191221635215|369100
2.802191221635215|370100
2.802191221635215|371100
2.802191221635215|372100
2.802191221635215|373100
2.802191221635215|374100
2.802191221635215|375100
2.802191221635215|376100
2.802191221635215|377100
2.802191221635215|378100
2.802191221635215|379100
2.802191221635215|380100
2.802191221635215|381100
2.802191221635215|382100
2.802191221635215|383100
2.802191221635215|384100
2.802191221635215|385100
2.802191221635215|386100
2.802191221635215|387100
2.802191221635215|388100
2.802191221635215|389100
2.802191221635215|390100
2.802191221635215|391100
2.802191221635215|392100
2.802191221635215|393100
2.802191221635215|394100
2.802191221635215|395100
2.802191221635215|396100
2.802191221635215|397100
2.802191221635215|398100
2.802191221635215|399100
2.802191221635215|400100
2.802191221635215|401100
2.802191221635215|402100
2.802191221635215|403100
2.802191221635215|404100
2.802191221635215|405100
2.802191221635215|406100
2.802191221635215|407100
2.802191221635215|408100
2.802191221635215|409100
2.802191221635215|410100
2.802191221635215|411100
2.802191221635215|412100
2.802191221635215|413100
2.802191221635215|414100
2.802191221635215|415100
2.802191221635215|416100
2.802191221635215|417100
2.802191221635215|418100
2.802191221635215|419100
2.802191221635215|420100
2.802191221635215|421100
2.802191221635215|422100
2.802191221635215|423100
2.802191221635215|424100
2.802191221635215|425100
2.802191221635215|426100
2.802191221635215|427100
2.802191221635215|428100
2.802191221635215|429100
2.802191221635215|430100
2.802191221635215|431100
2.802191221635215|432100
2.802191221635215|433100
2.802191221635215|434100
2.802191221635215|435100
2.802191221635215|436100
2.802191221635215|437100
2.802191221635215|438100
2.802191221635215|439100
2.802191221635215|440100
2.802191221635215|441100
2.802191221635215|442100
2.802191221635215|443100
2.802191221635215|444100
2.802191221635215|445100
2.802191221635215|446100
2.802191221635215|447100
2.802191221635215|448100
2.802191221635215|449100
2.802191221635215|450100
2.802191221635215|451100
2.802191221635215|452100
2.802191221635215|453100
2.802191221635215|454100
2.802191221635215|455100
2.802191221635215|456100
2.802191221635215|457100
2.802191221635215|458100
2.802191221635215|459100
2.802191221635215|460100
2.802191221635215|461100
2.802191221635215|462100
2.802191221635215|463100
2.802191221635215|464100
2.802191221635215|465100
2.802191221635215|466100
2.802191221635215|467100
2.802191221635215|468100
2.802191221635215|469100
2.802191221635215|470100
2.802191221635215|471100
2.802191221635215|472100
2.802191221635215|473100
2.802191221635215|474100
2.802191221635215|475100
2.802191221635215|476100
2.802191221635215|477100
2.802191221635215|478100
2.802191221635215|479100
2.802191221635215|480100
2.802191221635215|481100
2.802191221635215|482100
2.802191221635215|483100
2.802191221635215|484100
2.802191221635215|485100
2.802191221635215|486100
2.802191221635215|487100
2.802191221635215|488100
2.802191221635215|489100
2.802191221635215|490100
2.802191221635215|491100
2.802191221635215|492100
2.802191221635215|493100
2.802191221635215|494100
2.802191221635215|495100
2.802191221635215|496100
2.802191221635215|497100
2.802191221635215|498100
2.802191221635215|499100
2.802191221635215|500100
2.802191221635215|501100
2.802191221635215|502100
2.802191221635215|503100
2.802191221635215|504100
2.802191221635215|505100
2.802191221635215|506100
2.802191221635215|507100
2.802191221635215|508100
2.802191221635215|509100
2.802191221635215|510100
2.802191221635215|511100
2.802191221635215|512100
2.802191221635215|513100
2.802191221635215|514100
2.802191221635215|515100
2.802191221635215|516100
2.802191221635215|517100
2.802191221635215|518100
2.802191221635215|519100
2.802191221635215|520100
2.802191221635215|521100
2.802191221635215|522100
2.802191221635215|523100
2.802191221635215|524100
2.802191221635215|525100
2.802191221635215|526100
2.802191221635215|527100
2.802191221635215|528100
2.802191221635215|529100
2.802191221635215|530100
2.802191221635215|531100
2.802191221635215|532100
2.802191221635215|533100
2.802191221635215|534100
2.802191221635215|535100
2.802191221635215|536100
2.802191221635215|537100
2.802191221635215|538100
2.802191221635215|539100
2.802191221635215|540100
2.802191221635215|541100
2.802191221635215|542100
2.802191221635215|543100
2.802191221635215|544100
2.802191221635215|545100
2.802191221635215|546100
2.802191221635215|547100
2.802191221635215|548100
2.802191221635215|549100
2.802191221635215|550100
2.802191221635215|551100
2.802191221635215|552100
2.802191221635215|553100
2.802191221635215|554100
2.802191221635215|555100
2.802191221635215|556100
2.802191221635215|557100
2.802191221635215|558100
2.802191221635215|559100
2.802191221635215|560100
2.802191221635215|561100
2.802191221635215|562100
2.802191221635215|563100
2.802191221635215|564100
2.802191221635215|565100
2.802191221635215|566100
2.802191221635215|567100
2.802191221635215|568100
2.802191221635215|569100
2.802191221635215|570100
2.802191221635215|571100
2.802191221635215|572100
2.802191221635215|573100
2.802191221635215|574100
2.802191221635215|575100
2.802191221635215|576100
2.802191221635215|577100
2.802191221635215|578100
2.802191221635215|579100
2.802191221635215|580100
2.802191221635215|581100
2.802191221635215|582100
2.802191221635215|583100
2.802191221635215|584100
2.802191221635215|585100
2.802191221635215|586100
2.802191221635215|587100
2.802191221635215|588100
2.802191221635215|589100
2.802191221635215|590100
2.802191221635215|591100
2.802191221635215|592100
2.802191221635215|593100
2.802191221635215|594100
2.802191221635215|595100
2.802191221635215|596100
2.802191221635215|597100
2.802191221635215|598100
2.802191221635215|599100
2.802191221635215|600100
2.802191221635215|601100
2.802191221635215|602100
2.802191221635215|603100
2.802191221635215|604100
2.802191221635215|605100
2.802191221635215|606100
2.802191221635215|607100
2.802191221635215|608100
2.802191221635215|609100
2.802191221635215|610100
2.802191221635215|611100
2.802191221635215|612100
2.802191221635215|613100
2.802191221635215|614100
2.802191221635215|615100
2.802191221635215|616100
2.802191221635215|617100
2.802191221635215|618100
2.802191221635215|619100
2.802191221635215|620100
2.802191221635215|621100
2.802191221635215|622100
2.802191221635215|623100
2.802191221635215|624100
2.802191221635215|625100
2.802191221635215|626100
2.802191221635215|627100
2.802191221635215|628100
2.802191221635215|629100
2.802191221635215|630100
2.802191221635215|631100
2.802191221635215|632100
2.802191221635215|633100
2.802191221635215|634100
2.802191221635215|635100
2.802191221635215|636100
2.802191221635215|637100
2.802191221635215|638100
2.802191221635215|639100
2.802191221635215|640100
2.802191221635215|641100
2.802191221635215|642100
2.802191221635215|643100
2.802191221635215|644100
2.802191221635215|645100
2.802191221635215|646100
2.802191221635215|647100
2.802191221635215|648100
2.802191221635215|649100
2.802191221635215|650100
2.802191221635215|651100
2.802191221635215|652100
2.802191221635215|653100
2.802191221635215|654100
2.802191221635215|655100
2.802191221635215|656100
2.802191221635215|657100
2.802191221635215|658100
2.802191221635215|659100
2.802191221635215|660100
2.802191221635215|661100
2.802191221635215|662100
2.802191221635215|663100
2.802191221635215|664100
2.802191221635215|665100
2.802191221635215|666100
2.802191221635215|667100
2.802191221635215|668100
2.802191221635215|669100
2.802191221635215|670100
2.802191221635215|671100
2.802191221635215|672100
2.802191221635215|673100
2.802191221635215|674100
2.802191221635215|675100
2.802191221635215|676100
2.802191221635215|677100
2.802191221635215|678100
2.802191221635215|679100
2.802191221635215|680100
2.802191221635215|681100
2.802191221635215|682100
2.802191221635215|683100
2.802191221635215|684100
2.802191221635215|685100
2.802191221635215|686100
2.802191221635215|687100
2.802191221635215|688100
2.802191221635215|689100
2.802191221635215|690100
2.802191221635215|691100
2.802191221635215|692100
2.802191221635215|693100
2.802191221635215|694100
2.802191221635215|695100
2.802191221635215|696100
2.802191221635215|697100
2.802191221635215|698100
2.802191221635215|699100
2.8009547832876542|700100
2.8009547832876542|701100
2.8009547832876542|702100
2.8009547832876542|703100
2.8009547832876542|704100
2.8009547832876542|705100
2.8009547832876542|706100
2.8009547832876542|707100
2.8009547832876542|708100
2.7612610215261753|709100
2.7612610215261753|710100
2.7612610215261753|711100
2.7612610215261753|712100
2.7612610215261753|713100
2.7612610215261753|714100
2.7612610215261753|715100
2.7612610215261753|716100
2.7612610215261753|717100
2.7612610215261753|718100
2.7612610215261753|719100
2.7612610215261753|720100
2.7612610215261753|721100
2.7612610215261753|722100
2.7612610215261753|723100
2.7612610215261753|724100
2.7612610215261753|725100
2.7612610215261753|726100
2.7612610215261753|727100
2.7612610215261753|728100
2.7612610215261753|729100
2.7612610215261753|730100
2.7612610215261753|731100
2.7612610215261753|732100
2.7612610215261753|733100
2.7612610215261753|734100
2.7612610215261753|735100
2.7612610215261753|736100
2.7612610215261753|737100
2.7612610215261753|738100
2.7612610215261753|739100
2.7612610215261753|740100
2.7612610215261753|741100
2.7612610215261753|742100
2.7612610215261753|743100
2.7612610215261753|744100
2.7612610215261753|745100
2.7612610215261753|746100
2.7612610215261753|747100
2.7612610215261753|748100
2.7612610215261753|749100
2.7612610215261753|750100
2.7612610215261753|751100
2.7612610215261753|752100
2.7612610215261753|753100
2.7612610215261753|754100
2.7612610215261753|755100
2.7612610215261753|756100
2.7612610215261753|757100
2.7612610215261753|758100
2.7612610215261753|759100
2.7612610215261753|760100
2.7612610215261753|761100
2.7612610215261753|762100
2.7612610215261753|763100
2.7612610215261753|764100
2.7612610215261753|765100
2.7612610215261753|766100
2.7612610215261753|767100
2.7612610215261753|768100
2.7612610215261753|769100
2.7612610215261753|770100
2.7612610215261753|771100
2.7612610215261753|772100
2.7612610215261753|773100
2.7612610215261753|774100
2.7612610215261753|775100
2.7612610215261753|776100
2.7612610215261753|777100
2.7612610215261753|778100
2.7612610215261753|779100
2.7612610215261753|780100
2.7612610215261753|781100
2.7612610215261753|782100
2.7612610215261753|783100
2.7612610215261753|784100
2.7612610215261753|785100
2.7612610215261753|786100
2.7612610215261753|787100
2.7612610215261753|788100
2.7612610215261753|789100
2.7612610215261753|790100
2.7612610215261753|791100
2.7612610215261753|792100
2.7612610215261753|793100
2.7612610215261753|794100
2.7612610215261753|795100
2.7612610215261753|796100
2.7612610215261753|797100
2.7612610215261753|798100
2.7612610215261753|799100
2.7612610215261753|800100
2.7612610215261753|801100
2.7612610215261753|802100
2.7612610215261753|803100
2.7612610215261753|804100
2.7612610215261753|805100
2.7612610215261753|806100
2.7612610215261753|807100
2.7612610215261753|808100
2.7612610215261753|809100
2.7612610215261753|810100
2.7612610215261753|811100
2.7612610215261753|812100
2.7612610215261753|813100
2.7612610215261753|814100
2.7612610215261753|815100
2.7612610215261753|816100
2.7612610215261753|817100
2.7612610215261753|818100
2.7612610215261753|819100
2.7612610215261753|820100
2.7612610215261753|821100
2.7612610215261753|822100
2.7612610215261753|823100
2.7612610215261753|824100
2.7612610215261753|825100
2.7612610215261753|826100
2.7612610215261753|827100
2.7612610215261753|828100
2.7612610215261753|829100
2.7612610215261753|830100
2.7612610215261753|831100
2.7612610215261753|832100
2.7612610215261753|833100
2.7612610215261753|834100
2.7612610215261753|835100
2.7612610215261753|836100
2.7612610215261753|837100
2.7612610215261753|838100
2.7612610215261753|839100
2.7612610215261753|840100
2.7612610215261753|841100
2.7612610215261753|842100
2.7612610215261753|843100
2.7612610215261753|844100
2.7612610215261753|845100
2.7612610215261753|846100
2.7612610215261753|847100
2.7612610215261753|848100
2.7612610215261753|849100
2.7612610215261753|850100
2.7612610215261753|851100
2.7612610215261753|852100
2.7612610215261753|853100
2.7612610215261753|854100
2.7612610215261753|855100
2.7612610215261753|856100
2.7612610215261753|857100
2.7612610215261753|858100
2.7612610215261753|859100
2.7612610215261753|860100
2.7612610215261753|861100
2.7612610215261753|862100
2.7612610215261753|863100
2.7612610215261753|864100
2.7612610215261753|865100
2.7612610215261753|866100
2.7612610215261753|867100
2.7612610215261753|868100
2.7612610215261753|869100
2.7612610215261753|870100
2.7612610215261753|871100
2.7612610215261753|872100
2.7612610215261753|873100
2.7612610215261753|874100
2.7612610215261753|875100
2.7612610215261753|876100
2.7612610215261753|877100
2.7612610215261753|878100
2.7612610215261753|879100
2.7612610215261753|880100
2.7612610215261753|881100
2.7612610215261753|882100
2.7612610215261753|883100
2.7612610215261753|884100
2.7612610215261753|885100
2.7612610215261753|886100
2.7612610215261753|887100
2.7612610215261753|888100
2.7612610215261753|889100
2.7612610215261753|890100
2.7612610215261753|891100
2.7612610215261753|892100
2.7612610215261753|893100
2.7612610215261753|894100
2.7612610215261753|895100
2.7612610215261753|896100
2.7612610215261753|897100
2.7612610215261753|898100
2.7612610215261753|899100
2.7612610215261753|900100
2.7612610215261753|901100
2.7612610215261753|902100
2.7612610215261753|903100
2.7612610215261753|904100
2.7612610215261753|905100
2.7612610215261753|906100
2.7612610215261753|907100
2.7612610215261753|908100
2.7612610215261753|909100
2.7612610215261753|910100
2.7612610215261753|911100
2.7612610215261753|912100
2.7612610215261753|913100
2.7612610215261753|914100
2.7612610215261753|915100
2.7612610215261753|916100
2.7612610215261753|917100
2.7612610215261753|918100
2.7612610215261753|919100
2.7612610215261753|920100
2.7612610215261753|921100
2.7612610215261753|922100
2.7612610215261753|923100
2.7612610215261753|924100
2.7612610215261753|925100
2.7612610215261753|926100
2.7612610215261753|927100
2.7612610215261753|928100
2.7612610215261753|929100
2.7612610215261753|930100
2.7612610215261753|931100
2.7612610215261753|932100
2.7612610215261753|933100
2.7612610215261753|934100
2.7612610215261753|935100
2.7612610215261753|936100
2.7612610215261753|937100
2.7612610215261753|938100
2.7612610215261753|939100
2.7612610215261753|940100
2.7612610215261753|941100
2.7612610215261753|942100
2.7612610215261753|943100
2.7612610215261753|944100
2.7612610215261753|945100
2.7612610215261753|946100
2.7612610215261753|947100
2.7612610215261753|948100
2.7612610215261753|949100
2.7612610215261753|950100
2.7612610215261753|951100
2.7612610215261753|952100
2.7612610215261753|953100
2.7612610215261753|954100
2.7612610215261753|955100
2.7612610215261753|956100
2.7612610215261753|957100
2.7612610215261753|958100
2.7612610215261753|959100
2.7612610215261753|960100
2.7612610215261753|961100
2.7612610215261753|962100
2.7612610215261753|963100
2.7612610215261753|964100
2.7612610215261753|965100
2.7612610215261753|966100
2.7612610215261753|967100
2.7612610215261753|968100
2.7612610215261753|969100
2.7612610215261753|970100
2.7612610215261753|971100
2.7612610215261753|972100
2.7612610215261753|973100
2.7612610215261753|974100
2.7612610215261753|975100
2.7612610215261753|976100
2.7612610215261753|977100
2.7612610215261753|978100
2.7612610215261753|979100
2.7612610215261753|980100
2.7612610215261753|981100
2.7612610215261753|982100
2.7612610215261753|983100
2.7612610215261753|984100
2.7612610215261753|985100
2.7612610215261753|986100
2.7612610215261753|987100
2.7612610215261753|988100
2.7612610215261753|989100
2.7612610215261753|990100
2.7612610215261753|991100
2.7612610215261753|992100
2.7612610215261753|993100
2.7612610215261753|994100
2.7612610215261753|995100
2.7612610215261753|996100
2.7612610215261753|997100
2.7612610215261753|998100
2.7612610215261753|999100
2.7612610215261753|1000100
