4.338|1010
3.4279999999999995|2010
2.827999999999999|3010
2.32|4010
2.2599999999999993|5010
2.1359999999999997|6010
2.087999999999999|7010
2.087999999999999|8010
2.0279999999999996|9010
2.0279999999999996|10010
1.965999999999999|11010
1.965999999999999|12010
1.965999999999999|13010
1.965999999999999|14010
1.909999999999999|15010
1.8439999999999988|16010
1.783999999999999|17010
1.751999999999999|18010
1.737999999999999|19010
1.6919999999999988|20010
1.6919999999999988|21010
1.6799999999999988|22010
1.6799999999999988|23010
1.6799999999999988|24010
1.6799999999999988|25010
1.6799999999999988|26010
1.6799999999999988|27010
1.6799999999999988|28010
1.6799999999999988|29010
1.6799999999999988|30010
1.6799999999999988|31010
1.6799999999999988|32010
1.6799999999999988|33010
1.6799999999999988|34010
1.6799999999999988|35010
1.6799999999999988|36010
1.6799999999999988|37010
1.6799999999999988|38010
1.6799999999999988|39010
1.6799999999999988|40010
1.6799999999999988|41010
1.6799999999999988|42010
1.6799999999999988|43010
1.6799999999999988|44010
1.6799999999999988|45010
1.6799999999999988|46010
1.6799999999999988|47010
1.6799999999999988|48010
1.6799999999999988|49010
1.6799999999999988|50010
1.6799999999999988|51010
1.6799999999999988|52010
1.6799999999999988|53010
1.6799999999999988|54010
1.6639999999999988|55010
1.6639999999999988|56010
1.6639999999999988|57010
1.6639999999999988|58010
1.6639999999999988|59010
1.6639999999999988|60010
1.6639999999999988|61010
1.6639999999999988|62010
1.6639999999999988|63010
1.6639999999999988|64010
1.6639999999999988|65010
1.6639999999999988|66010
1.641999999999999|67010
1.605999999999999|68010
1.605999999999999|69010
1.605999999999999|70010
1.605999999999999|71010
1.6039999999999988|72010
1.5439999999999987|73010
1.5439999999999987|74010
1.5439999999999987|75010
1.5439999999999987|76010
1.5439999999999987|77010
1.5439999999999987|78010
1.5439999999999987|79010
1.5439999999999987|80010
1.5439999999999987|81010
1.5439999999999987|82010
1.5439999999999987|83010
1.5439999999999987|84010
1.5439999999999987|85010
1.5439999999999987|86010
1.5439999999999987|87010
1.5439999999999987|88010
1.5439999999999987|89010
1.5439999999999987|90010
1.5439999999999987|91010
1.5439999999999987|92010
1.5439999999999987|93010
1.5439999999999987|94010
1.5439999999999987|95010
1.5439999999999987|96010
1.5439999999999987|97010
1.5439999999999987|98010
1.5439999999999987|99010
1.5439999999999987|100010
1.5439999999999987|101010
1.5439999999999987|102010
1.5439999999999987|103010
1.5439999999999987|104010
1.5439999999999987|105010
1.5439999999999987|106010
1.5439999999999987|107010
1.5439999999999987|108010
1.5439999999999987|109010
1.5439999999999987|110010
1.5439999999999987|111010
1.5439999999999987|112010
1.5439999999999987|113010
1.5439999999999987|114010
1.5439999999999987|115010
1.5439999999999987|116010
1.5439999999999987|117010
1.5439999999999987|118010
1.5439999999999987|119010
1.5439999999999987|120010
1.5439999999999987|121010
1.5439999999999987|122010
1.5439999999999987|123010
1.5439999999999987|124010
1.5439999999999987|125010
1.5439999999999987|126010
1.5439999999999987|127010
1.5439999999999987|128010
1.5439999999999987|129010
1.5439999999999987|130010
1.5439999999999987|131010
1.5439999999999987|132010
1.5439999999999987|133010
1.5439999999999987|134010
1.5439999999999987|135010
1.5439999999999987|136010
1.5439999999999987|137010
1.5439999999999987|138010
1.5439999999999987|139010
1.5439999999999987|140010
1.5439999999999987|141010
1.5439999999999987|142010
1.5439999999999987|143010
1.5439999999999987|144010
1.5439999999999987|145010
1.5439999999999987|146010
1.5439999999999987|147010
1.5439999999999987|148010
1.5439999999999987|149010
1.5439999999999987|150010
1.5439999999999987|151010
1.5439999999999987|152010
1.5439999999999987|153010
1.5439999999999987|154010
1.5439999999999987|155010
1.5439999999999987|156010
1.5439999999999987|157010
1.5439999999999987|158010
1.5439999999999987|159010
1.5439999999999987|160010
1.5439999999999987|161010
1.5439999999999987|162010
1.5439999999999987|163010
1.5439999999999987|164010
1.5439999999999987|165010
1.5439999999999987|166010
1.5439999999999987|167010
1.5439999999999987|168010
1.5439999999999987|169010
1.5439999999999987|170010
1.5439999999999987|171010
1.5439999999999987|172010
1.5439999999999987|173010
1.5439999999999987|174010
1.5439999999999987|175010
1.5439999999999987|176010
1.5439999999999987|177010
1.5439999999999987|178010
1.5439999999999987|179010
1.5439999999999987|180010
1.5439999999999987|181010
1.5439999999999987|182010
1.5439999999999987|183010
1.5439999999999987|184010
1.5439999999999987|185010
1.5439999999999987|186010
1.5439999999999987|187010
1.5439999999999987|188010
1.5439999999999987|189010
1.5439999999999987|190010
1.5439999999999987|191010
1.5439999999999987|192010
1.5439999999999987|193010
1.5439999999999987|194010
1.5439999999999987|195010
1.5439999999999987|196010
1.5439999999999987|197010
1.5439999999999987|198010
1.5439999999999987|199010
1.5439999999999987|200010
1.5439999999999987|201010
1.5439999999999987|202010
1.5439999999999987|203010
1.5439999999999987|204010
1.5439999999999987|205010
1.5439999999999987|206010
1.5439999999999987|207010
1.5439999999999987|208010
1.5439999999999987|209010
1.5439999999999987|210010
1.5439999999999987|211010
1.5439999999999987|212010
1.5439999999999987|213010
1.5439999999999987|214010
1.5439999999999987|215010
1.5439999999999987|216010
1.5439999999999987|217010
1.5439999999999987|218010
1.5439999999999987|219010
1.5439999999999987|220010
1.5439999999999987|221010
1.5439999999999987|222010
1.5439999999999987|223010
1.5439999999999987|224010
1.5439999999999987|225010
1.5439999999999987|226010
1.5439999999999987|227010
1.5439999999999987|228010
1.5439999999999987|229010
1.5439999999999987|230010
1.5439999999999987|231010
1.5439999999999987|232010
1.5439999999999987|233010
1.5439999999999987|234010
1.5439999999999987|235010
1.5439999999999987|236010
1.5439999999999987|237010
1.5439999999999987|238010
1.5439999999999987|239010
1.5439999999999987|240010
1.5439999999999987|241010
1.5439999999999987|242010
1.5439999999999987|243010
1.5439999999999987|244010
1.5439999999999987|245010
1.5439999999999987|246010
1.5439999999999987|247010
1.5439999999999987|248010
1.5439999999999987|249010
1.5439999999999987|250010
1.5439999999999987|251010
1.5439999999999987|252010
1.5439999999999987|253010
1.5439999999999987|254010
1.5439999999999987|255010
1.5439999999999987|256010
1.5439999999999987|257010
1.5439999999999987|258010
1.5439999999999987|259010
1.5439999999999987|260010
1.5439999999999987|261010
1.5439999999999987|262010
1.5439999999999987|263010
1.5439999999999987|264010
1.5439999999999987|265010
1.5439999999999987|266010
1.5439999999999987|267010
1.5439999999999987|268010
1.5439999999999987|269010
1.5439999999999987|270010
1.5439999999999987|271010
1.5439999999999987|272010
1.5439999999999987|273010
1.5439999999999987|274010
1.5439999999999987|275010
1.5439999999999987|276010
1.5439999999999987|277010
1.5439999999999987|278010
1.5439999999999987|279010
1.5439999999999987|280010
1.5439999999999987|281010
1.5439999999999987|282010
1.5439999999999987|283010
1.5439999999999987|284010
1.5439999999999987|285010
1.5439999999999987|286010
1.5439999999999987|287010
1.5439999999999987|288010
1.5439999999999987|289010
1.5439999999999987|290010
1.5439999999999987|291010
1.5439999999999987|292010
1.5439999999999987|293010
1.5439999999999987|294010
1.5439999999999987|295010
1.5439999999999987|296010
1.5439999999999987|297010
1.5439999999999987|298010
1.5439999999999987|299010
1.5439999999999987|300010
1.5439999999999987|301010
1.5439999999999987|302010
1.5439999999999987|303010
1.5439999999999987|304010
1.5439999999999987|305010
1.5439999999999987|306010
1.5439999999999987|307010
1.5439999999999987|308010
1.5439999999999987|309010
1.5439999999999987|310010
1.5439999999999987|311010
1.5439999999999987|312010
1.5439999999999987|313010
1.5439999999999987|314010
1.5439999999999987|315010
1.5439999999999987|316010
1.5439999999999987|317010
1.5439999999999987|318010
1.5439999999999987|319010
1.5439999999999987|320010
1.5439999999999987|321010
1.5439999999999987|322010
1.5439999999999987|323010
1.5439999999999987|324010
1.5439999999999987|325010
1.5439999999999987|326010
1.5439999999999987|327010
1.5439999999999987|328010
1.5439999999999987|329010
1.5439999999999987|330010
1.5439999999999987|331010
1.5439999999999987|332010
1.5439999999999987|333010
1.5439999999999987|334010
1.5439999999999987|335010
1.5439999999999987|336010
1.5439999999999987|337010
1.5439999999999987|338010
1.5439999999999987|339010
1.5439999999999987|340010
1.5439999999999987|341010
1.5439999999999987|342010
1.5439999999999987|343010
1.5439999999999987|344010
1.5439999999999987|345010
1.5439999999999987|346010
1.5439999999999987|347010
1.5439999999999987|348010
1.5439999999999987|349010
1.5439999999999987|350010
1.5439999999999987|351010
1.5439999999999987|352010
1.5439999999999987|353010
1.5439999999999987|354010
1.5439999999999987|355010
1.5439999999999987|356010
1.5439999999999987|357010
1.5439999999999987|358010
1.5439999999999987|359010
1.5439999999999987|360010
1.5439999999999987|361010
1.5439999999999987|362010
1.5439999999999987|363010
1.5439999999999987|364010
1.5439999999999987|365010
1.5439999999999987|366010
1.5439999999999987|367010
1.5439999999999987|368010
1.5439999999999987|369010
1.5439999999999987|370010
1.5439999999999987|371010
1.5439999999999987|372010
1.5439999999999987|373010
1.5439999999999987|374010
1.5439999999999987|375010
1.5439999999999987|376010
1.5439999999999987|377010
1.5439999999999987|378010
1.5439999999999987|379010
1.5439999999999987|380010
1.5439999999999987|381010
1.5439999999999987|382010
1.5439999999999987|383010
1.5439999999999987|384010
1.5439999999999987|385010
1.5439999999999987|386010
1.5439999999999987|387010
1.5439999999999987|388010
1.5439999999999987|389010
1.5439999999999987|390010
1.5439999999999987|391010
1.5439999999999987|392010
1.5439999999999987|393010
1.5439999999999987|394010
1.5439999999999987|395010
1.5439999999999987|396010
1.5439999999999987|397010
1.5439999999999987|398010
1.5439999999999987|399010
1.5439999999999987|400010
1.5439999999999987|401010
1.5439999999999987|402010
1.5439999999999987|403010
1.5439999999999987|404010
1.5439999999999987|405010
1.5439999999999987|406010
1.5439999999999987|407010
1.5439999999999987|408010
1.5439999999999987|409010
1.5439999999999987|410010
1.5439999999999987|411010
1.5439999999999987|412010
1.5439999999999987|413010
1.5439999999999987|414010
1.5439999999999987|415010
1.5439999999999987|416010
1.5439999999999987|417010
1.5439999999999987|418010
1.5439999999999987|419010
1.5439999999999987|420010
1.5439999999999987|421010
1.5439999999999987|422010
1.5439999999999987|423010
1.5439999999999987|424010
1.5439999999999987|425010
1.5439999999999987|426010
1.5439999999999987|427010
1.5439999999999987|428010
1.5439999999999987|429010
1.5439999999999987|430010
1.5439999999999987|431010
1.5439999999999987|432010
1.5439999999999987|433010
1.5439999999999987|434010
1.5439999999999987|435010
1.5439999999999987|436010
1.5439999999999987|437010
1.5439999999999987|438010
1.5439999999999987|439010
1.5439999999999987|440010
1.5439999999999987|441010
1.5439999999999987|442010
1.5439999999999987|443010
1.5439999999999987|444010
1.5439999999999987|445010
1.5439999999999987|446010
1.5439999999999987|447010
1.5439999999999987|448010
1.5439999999999987|449010
1.5439999999999987|450010
1.5439999999999987|451010
1.5439999999999987|452010
1.5439999999999987|453010
1.5439999999999987|454010
1.5439999999999987|455010
1.5439999999999987|456010
1.5439999999999987|457010
1.5439999999999987|458010
1.5439999999999987|459010
1.5439999999999987|460010
1.5439999999999987|461010
1.5439999999999987|462010
1.5439999999999987|463010
1.5439999999999987|464010
1.5439999999999987|465010
1.5439999999999987|466010
1.5439999999999987|467010
1.5439999999999987|468010
1.5439999999999987|469010
1.5439999999999987|470010
1.5439999999999987|471010
1.5439999999999987|472010
1.5439999999999987|473010
1.5439999999999987|474010
1.5439999999999987|475010
1.5439999999999987|476010
1.5439999999999987|477010
1.5439999999999987|478010
1.5439999999999987|479010
1.5439999999999987|480010
1.5439999999999987|481010
1.5439999999999987|482010
1.5439999999999987|483010
1.5439999999999987|484010
1.5439999999999987|485010
1.5439999999999987|486010
1.5439999999999987|487010
1.5439999999999987|488010
1.5439999999999987|489010
1.5439999999999987|490010
1.5439999999999987|491010
1.5439999999999987|492010
1.5439999999999987|493010
1.5439999999999987|494010
1.5439999999999987|495010
1.5439999999999987|496010
1.5439999999999987|497010
1.5439999999999987|498010
1.5439999999999987|499010
1.5439999999999987|500010
1.5439999999999987|501010
1.5439999999999987|502010
1.5439999999999987|503010
1.5439999999999987|504010
1.5439999999999987|505010
1.5439999999999987|506010
1.5439999999999987|507010
1.5439999999999987|508010
1.5439999999999987|509010
1.5439999999999987|510010
1.5439999999999987|511010
1.5439999999999987|512010
1.5439999999999987|513010
1.5439999999999987|514010
1.5439999999999987|515010
1.5439999999999987|516010
1.5439999999999987|517010
1.5439999999999987|518010
1.5439999999999987|519010
1.5439999999999987|520010
1.5439999999999987|521010
1.5439999999999987|522010
1.5439999999999987|523010
1.5439999999999987|524010
1.5439999999999987|525010
1.5439999999999987|526010
1.5439999999999987|527010
1.5439999999999987|528010
1.5439999999999987|529010
1.5439999999999987|530010
1.5439999999999987|531010
1.5439999999999987|532010
1.5439999999999987|533010
1.5439999999999987|534010
1.5439999999999987|535010
1.5439999999999987|536010
1.5439999999999987|537010
1.5439999999999987|538010
1.5439999999999987|539010
1.5439999999999987|540010
1.5439999999999987|541010
1.5439999999999987|542010
1.5439999999999987|543010
1.5439999999999987|544010
1.5439999999999987|545010
1.5439999999999987|546010
1.5439999999999987|547010
1.5439999999999987|548010
1.5439999999999987|549010
1.5439999999999987|550010
1.5439999999999987|551010
1.5439999999999987|552010
1.5439999999999987|553010
1.5439999999999987|554010
1.5439999999999987|555010
1.5439999999999987|556010
1.5439999999999987|557010
1.5439999999999987|558010
1.5439999999999987|559010
1.5439999999999987|560010
1.5439999999999987|561010
1.5439999999999987|562010
1.5439999999999987|563010
1.5439999999999987|564010
1.5439999999999987|565010
1.5439999999999987|566010
1.5439999999999987|567010
1.5439999999999987|568010
1.5439999999999987|569010
1.5439999999999987|570010
1.5439999999999987|571010
1.5439999999999987|572010
1.5439999999999987|573010
1.5439999999999987|574010
1.5439999999999987|575010
1.5439999999999987|576010
1.5439999999999987|577010
1.5439999999999987|578010
1.5439999999999987|579010
1.5439999999999987|580010
1.5439999999999987|581010
1.5439999999999987|582010
1.5439999999999987|583010
1.5439999999999987|584010
1.5439999999999987|585010
1.5439999999999987|586010
1.5439999999999987|587010
1.5439999999999987|588010
1.5439999999999987|589010
1.5439999999999987|590010
1.5439999999999987|591010
1.5439999999999987|592010
1.5439999999999987|593010
1.5439999999999987|594010
1.5439999999999987|595010
1.5439999999999987|596010
1.5439999999999987|597010
1.5439999999999987|598010
1.5439999999999987|599010
1.5439999999999987|600010
1.5439999999999987|601010
1.5439999999999987|602010
1.5439999999999987|603010
1.5439999999999987|604010
1.5439999999999987|605010
1.5439999999999987|606010
1.5439999999999987|607010
1.5439999999999987|608010
1.5439999999999987|609010
1.5439999999999987|610010
1.5439999999999987|611010
1.5439999999999987|612010
1.5439999999999987|613010
1.5439999999999987|614010
1.5439999999999987|615010
1.5439999999999987|616010
1.5439999999999987|617010
1.5439999999999987|618010
1.5439999999999987|619010
1.5439999999999987|620010
1.5439999999999987|621010
1.5439999999999987|622010
1.5439999999999987|623010
1.5439999999999987|624010
1.5439999999999987|625010
1.5439999999999987|626010
1.5439999999999987|627010
1.5439999999999987|628010
1.5439999999999987|629010
1.5439999999999987|630010
1.5439999999999987|631010
1.5439999999999987|632010
1.5439999999999987|633010
1.5439999999999987|634010
1.5439999999999987|635010
1.5439999999999987|636010
1.5439999999999987|637010
1.5439999999999987|638010
1.5439999999999987|639010
1.5439999999999987|640010
1.5439999999999987|641010
1.5439999999999987|642010
1.5439999999999987|643010
1.5439999999999987|644010
1.5439999999999987|645010
1.5439999999999987|646010
1.5439999999999987|647010
1.5439999999999987|648010
1.5439999999999987|649010
1.5439999999999987|650010
1.5439999999999987|651010
1.5439999999999987|652010
1.5439999999999987|653010
1.5439999999999987|654010
1.5439999999999987|655010
1.5439999999999987|656010
1.5439999999999987|657010
1.5439999999999987|658010
1.5439999999999987|659010
1.5439999999999987|660010
1.5439999999999987|661010
1.5439999999999987|662010
1.5439999999999987|663010
1.5439999999999987|664010
1.5439999999999987|665010
1.5439999999999987|666010
1.5439999999999987|667010
1.5439999999999987|668010
1.5439999999999987|669010
1.5439999999999987|670010
1.5439999999999987|671010
1.5439999999999987|672010
1.5439999999999987|673010
1.5439999999999987|674010
1.5439999999999987|675010
1.5439999999999987|676010
1.5439999999999987|677010
1.5439999999999987|678010
1.5439999999999987|679010
1.5439999999999987|680010
1.5439999999999987|681010
1.5439999999999987|682010
1.5439999999999987|683010
1.5439999999999987|684010
1.5439999999999987|685010
1.5439999999999987|686010
1.5439999999999987|687010
1.5439999999999987|688010
1.5439999999999987|689010
1.5439999999999987|690010
1.5439999999999987|691010
1.5439999999999987|692010
1.5439999999999987|693010
1.5439999999999987|694010
1.5439999999999987|695010
1.5439999999999987|696010
1.5439999999999987|697010
1.5439999999999987|698010
1.5439999999999987|699010
1.5439999999999987|700010
1.5439999999999987|701010
1.5439999999999987|702010
1.5439999999999987|703010
1.5439999999999987|704010
1.5439999999999987|705010
1.5439999999999987|706010
1.5439999999999987|707010
1.5439999999999987|708010
1.5439999999999987|709010
1.5439999999999987|710010
1.5439999999999987|711010
1.5439999999999987|712010
1.5439999999999987|713010
1.5439999999999987|714010
1.5439999999999987|715010
1.5439999999999987|716010
1.5439999999999987|717010
1.5439999999999987|718010
1.5439999999999987|719010
1.5439999999999987|720010
1.5439999999999987|721010
1.5439999999999987|722010
1.5439999999999987|723010
1.5439999999999987|724010
1.5439999999999987|725010
1.5439999999999987|726010
1.5439999999999987|727010
1.5439999999999987|728010
1.5439999999999987|729010
1.5439999999999987|730010
1.5439999999999987|731010
1.5439999999999987|732010
1.5439999999999987|733010
1.5439999999999987|734010
1.5439999999999987|735010
1.5439999999999987|736010
1.5439999999999987|737010
1.5439999999999987|738010
1.5439999999999987|739010
1.5439999999999987|740010
1.5439999999999987|741010
1.5439999999999987|742010
1.5439999999999987|743010
1.5439999999999987|744010
1.5439999999999987|745010
1.5439999999999987|746010
1.5439999999999987|747010
1.5439999999999987|748010
1.5439999999999987|749010
1.5439999999999987|750010
1.5439999999999987|751010
1.5439999999999987|752010
1.5439999999999987|753010
1.5439999999999987|754010
1.5439999999999987|755010
1.5439999999999987|756010
1.5439999999999987|757010
1.5439999999999987|758010
1.5439999999999987|759010
1.5439999999999987|760010
1.5439999999999987|761010
1.5439999999999987|762010
1.5439999999999987|763010
1.5439999999999987|764010
1.5439999999999987|765010
1.5439999999999987|766010
1.5439999999999987|767010
1.5439999999999987|768010
1.5439999999999987|769010
1.5439999999999987|770010
1.5439999999999987|771010
1.5439999999999987|772010
1.5439999999999987|773010
1.5439999999999987|774010
1.5439999999999987|775010
1.5439999999999987|776010
1.5439999999999987|777010
1.5439999999999987|778010
1.5439999999999987|779010
1.5439999999999987|780010
1.5439999999999987|781010
1.5439999999999987|782010
1.5439999999999987|783010
1.5439999999999987|784010
1.5439999999999987|785010
1.5439999999999987|786010
1.5439999999999987|787010
1.5439999999999987|788010
1.5439999999999987|789010
1.5439999999999987|790010
1.5439999999999987|791010
1.5439999999999987|792010
1.5439999999999987|793010
1.5439999999999987|794010
1.5439999999999987|795010
1.5439999999999987|796010
1.5439999999999987|797010
1.5439999999999987|798010
1.5439999999999987|799010
1.5439999999999987|800010
1.5439999999999987|801010
1.5439999999999987|802010
1.5439999999999987|803010
1.5439999999999987|804010
1.5439999999999987|805010
1.5439999999999987|806010
1.5439999999999987|807010
1.5439999999999987|808010
1.5439999999999987|809010
1.5439999999999987|810010
1.5439999999999987|811010
1.5439999999999987|812010
1.5439999999999987|813010
1.5439999999999987|814010
1.5439999999999987|815010
1.5439999999999987|816010
1.5439999999999987|817010
1.5439999999999987|818010
1.5439999999999987|819010
1.5439999999999987|820010
1.5439999999999987|821010
1.5439999999999987|822010
1.5439999999999987|823010
1.5439999999999987|824010
1.5439999999999987|825010
1.5439999999999987|826010
1.5439999999999987|827010
1.5439999999999987|828010
1.5439999999999987|829010
1.5439999999999987|830010
1.5439999999999987|831010
1.5439999999999987|832010
1.5439999999999987|833010
1.5439999999999987|834010
1.5439999999999987|835010
1.5439999999999987|836010
1.5439999999999987|837010
1.5439999999999987|838010
1.5439999999999987|839010
1.5439999999999987|840010
1.5439999999999987|841010
1.5439999999999987|842010
1.5439999999999987|843010
1.5439999999999987|844010
1.5439999999999987|845010
1.5439999999999987|846010
1.5439999999999987|847010
1.5439999999999987|848010
1.5439999999999987|849010
1.5439999999999987|850010
1.5439999999999987|851010
1.5439999999999987|852010
1.5439999999999987|853010
1.5439999999999987|854010
1.5439999999999987|855010
1.5439999999999987|856010
1.5439999999999987|857010
1.5439999999999987|858010
1.5439999999999987|859010
1.5439999999999987|860010
1.5439999999999987|861010
1.5439999999999987|862010
1.5439999999999987|863010
1.5439999999999987|864010
1.5439999999999987|865010
1.5439999999999987|866010
1.5439999999999987|867010
1.5439999999999987|868010
1.5439999999999987|869010
1.5439999999999987|870010
1.5439999999999987|871010
1.5439999999999987|872010
1.5439999999999987|873010
1.5439999999999987|874010
1.5439999999999987|875010
1.5439999999999987|876010
1.5439999999999987|877010
1.5439999999999987|878010
1.5439999999999987|879010
1.5439999999999987|880010
1.5439999999999987|881010
1.5439999999999987|882010
1.5439999999999987|883010
1.5439999999999987|884010
1.5439999999999987|885010
1.5439999999999987|886010
1.5439999999999987|887010
1.5439999999999987|888010
1.5439999999999987|889010
1.5439999999999987|890010
1.5439999999999987|891010
1.5439999999999987|892010
1.5439999999999987|893010
1.5439999999999987|894010
1.5439999999999987|895010
1.5439999999999987|896010
1.5439999999999987|897010
1.5439999999999987|898010
1.5439999999999987|899010
1.5439999999999987|900010
1.5439999999999987|901010
1.5439999999999987|902010
1.5439999999999987|903010
1.5439999999999987|904010
1.5439999999999987|905010
1.5439999999999987|906010
1.5439999999999987|907010
1.5439999999999987|908010
1.5439999999999987|909010
1.5439999999999987|910010
1.5439999999999987|911010
1.5439999999999987|912010
1.5439999999999987|913010
1.5439999999999987|914010
1.5439999999999987|915010
1.5439999999999987|916010
1.5439999999999987|917010
1.5439999999999987|918010
1.5439999999999987|919010
1.5439999999999987|920010
1.5439999999999987|921010
1.5439999999999987|922010
1.5439999999999987|923010
1.5439999999999987|924010
1.5439999999999987|925010
1.5439999999999987|926010
1.5439999999999987|927010
1.5439999999999987|928010
1.5439999999999987|929010
1.5439999999999987|930010
1.5439999999999987|931010
1.5439999999999987|932010
1.5439999999999987|933010
1.5439999999999987|934010
1.5439999999999987|935010
1.5439999999999987|936010
1.5439999999999987|937010
1.5439999999999987|938010
1.5439999999999987|939010
1.5439999999999987|940010
1.5439999999999987|941010
1.5439999999999987|942010
1.5439999999999987|943010
1.5439999999999987|944010
1.5439999999999987|945010
1.5439999999999987|946010
1.5439999999999987|947010
1.5439999999999987|948010
1.5439999999999987|949010
1.5439999999999987|950010
1.5439999999999987|951010
1.5439999999999987|952010
1.5439999999999987|953010
1.5439999999999987|954010
1.5439999999999987|955010
1.5439999999999987|956010
1.5439999999999987|957010
1.5439999999999987|958010
1.5439999999999987|959010
1.5439999999999987|960010
1.5439999999999987|961010
1.5439999999999987|962010
1.5439999999999987|963010
1.5439999999999987|964010
1.5439999999999987|965010
1.5439999999999987|966010
1.5439999999999987|967010
1.5439999999999987|968010
1.5439999999999987|969010
1.5439999999999987|970010
1.5439999999999987|971010
1.5439999999999987|972010
1.5439999999999987|973010
1.5439999999999987|974010
1.5439999999999987|975010
1.5439999999999987|976010
1.5439999999999987|977010
1.5439999999999987|978010
1.5439999999999987|979010
1.5439999999999987|980010
1.5439999999999987|981010
1.5439999999999987|982010
1.5439999999999987|983010
1.5439999999999987|984010
1.5439999999999987|985010
1.5439999999999987|986010
1.5439999999999987|987010
1.5439999999999987|988010
1.5439999999999987|989010
1.5439999999999987|990010
1.5439999999999987|991010
1.5439999999999987|992010
1.5439999999999987|993010
1.5439999999999987|994010
1.5439999999999987|995010
1.5439999999999987|996010
1.5439999999999987|997010
1.5439999999999987|998010
1.5439999999999987|999010
1.5439999999999987|1000010
