21.131468606336206|2000
21.131468606336206|3000
21.211784325125052|4000
21.318837801461182|5000
21.318837801461182|6000
21.318837801461182|7000
21.318837801461182|8000
21.66788832140698|9000
21.66788832140698|10000
21.786843704551853|11000
21.786843704551853|12000
21.786843704551853|13000
22.52765392953917|14000
22.52765392953917|15000
22.52765392953917|16000
22.52765392953917|17000
22.52765392953917|18000
22.52765392953917|19000
22.52765392953917|20000
22.52765392953917|21000
22.52765392953917|22000
22.52765392953917|23000
22.52765392953917|24000
22.52765392953917|25000
22.52765392953917|26000
22.785565376532475|27000
22.785565376532475|28000
22.785565376532475|29000
22.785565376532475|30000
22.785565376532475|31000
22.785565376532475|32000
22.785565376532475|33000
22.785565376532475|34000
22.785565376532475|35000
22.785565376532475|36000
22.785565376532475|37000
22.785565376532475|38000
22.785565376532475|39000
22.785565376532475|40000
22.785565376532475|41000
22.785565376532475|42000
22.785565376532475|43000
22.785565376532475|44000
22.785565376532475|45000
22.785565376532475|46000
22.785565376532475|47000
22.785565376532475|48000
22.785565376532475|49000
22.785565376532475|50000
22.785565376532475|51000
22.785565376532475|52000
22.785565376532475|53000
22.785565376532475|54000
22.785565376532475|55000
22.785565376532475|56000
22.785565376532475|57000
22.785565376532475|58000
22.785565376532475|59000
22.785565376532475|60000
22.785565376532475|61000
22.785565376532475|62000
22.923773292594582|63000
22.923773292594582|64000
22.923773292594582|65000
23.01072887100233|66000
23.01072887100233|67000
23.01072887100233|68000
23.01072887100233|69000
23.01072887100233|70000
23.01072887100233|71000
23.01072887100233|72000
23.01072887100233|73000
23.01072887100233|74000
23.01072887100233|75000
23.01072887100233|76000
23.01072887100233|77000
23.01072887100233|78000
23.01072887100233|79000
23.01072887100233|80000
23.01072887100233|81000
23.01072887100233|82000
23.01072887100233|83000
23.01072887100233|84000
23.01072887100233|85000
23.01072887100233|86000
23.01072887100233|87000
23.01072887100233|88000
23.151970862505618|89000
23.151970862505618|90000
23.151970862505618|91000
23.151970862505618|92000
23.215992023596147|93000
23.215992023596147|94000
23.215992023596147|95000
23.215992023596147|96000
23.215992023596147|97000
23.215992023596147|98000
23.215992023596147|99000
23.215992023596147|100000
23.215992023596147|101000
23.215992023596147|102000
23.215992023596147|103000
23.215992023596147|104000
23.215992023596147|105000
23.215992023596147|106000
23.215992023596147|107000
23.215992023596147|108000
23.215992023596147|109000
23.215992023596147|110000
23.215992023596147|111000
23.215992023596147|112000
23.215992023596147|113000
23.215992023596147|114000
23.215992023596147|115000
23.215992023596147|116000
23.215992023596147|117000
23.215992023596147|118000
23.215992023596147|119000
23.215992023596147|120000
23.215992023596147|121000
23.215992023596147|122000
23.215992023596147|123000
23.215992023596147|124000
23.215992023596147|125000
23.215992023596147|126000
23.215992023596147|127000
23.215992023596147|128000
23.215992023596147|129000
23.215992023596147|130000
23.215992023596147|131000
23.215992023596147|132000
23.215992023596147|133000
23.215992023596147|134000
23.215992023596147|135000
23.215992023596147|136000
23.355750176466003|137000
23.355750176466003|138000
23.355750176466003|139000
23.355750176466003|140000
23.355750176466003|141000
23.355750176466003|142000
23.355750176466003|143000
23.355750176466003|144000
23.355750176466003|145000
23.355750176466003|146000
23.355750176466003|147000
23.355750176466003|148000
23.355750176466003|149000
23.355750176466003|150000
23.355750176466003|151000
23.355750176466003|152000
23.355750176466003|153000
23.355750176466003|154000
23.355750176466003|155000
23.355750176466003|156000
23.355750176466003|157000
23.355750176466003|158000
23.355750176466003|159000
23.355750176466003|160000
23.429605109105104|161000
23.429605109105104|162000
23.429605109105104|163000
23.429605109105104|164000
23.429605109105104|165000
23.429605109105104|166000
23.429605109105104|167000
23.429605109105104|168000
23.429605109105104|169000
23.429605109105104|170000
23.429605109105104|171000
23.429605109105104|172000
23.429605109105104|173000
23.429605109105104|174000
23.429605109105104|175000
23.429605109105104|176000
23.429605109105104|177000
23.429605109105104|178000
23.429605109105104|179000
23.429605109105104|180000
23.429605109105104|181000
23.429605109105104|182000
23.429605109105104|183000
23.429605109105104|184000
23.429605109105104|185000
23.429605109105104|186000
23.429605109105104|187000
23.429605109105104|188000
23.429605109105104|189000
23.429605109105104|190000
23.429605109105104|191000
23.429605109105104|192000
23.429605109105104|193000
23.429605109105104|194000
23.429605109105104|195000
23.429605109105104|196000
23.429605109105104|197000
23.429605109105104|198000
23.429605109105104|199000
23.429605109105104|200000
23.429605109105104|201000
23.429605109105104|202000
23.429605109105104|203000
23.429605109105104|204000
23.429605109105104|205000
23.429605109105104|206000
23.429605109105104|207000
23.429605109105104|208000
23.429605109105104|209000
23.429605109105104|210000
23.429605109105104|211000
23.429605109105104|212000
23.429605109105104|213000
23.429605109105104|214000
23.429605109105104|215000
23.429605109105104|216000
23.429605109105104|217000
23.429605109105104|218000
23.429605109105104|219000
23.429605109105104|220000
23.429605109105104|221000
23.47434795049561|222000
23.47434795049561|223000
23.47434795049561|224000
23.47434795049561|225000
23.47434795049561|226000
23.47434795049561|227000
23.47434795049561|228000
23.47434795049561|229000
23.47434795049561|230000
23.47434795049561|231000
23.47434795049561|232000
23.47434795049561|233000
23.47434795049561|234000
23.47434795049561|235000
23.47434795049561|236000
23.47434795049561|237000
23.47434795049561|238000
23.47434795049561|239000
23.47434795049561|240000
23.47434795049561|241000
23.47434795049561|242000
23.47434795049561|243000
23.47434795049561|244000
23.47434795049561|245000
23.47434795049561|246000
23.47434795049561|247000
23.47434795049561|248000
23.47434795049561|249000
23.47434795049561|250000
23.47434795049561|251000
23.47434795049561|252000
23.47434795049561|253000
23.47434795049561|254000
23.47434795049561|255000
23.47434795049561|256000
23.47434795049561|257000
23.47434795049561|258000
23.47434795049561|259000
23.47434795049561|260000
23.47434795049561|261000
23.47434795049561|262000
23.47434795049561|263000
23.47434795049561|264000
23.47434795049561|265000
23.47434795049561|266000
23.47434795049561|267000
23.47434795049561|268000
23.47434795049561|269000
23.47434795049561|270000
23.47434795049561|271000
23.47434795049561|272000
23.47434795049561|273000
23.47434795049561|274000
23.47434795049561|275000
23.47434795049561|276000
23.47434795049561|277000
23.47434795049561|278000
23.47434795049561|279000
23.47434795049561|280000
23.47434795049561|281000
23.47434795049561|282000
23.47434795049561|283000
23.47434795049561|284000
23.47434795049561|285000
23.47434795049561|286000
23.47434795049561|287000
23.47434795049561|288000
23.47434795049561|289000
23.47434795049561|290000
23.47434795049561|291000
23.47434795049561|292000
23.47434795049561|293000
23.47434795049561|294000
23.47434795049561|295000
23.47434795049561|296000
23.47434795049561|297000
23.47434795049561|298000
23.47434795049561|299000
23.47434795049561|300000
23.47434795049561|301000
23.47434795049561|302000
23.47434795049561|303000
23.47434795049561|304000
23.47434795049561|305000
23.47434795049561|306000
23.47434795049561|307000
23.47434795049561|308000
23.47434795049561|309000
23.47434795049561|310000
23.47434795049561|311000
23.47434795049561|312000
23.47434795049561|313000
23.47434795049561|314000
23.47434795049561|315000
23.47434795049561|316000
23.47434795049561|317000
23.47434795049561|318000
23.47434795049561|319000
23.47434795049561|320000
23.47434795049561|321000
23.47434795049561|322000
23.47434795049561|323000
23.47434795049561|324000
23.47434795049561|325000
23.52115595605858|326000
23.52115595605858|327000
23.52115595605858|328000
23.52115595605858|329000
23.52115595605858|330000
23.533660467385833|331000
23.533660467385833|332000
23.533660467385833|333000
23.549834573140803|334000
23.549834573140803|335000
23.549834573140803|336000
23.549834573140803|337000
23.549834573140803|338000
23.549834573140803|339000
23.556542117300918|340000
23.556542117300918|341000
23.556542117300918|342000
23.556542117300918|343000
23.556542117300918|344000
23.556542117300918|345000
23.57172443779562|346000
23.57172443779562|347000
23.57172443779562|348000
23.57172443779562|349000
23.57172443779562|350000
23.59030642940817|351000
23.59030642940817|352000
23.59030642940817|353000
23.594579082272357|354000
23.652392458575257|355000
23.652392458575257|356000
23.668719891438506|357000
23.668719891438506|358000
23.69326306557463|359000
23.69326306557463|360000
23.69326306557463|361000
23.69326306557463|362000
23.859970945332464|363000
23.859970945332464|364000
23.859970945332464|365000
23.859970945332464|366000
23.859970945332464|367000
23.888625430558285|368000
23.888625430558285|369000
23.888625430558285|370000
23.888625430558285|371000
23.888625430558285|372000
23.888625430558285|373000
23.888625430558285|374000
23.888625430558285|375000
23.888625430558285|376000
23.888625430558285|377000
23.888625430558285|378000
23.888625430558285|379000
23.888625430558285|380000
23.888625430558285|381000
23.888625430558285|382000
23.888625430558285|383000
23.888625430558285|384000
23.888625430558285|385000
23.956362317668425|386000
23.956362317668425|387000
23.956362317668425|388000
23.956362317668425|389000
23.956362317668425|390000
23.956362317668425|391000
23.956362317668425|392000
23.956362317668425|393000
23.956362317668425|394000
23.956362317668425|395000
23.956362317668425|396000
23.956362317668425|397000
23.956362317668425|398000
23.956362317668425|399000
23.956362317668425|400000
23.956362317668425|401000
23.956362317668425|402000
23.956362317668425|403000
23.956362317668425|404000
23.956362317668425|405000
23.956362317668425|406000
23.99258796520929|407000
23.99258796520929|408000
23.99258796520929|409000
23.99258796520929|410000
23.99258796520929|411000
23.99258796520929|412000
23.99258796520929|413000
23.99258796520929|414000
23.99258796520929|415000
23.99258796520929|416000
23.99258796520929|417000
23.99258796520929|418000
23.99258796520929|419000
23.99258796520929|420000
23.99258796520929|421000
23.99258796520929|422000
23.99258796520929|423000
23.99258796520929|424000
23.99258796520929|425000
23.99258796520929|426000
23.99258796520929|427000
23.99258796520929|428000
23.99258796520929|429000
24.002868355728538|430000
24.002868355728538|431000
24.002868355728538|432000
24.002868355728538|433000
24.002868355728538|434000
24.002868355728538|435000
24.020772799370867|436000
24.020772799370867|437000
24.020772799370867|438000
24.020772799370867|439000
24.020772799370867|440000
24.020772799370867|441000
24.020772799370867|442000
24.020772799370867|443000
24.020772799370867|444000
24.020772799370867|445000
24.020772799370867|446000
24.020772799370867|447000
24.020772799370867|448000
24.02927744900209|449000
24.02927744900209|450000
24.02927744900209|451000
24.045003873004998|452000
24.045003873004998|453000
24.045003873004998|454000
24.045003873004998|455000
24.045003873004998|456000
24.045003873004998|457000
24.045003873004998|458000
24.045003873004998|459000
24.045003873004998|460000
24.06196036083349|461000
24.06196036083349|462000
24.06196036083349|463000
24.06196036083349|464000
24.06196036083349|465000
24.06196036083349|466000
24.06196036083349|467000
24.06196036083349|468000
24.068160578499064|469000
24.068160578499064|470000
24.068160578499064|471000
24.068160578499064|472000
24.120788227822008|473000
24.120788227822008|474000
24.191071651825464|475000
24.191071651825464|476000
24.191071651825464|477000
24.191071651825464|478000
24.191071651825464|479000
24.191071651825464|480000
24.191071651825464|481000
24.191071651825464|482000
24.191071651825464|483000
24.191071651825464|484000
24.191071651825464|485000
24.191071651825464|486000
24.191071651825464|487000
24.191071651825464|488000
24.191071651825464|489000
24.191071651825464|490000
24.191071651825464|491000
24.191071651825464|492000
24.191071651825464|493000
24.191071651825464|494000
24.191071651825464|495000
24.191071651825464|496000
24.191071651825464|497000
24.191071651825464|498000
24.191071651825464|499000
24.191071651825464|500000
24.191071651825464|501000
24.191071651825464|502000
24.191071651825464|503000
24.191071651825464|504000
24.191071651825464|505000
24.191071651825464|506000
24.191071651825464|507000
24.191071651825464|508000
24.191071651825464|509000
24.191071651825464|510000
24.191071651825464|511000
24.191071651825464|512000
24.191071651825464|513000
24.232763611279296|514000
24.232763611279296|515000
24.232763611279296|516000
24.232763611279296|517000
24.232763611279296|518000
24.232763611279296|519000
24.232763611279296|520000
24.232763611279296|521000
24.232763611279296|522000
24.232763611279296|523000
24.232763611279296|524000
24.232763611279296|525000
24.232763611279296|526000
24.232763611279296|527000
24.232763611279296|528000
24.232763611279296|529000
24.232763611279296|530000
24.232763611279296|531000
24.232763611279296|532000
24.258370166625845|533000
24.258370166625845|534000
24.265187570142764|535000
24.265187570142764|536000
24.265187570142764|537000
24.265187570142764|538000
24.265187570142764|539000
24.265187570142764|540000
24.265187570142764|541000
24.265187570142764|542000
24.265187570142764|543000
24.265187570142764|544000
24.265187570142764|545000
24.265187570142764|546000
24.265187570142764|547000
24.265187570142764|548000
24.265187570142764|549000
24.265187570142764|550000
24.265187570142764|551000
24.265187570142764|552000
24.265187570142764|553000
24.265187570142764|554000
24.265187570142764|555000
24.265187570142764|556000
24.265187570142764|557000
24.265187570142764|558000
24.265187570142764|559000
24.265187570142764|560000
24.265187570142764|561000
24.265187570142764|562000
24.265187570142764|563000
24.265187570142764|564000
24.265187570142764|565000
24.265187570142764|566000
24.265187570142764|567000
24.265187570142764|568000
24.265187570142764|569000
24.265187570142764|570000
24.265187570142764|571000
24.265187570142764|572000
24.265187570142764|573000
24.265187570142764|574000
24.265187570142764|575000
24.265187570142764|576000
24.265187570142764|577000
24.265187570142764|578000
24.265187570142764|579000
24.265187570142764|580000
24.265187570142764|581000
24.265187570142764|582000
24.265187570142764|583000
24.265187570142764|584000
24.265187570142764|585000
24.265187570142764|586000
24.265187570142764|587000
24.265187570142764|588000
24.265187570142764|589000
24.267575373357463|590000
24.267575373357463|591000
24.267575373357463|592000
24.267575373357463|593000
24.267575373357463|594000
24.267575373357463|595000
24.267575373357463|596000
24.267575373357463|597000
24.267575373357463|598000
24.267575373357463|599000
24.267575373357463|600000
24.267575373357463|601000
24.267575373357463|602000
24.267575373357463|603000
24.267575373357463|604000
24.267575373357463|605000
24.267575373357463|606000
24.267575373357463|607000
24.317426548637584|608000
24.317426548637584|609000
24.317426548637584|610000
24.317426548637584|611000
24.317426548637584|612000
24.317426548637584|613000
24.317426548637584|614000
24.317426548637584|615000
24.317426548637584|616000
24.317426548637584|617000
24.317426548637584|618000
24.317426548637584|619000
24.317426548637584|620000
24.317426548637584|621000
24.317426548637584|622000
24.317426548637584|623000
24.317426548637584|624000
24.317426548637584|625000
24.317426548637584|626000
24.317426548637584|627000
24.317426548637584|628000
24.317426548637584|629000
24.317426548637584|630000
24.317426548637584|631000
24.375136621885467|632000
24.375136621885467|633000
24.375136621885467|634000
24.375136621885467|635000
24.375136621885467|636000
24.375136621885467|637000
24.375136621885467|638000
24.375136621885467|639000
24.375136621885467|640000
24.375136621885467|641000
24.375136621885467|642000
24.375136621885467|643000
24.375136621885467|644000
24.375136621885467|645000
24.375136621885467|646000
24.375136621885467|647000
24.375136621885467|648000
24.375136621885467|649000
24.375136621885467|650000
24.375136621885467|651000
24.375136621885467|652000
24.375136621885467|653000
24.375136621885467|654000
24.375136621885467|655000
24.375136621885467|656000
24.375136621885467|657000
24.375136621885467|658000
24.375136621885467|659000
24.375136621885467|660000
24.375136621885467|661000
24.375136621885467|662000
24.375136621885467|663000
24.375136621885467|664000
24.375136621885467|665000
24.375136621885467|666000
24.375136621885467|667000
24.375136621885467|668000
24.375136621885467|669000
24.375136621885467|670000
24.375136621885467|671000
24.375136621885467|672000
24.375136621885467|673000
24.375136621885467|674000
24.375136621885467|675000
24.375136621885467|676000
24.375136621885467|677000
24.375136621885467|678000
24.375136621885467|679000
24.375136621885467|680000
24.375136621885467|681000
24.375136621885467|682000
24.375136621885467|683000
24.375136621885467|684000
24.375136621885467|685000
24.375136621885467|686000
24.375136621885467|687000
24.375136621885467|688000
24.375136621885467|689000
24.375136621885467|690000
24.375136621885467|691000
24.375136621885467|692000
24.375136621885467|693000
24.375136621885467|694000
24.375136621885467|695000
24.375136621885467|696000
24.375136621885467|697000
24.375136621885467|698000
24.375136621885467|699000
24.375136621885467|700000
24.375136621885467|701000
24.375136621885467|702000
24.375136621885467|703000
24.375136621885467|704000
24.375136621885467|705000
24.375136621885467|706000
24.375136621885467|707000
24.375136621885467|708000
24.375136621885467|709000
24.375136621885467|710000
24.375136621885467|711000
24.375136621885467|712000
24.375136621885467|713000
24.375136621885467|714000
24.375136621885467|715000
24.375136621885467|716000
24.375136621885467|717000
24.375136621885467|718000
24.375136621885467|719000
24.375136621885467|720000
24.375136621885467|721000
24.375136621885467|722000
24.375136621885467|723000
24.375136621885467|724000
24.375136621885467|725000
24.375136621885467|726000
24.41599521319357|727000
24.41599521319357|728000
24.41599521319357|729000
24.41599521319357|730000
24.41599521319357|731000
24.41599521319357|732000
24.41599521319357|733000
24.41599521319357|734000
24.41599521319357|735000
24.41599521319357|736000
24.436413495437517|737000
24.436413495437517|738000
24.436413495437517|739000
24.436413495437517|740000
24.436413495437517|741000
24.436413495437517|742000
24.436413495437517|743000
24.436413495437517|744000
24.436413495437517|745000
24.436413495437517|746000
24.436413495437517|747000
24.436413495437517|748000
24.43658753088344|749000
24.43658753088344|750000
24.43658753088344|751000
24.43658753088344|752000
24.43658753088344|753000
24.43658753088344|754000
24.43658753088344|755000
24.43658753088344|756000
24.43658753088344|757000
24.43658753088344|758000
24.43658753088344|759000
24.43658753088344|760000
24.43658753088344|761000
24.43658753088344|762000
24.43658753088344|763000
24.43658753088344|764000
24.43658753088344|765000
24.43658753088344|766000
24.43658753088344|767000
24.43658753088344|768000
24.43658753088344|769000
24.43658753088344|770000
24.43658753088344|771000
24.43658753088344|772000
24.43658753088344|773000
24.43658753088344|774000
24.43658753088344|775000
24.43658753088344|776000
24.43658753088344|777000
24.43658753088344|778000
24.43658753088344|779000
24.43658753088344|780000
24.43658753088344|781000
24.43658753088344|782000
24.43658753088344|783000
24.43658753088344|784000
24.43658753088344|785000
24.43658753088344|786000
24.43658753088344|787000
24.43658753088344|788000
24.43658753088344|789000
24.43658753088344|790000
24.43658753088344|791000
24.43658753088344|792000
24.43658753088344|793000
24.43658753088344|794000
24.43658753088344|795000
24.43658753088344|796000
24.43658753088344|797000
24.43658753088344|798000
24.43658753088344|799000
24.43658753088344|800000
24.43658753088344|801000
24.43658753088344|802000
24.43658753088344|803000
24.43658753088344|804000
24.43658753088344|805000
24.43658753088344|806000
24.43658753088344|807000
24.43760012210192|808000
24.43760012210192|809000
24.43760012210192|810000
24.43760012210192|811000
24.43760012210192|812000
24.43760012210192|813000
24.43760012210192|814000
24.43760012210192|815000
24.43760012210192|816000
24.43760012210192|817000
24.43760012210192|818000
24.43760012210192|819000
24.43760012210192|820000
24.43760012210192|821000
24.43760012210192|822000
24.43760012210192|823000
24.43760012210192|824000
24.43760012210192|825000
24.43760012210192|826000
24.43760012210192|827000
24.43760012210192|828000
24.43760012210192|829000
24.43760012210192|830000
24.43760012210192|831000
24.43760012210192|832000
24.43760012210192|833000
24.46799888934284|834000
24.46799888934284|835000
24.46799888934284|836000
24.46799888934284|837000
24.46799888934284|838000
24.46799888934284|839000
24.46799888934284|840000
24.46799888934284|841000
24.46799888934284|842000
24.46799888934284|843000
24.46799888934284|844000
24.46799888934284|845000
24.46799888934284|846000
24.46799888934284|847000
24.46799888934284|848000
24.46799888934284|849000
24.46799888934284|850000
24.46799888934284|851000
24.46799888934284|852000
24.46799888934284|853000
24.46799888934284|854000
24.46799888934284|855000
24.46799888934284|856000
24.46799888934284|857000
24.46799888934284|858000
24.46799888934284|859000
24.46799888934284|860000
24.46799888934284|861000
24.46799888934284|862000
24.46799888934284|863000
24.46799888934284|864000
24.46799888934284|865000
24.46799888934284|866000
24.46799888934284|867000
24.46799888934284|868000
24.46799888934284|869000
24.46799888934284|870000
24.46799888934284|871000
24.46799888934284|872000
24.46799888934284|873000
24.46799888934284|874000
24.46799888934284|875000
24.46799888934284|876000
24.46799888934284|877000
24.46799888934284|878000
24.46799888934284|879000
24.46799888934284|880000
24.46799888934284|881000
24.479711635939065|882000
24.479711635939065|883000
24.479711635939065|884000
24.479711635939065|885000
24.479711635939065|886000
24.479711635939065|887000
24.479711635939065|888000
24.479711635939065|889000
24.479711635939065|890000
24.479711635939065|891000
24.479711635939065|892000
24.479711635939065|893000
24.479711635939065|894000
24.479711635939065|895000
24.479711635939065|896000
24.479711635939065|897000
24.479711635939065|898000
24.479711635939065|899000
24.479711635939065|900000
24.479711635939065|901000
24.479711635939065|902000
24.479711635939065|903000
24.479711635939065|904000
24.479711635939065|905000
24.479711635939065|906000
24.479711635939065|907000
24.479711635939065|908000
24.479711635939065|909000
24.479711635939065|910000
24.479711635939065|911000
24.479711635939065|912000
24.479711635939065|913000
24.479711635939065|914000
24.479711635939065|915000
24.479711635939065|916000
24.479711635939065|917000
24.479711635939065|918000
24.479711635939065|919000
24.479711635939065|920000
24.479711635939065|921000
24.479711635939065|922000
24.479711635939065|923000
24.479711635939065|924000
24.479711635939065|925000
24.479711635939065|926000
24.479711635939065|927000
24.479711635939065|928000
24.479711635939065|929000
24.479711635939065|930000
24.479711635939065|931000
24.490295757978593|932000
24.490295757978593|933000
24.490295757978593|934000
24.490295757978593|935000
24.490295757978593|936000
24.490295757978593|937000
24.490295757978593|938000
24.490295757978593|939000
24.490295757978593|940000
24.490295757978593|941000
24.490295757978593|942000
24.490295757978593|943000
24.490295757978593|944000
24.490295757978593|945000
24.490295757978593|946000
24.490295757978593|947000
24.490295757978593|948000
24.490295757978593|949000
24.490295757978593|950000
24.490295757978593|951000
24.490295757978593|952000
24.490295757978593|953000
24.490295757978593|954000
24.490295757978593|955000
24.490295757978593|956000
24.490295757978593|957000
24.490295757978593|958000
24.490295757978593|959000
24.490295757978593|960000
24.490295757978593|961000
24.490295757978593|962000
24.490295757978593|963000
24.490295757978593|964000
24.490295757978593|965000
24.490295757978593|966000
24.490295757978593|967000
24.490295757978593|968000
24.490295757978593|969000
24.490295757978593|970000
24.490295757978593|971000
24.490295757978593|972000
24.490295757978593|973000
24.490295757978593|974000
24.490295757978593|975000
24.490295757978593|976000
24.490295757978593|977000
24.490295757978593|978000
24.490295757978593|979000
24.490295757978593|980000
24.490295757978593|981000
24.490295757978593|982000
24.490295757978593|983000
24.490295757978593|984000
24.490295757978593|985000
24.490295757978593|986000
24.490295757978593|987000
24.490295757978593|988000
24.490295757978593|989000
24.490295757978593|990000
24.490295757978593|991000
24.490295757978593|992000
24.490295757978593|993000
24.490295757978593|994000
24.490295757978593|995000
24.490295757978593|996000
24.490295757978593|997000
24.490295757978593|998000
24.490295757978593|999000
24.490295757978593|1000000
