21.029000364365356|1100
22.13096419713684|2100
22.15848887725628|3100
22.39007106080222|4100
22.39007106080222|5100
22.532232309579793|6100
22.672828033077376|7100
22.672828033077376|8100
22.999104467300747|9100
23.151041001168725|10100
23.151041001168725|11100
23.151041001168725|12100
23.20718577587027|13100
23.20820849190754|14100
23.253078408656844|15100
23.6448136647892|16100
23.6448136647892|17100
23.6448136647892|18100
23.766435920518365|19100
23.84306692858215|20100
23.92015133251116|21100
23.968039383174773|22100
24.053613558856604|23100
24.053613558856604|24100
24.053613558856604|25100
24.074103218759785|26100
24.07410321875979|27100
24.127660332322332|28100
24.130017644351224|29100
24.1596739627394|30100
24.24847651189185|31100
24.269554835291697|32100
24.318997948071033|33100
24.44408053934189|34100
24.47010518499964|35100
24.50505760130419|36100
24.514982576062025|37100
24.528080388783792|38100
24.533838274713172|39100
24.559569143999106|40100
24.565524421827885|41100
24.5679027326411|42100
24.57630914355109|43100
24.585377278729858|44100
24.605450345773065|45100
24.605450345773065|46100
24.614897907387018|47100
24.618089327491298|48100
24.626255957686077|49100
24.641514122973675|50100
24.641514122973675|51100
24.641514122973675|52100
24.650426817457515|53100
24.65042681745752|54100
24.653246956787882|55100
24.65324695678789|56100
24.654209413043848|57100
24.656841157473032|58100
24.656841157473032|59100
24.656841157473032|60100
24.658433277137192|61100
24.67320002102273|62100
24.67320002102273|63100
24.680039151514723|64100
24.68705690133204|65100
24.706522296225355|66100
24.706522296225355|67100
24.706522296225355|68100
24.713076532931503|69100
24.717716541744487|70100
24.71772416758946|71100
24.718006366218226|72100
24.71875475920385|73100
24.719052638990913|74100
24.719053667648136|75100
24.719053667648136|76100
24.71906101096833|77100
24.719641909992365|78100
24.719641909992365|79100
24.71995560098529|80100
24.71995560098529|81100
24.720144121399656|82100
24.720144121399656|83100
24.720144121399656|84100
24.720291457415524|85100
24.720291457415524|86100
24.720319343805738|87100
24.72034297199459|88100
24.72034297199459|89100
24.720913226754515|90100
24.720913226754515|91100
24.720913226754515|92100
24.72091322675452|93100
24.72092057007471|94100
24.721015632048406|95100
24.721015632048406|96100
24.72101941504163|97100
24.72101941504163|98100
24.72101941504163|99100
24.732121271723365|100100
24.732927101700437|101100
24.732984169561256|102100
24.732984169561256|103100
24.732984169561256|104100
24.732984169561256|105100
24.732984169561256|106100
24.73434909738588|107100
24.73434909738588|108100
24.735040461964044|109100
24.735052211860978|110100
24.735052211860978|111100
24.735308271808638|112100
24.73532002170558|113100
24.73532002170558|114100
24.73532002170558|115100
24.73532592300783|116100
24.736218755763804|117100
24.736224657066064|118100
24.736224657066064|119100
24.736295696370046|120100
24.73633273757602|121100
24.73633273757602|122100
24.736403776880003|123100
24.736403776880003|124100
24.737115892135108|125100
24.73718693143909|126100
24.73718693143909|127100
24.737238860076637|128100
24.737323971687708|129100
24.737323971687708|130100
24.737323971687708|131100
24.737323971687708|132100
24.737323971687708|133100
24.73733572158465|134100
24.73733572158465|135100
24.73733572158465|136100
24.73733572158465|137100
24.73733572158465|138100
24.73738765022219|139100
24.73738765022219|140100
24.73738765022219|141100
24.73738765022219|142100
24.73738765022219|143100
24.73738765022219|144100
24.73738765022219|145100
24.73738765022219|146100
24.73738765022219|147100
24.73738765022219|148100
24.73738765022219|149100
24.73738765022219|150100
24.73738765022219|151100
24.73738765022219|152100
24.73738765022219|153100
24.73738765022219|154100
24.73738765022219|155100
24.73738765022219|156100
24.73738765022219|157100
24.737387650222193|158100
24.737387650222193|159100
24.737387650222193|160100
24.737387650222193|161100
24.737387650222193|162100
24.737387650222193|163100
24.737387650222193|164100
24.737387650222193|165100
24.737387650222193|166100
24.737387650222193|167100
24.737387650222193|168100
24.737387650222193|169100
24.737387650222193|170100
24.737387650222193|171100
24.737387650222193|172100
24.737387650222193|173100
24.737387650222193|174100
24.737387650222193|175100
24.737387650222193|176100
24.737387650222193|177100
24.737387650222193|178100
24.737387650222193|179100
24.737387650222193|180100
24.737387650222193|181100
24.737387650222193|182100
24.737387650222193|183100
24.737387650222193|184100
24.737387650222193|185100
24.737387650222193|186100
24.737387650222193|187100
24.737387650222193|188100
24.737387650222193|189100
24.737387650222193|190100
24.737387650222193|191100
24.737387650222193|192100
24.737387650222193|193100
24.737387650222193|194100
24.737387650222193|195100
24.737387650222193|196100
24.737387650222193|197100
24.737387650222193|198100
24.737387650222193|199100
24.737387650222193|200100
24.737387650222193|201100
24.737387650222193|202100
24.737387650222193|203100
24.737387650222193|204100
24.737387650222193|205100
24.737387650222193|206100
24.737387650222193|207100
24.737387650222193|208100
24.737387650222193|209100
24.737387650222193|210100
24.737387650222193|211100
24.737387650222193|212100
24.737387650222193|213100
24.737387650222193|214100
24.737387650222193|215100
24.737387650222193|216100
24.737387650222193|217100
24.737387650222193|218100
24.737387650222193|219100
24.737387650222193|220100
24.737387650222193|221100
24.737387650222193|222100
24.737387650222193|223100
24.737387650222193|224100
24.737387650222193|225100
24.737387650222193|226100
24.737387650222193|227100
24.737387650222193|228100
24.737387650222193|229100
24.737387650222193|230100
24.737387650222193|231100
24.737387650222193|232100
24.737387650222193|233100
24.737387650222193|234100
24.737387650222193|235100
24.737387650222193|236100
24.737387650222193|237100
24.737387650222193|238100
24.737387650222193|239100
24.737387650222193|240100
24.737387650222193|241100
24.737387650222193|242100
24.737387650222193|243100
24.737387650222193|244100
24.737387650222193|245100
24.737387650222193|246100
24.737387650222193|247100
24.737387650222193|248100
24.737387650222193|249100
24.737387650222193|250100
24.737387650222193|251100
24.737387650222193|252100
24.737387650222193|253100
24.737387650222193|254100
24.737387650222193|255100
24.737387650222193|256100
24.737387650222193|257100
24.737387650222193|258100
24.737387650222193|259100
24.737387650222193|260100
24.737387650222193|261100
24.737387650222193|262100
24.737387650222193|263100
24.737387650222193|264100
24.737387650222193|265100
24.737387650222193|266100
24.737387650222193|267100
24.737387650222193|268100
24.737387650222193|269100
24.737387650222193|270100
24.737387650222193|271100
24.737387650222193|272100
24.737387650222193|273100
24.737387650222193|274100
24.737387650222193|275100
24.737387650222193|276100
24.737387650222193|277100
24.737387650222193|278100
24.737387650222193|279100
24.737387650222193|280100
24.737387650222193|281100
24.737387650222193|282100
24.737387650222193|283100
24.737387650222193|284100
24.737387650222193|285100
24.737387650222193|286100
24.737387650222193|287100
24.737387650222193|288100
24.737387650222193|289100
24.737387650222193|290100
24.737387650222193|291100
24.737387650222193|292100
24.737387650222193|293100
24.737387650222193|294100
24.737387650222193|295100
24.737387650222193|296100
24.737387650222193|297100
24.737387650222193|298100
24.737387650222193|299100
24.737387650222193|300100
24.737387650222193|301100
24.737387650222193|302100
24.737387650222193|303100
24.737387650222193|304100
24.737387650222193|305100
24.737387650222193|306100
24.737387650222193|307100
24.737387650222193|308100
24.737387650222193|309100
24.737387650222193|310100
24.737387650222193|311100
24.737387650222193|312100
24.737387650222193|313100
24.737387650222193|314100
24.737387650222193|315100
24.737387650222193|316100
24.737387650222193|317100
24.737387650222193|318100
24.737387650222193|319100
24.737387650222193|320100
24.737387650222193|321100
24.737387650222193|322100
24.737387650222193|323100
24.737387650222193|324100
24.737387650222193|325100
24.737387650222193|326100
24.737387650222193|327100
24.737387650222193|328100
24.737387650222193|329100
24.737387650222193|330100
24.737387650222193|331100
24.737387650222193|332100
24.737387650222193|333100
24.737387650222193|334100
24.737387650222193|335100
24.737387650222193|336100
24.737387650222193|337100
24.737387650222193|338100
24.737387650222193|339100
24.737387650222193|340100
24.737387650222193|341100
24.737387650222193|342100
24.737387650222193|343100
24.737387650222193|344100
24.737387650222193|345100
24.737387650222193|346100
24.737387650222193|347100
24.737387650222193|348100
24.737387650222193|349100
24.737387650222193|350100
24.737387650222193|351100
24.737387650222193|352100
24.737387650222193|353100
24.737387650222193|354100
24.737387650222193|355100
24.737387650222193|356100
24.737387650222193|357100
24.737387650222193|358100
24.737387650222193|359100
24.737387650222193|360100
24.737387650222193|361100
24.737387650222193|362100
24.737387650222193|363100
24.737387650222193|364100
24.737387650222193|365100
24.737387650222193|366100
24.737387650222193|367100
24.737387650222193|368100
24.737387650222193|369100
24.737387650222193|370100
24.737387650222193|371100
24.737387650222193|372100
24.737387650222193|373100
24.737387650222193|374100
24.737387650222193|375100
24.737387650222193|376100
24.737387650222193|377100
24.737387650222193|378100
24.737387650222193|379100
24.737387650222193|380100
24.737387650222193|381100
24.737387650222193|382100
24.737387650222193|383100
24.737387650222193|384100
24.737387650222193|385100
24.737387650222193|386100
24.737387650222193|387100
24.737387650222193|388100
24.737387650222193|389100
24.737387650222193|390100
24.737387650222193|391100
24.737387650222193|392100
24.737387650222193|393100
24.737387650222193|394100
24.737387650222193|395100
24.737387650222193|396100
24.737387650222193|397100
24.737387650222193|398100
24.737387650222193|399100
24.737387650222193|400100
24.737387650222193|401100
24.737387650222193|402100
24.737387650222193|403100
24.737387650222193|404100
24.737387650222193|405100
24.737387650222193|406100
24.737387650222193|407100
24.737387650222193|408100
24.737387650222193|409100
24.737387650222193|410100
24.737387650222193|411100
24.737387650222193|412100
24.737387650222193|413100
24.737387650222193|414100
24.737387650222193|415100
24.737387650222193|416100
24.737387650222193|417100
24.737387650222193|418100
24.737387650222193|419100
24.737387650222193|420100
24.737387650222193|421100
24.737387650222193|422100
24.737387650222193|423100
24.737387650222193|424100
24.737387650222193|425100
24.737387650222193|426100
24.737387650222193|427100
24.737387650222193|428100
24.737387650222193|429100
24.737387650222193|430100
24.737387650222193|431100
24.737387650222193|432100
24.737387650222193|433100
24.737387650222193|434100
24.737387650222193|435100
24.737387650222193|436100
24.737387650222193|437100
24.737387650222193|438100
24.737387650222193|439100
24.737387650222193|440100
24.737387650222193|441100
24.737387650222193|442100
24.737387650222193|443100
24.737387650222193|444100
24.737387650222193|445100
24.737387650222193|446100
24.737387650222193|447100
24.737387650222193|448100
24.737387650222193|449100
24.737387650222193|450100
24.737387650222193|451100
24.737387650222193|452100
24.737387650222193|453100
24.737387650222193|454100
24.737387650222193|455100
24.737387650222193|456100
24.737387650222193|457100
24.737387650222193|458100
24.737387650222193|459100
24.737387650222193|460100
24.737387650222193|461100
24.737387650222193|462100
24.737387650222193|463100
24.737387650222193|464100
24.737387650222193|465100
24.737387650222193|466100
24.737387650222193|467100
24.737387650222193|468100
24.737387650222193|469100
24.737387650222193|470100
24.737387650222193|471100
24.737387650222193|472100
24.737387650222193|473100
24.737387650222193|474100
24.737387650222193|475100
24.737387650222193|476100
24.737387650222193|477100
24.737387650222193|478100
24.737387650222193|479100
24.737387650222193|480100
24.737387650222193|481100
24.737387650222193|482100
24.737387650222193|483100
24.737387650222193|484100
24.737387650222193|485100
24.737387650222193|486100
24.737387650222193|487100
24.737387650222193|488100
24.737387650222193|489100
24.737387650222193|490100
24.737387650222193|491100
24.737387650222193|492100
24.737387650222193|493100
24.737387650222193|494100
24.737387650222193|495100
24.737387650222193|496100
24.737387650222193|497100
24.737387650222193|498100
24.737387650222193|499100
24.737387650222193|500100
24.737387650222193|501100
24.737387650222193|502100
24.737387650222193|503100
24.737387650222193|504100
24.737387650222193|505100
24.737387650222193|506100
24.737387650222193|507100
24.737387650222193|508100
24.737387650222193|509100
24.737387650222193|510100
24.737387650222193|511100
24.737387650222193|512100
24.737387650222193|513100
24.737387650222193|514100
24.737387650222193|515100
24.737387650222193|516100
24.737387650222193|517100
24.737387650222193|518100
24.737387650222193|519100
24.737387650222193|520100
24.737387650222193|521100
24.737387650222193|522100
24.737387650222193|523100
24.737387650222193|524100
24.737387650222193|525100
24.737387650222193|526100
24.737387650222193|527100
24.737387650222193|528100
24.737387650222193|529100
24.737387650222193|530100
24.737387650222193|531100
24.737387650222193|532100
24.737387650222193|533100
24.737387650222193|534100
24.737387650222193|535100
24.737387650222193|536100
24.737387650222193|537100
24.737387650222193|538100
24.737387650222193|539100
24.737387650222193|540100
24.737387650222193|541100
24.737387650222193|542100
24.737387650222193|543100
24.737387650222193|544100
24.737387650222193|545100
24.737387650222193|546100
24.737387650222193|547100
24.737387650222193|548100
24.737387650222193|549100
24.737387650222193|550100
24.737387650222193|551100
24.737387650222193|552100
24.737387650222193|553100
24.737387650222193|554100
24.737387650222193|555100
24.737387650222193|556100
24.737387650222193|557100
24.737387650222193|558100
24.737387650222193|559100
24.737387650222193|560100
24.737387650222193|561100
24.737387650222193|562100
24.737387650222193|563100
24.737387650222193|564100
24.737387650222193|565100
24.737387650222193|566100
24.737387650222193|567100
24.737387650222193|568100
24.737387650222193|569100
24.737387650222193|570100
24.737387650222193|571100
24.737387650222193|572100
24.737387650222193|573100
24.737387650222193|574100
24.737387650222193|575100
24.737387650222193|576100
24.737387650222193|577100
24.737387650222193|578100
24.737387650222193|579100
24.737387650222193|580100
24.737387650222193|581100
24.737387650222193|582100
24.737387650222193|583100
24.737387650222193|584100
24.737387650222193|585100
24.737387650222193|586100
24.737387650222193|587100
24.737387650222193|588100
24.737387650222193|589100
24.737387650222193|590100
24.737387650222193|591100
24.737387650222193|592100
24.737387650222193|593100
24.737387650222193|594100
24.737387650222193|595100
24.737387650222193|596100
24.737387650222193|597100
24.737387650222193|598100
24.737387650222193|599100
24.737387650222193|600100
24.737387650222193|601100
24.737387650222193|602100
24.737387650222193|603100
24.737387650222193|604100
24.737387650222193|605100
24.737387650222193|606100
24.737387650222193|607100
24.737387650222193|608100
24.737387650222193|609100
24.737387650222193|610100
24.737387650222193|611100
24.737387650222193|612100
24.737387650222193|613100
24.737387650222193|614100
24.737387650222193|615100
24.737387650222193|616100
24.737387650222193|617100
24.737387650222193|618100
24.737387650222193|619100
24.737387650222193|620100
24.737387650222193|621100
24.737387650222193|622100
24.737387650222193|623100
24.737387650222193|624100
24.737387650222193|625100
24.737387650222193|626100
24.737387650222193|627100
24.737387650222193|628100
24.737387650222193|629100
24.737387650222193|630100
24.737387650222193|631100
24.737387650222193|632100
24.737387650222193|633100
24.737387650222193|634100
24.737387650222193|635100
24.737387650222193|636100
24.737387650222193|637100
24.737387650222193|638100
24.737387650222193|639100
24.737387650222193|640100
24.737387650222193|641100
24.737387650222193|642100
24.737387650222193|643100
24.737387650222193|644100
24.737387650222193|645100
24.737387650222193|646100
24.737387650222193|647100
24.737387650222193|648100
24.737387650222193|649100
24.737387650222193|650100
24.737387650222193|651100
24.737387650222193|652100
24.737387650222193|653100
24.737387650222193|654100
24.737387650222193|655100
24.737387650222193|656100
24.737387650222193|657100
24.737387650222193|658100
24.737387650222193|659100
24.737387650222193|660100
24.737387650222193|661100
24.737387650222193|662100
24.737387650222193|663100
24.737387650222193|664100
24.737387650222193|665100
24.737387650222193|666100
24.737387650222193|667100
24.737387650222193|668100
24.737387650222193|669100
24.737387650222193|670100
24.737387650222193|671100
24.737387650222193|672100
24.737387650222193|673100
24.737387650222193|674100
24.737387650222193|675100
24.737387650222193|676100
24.737387650222193|677100
24.737387650222193|678100
24.737387650222193|679100
24.737387650222193|680100
24.737387650222193|681100
24.737387650222193|682100
24.737387650222193|683100
24.737387650222193|684100
24.737387650222193|685100
24.737387650222193|686100
24.737387650222193|687100
24.737387650222193|688100
24.737387650222193|689100
24.737387650222193|690100
24.737387650222193|691100
24.737387650222193|692100
24.737387650222193|693100
24.737387650222193|694100
24.737387650222193|695100
24.737387650222193|696100
24.737387650222193|697100
24.737387650222193|698100
24.737387650222193|699100
24.737387650222193|700100
24.737387650222193|701100
24.737387650222193|702100
24.737387650222193|703100
24.737387650222193|704100
24.737387650222193|705100
24.737387650222193|706100
24.737387650222193|707100
24.737387650222193|708100
24.737387650222193|709100
24.737387650222193|710100
24.737387650222193|711100
24.737387650222193|712100
24.737387650222193|713100
24.737387650222193|714100
24.737387650222193|715100
24.737387650222193|716100
24.737387650222193|717100
24.737387650222193|718100
24.737387650222193|719100
24.737387650222193|720100
24.737387650222193|721100
24.737387650222193|722100
24.737387650222193|723100
24.737387650222193|724100
24.737387650222193|725100
24.737387650222193|726100
24.737387650222193|727100
24.737387650222193|728100
24.737387650222193|729100
24.737387650222193|730100
24.737387650222193|731100
24.737387650222193|732100
24.737387650222193|733100
24.737387650222193|734100
24.737387650222193|735100
24.737387650222193|736100
24.737387650222193|737100
24.737387650222193|738100
24.737387650222193|739100
24.737387650222193|740100
24.737387650222193|741100
24.737387650222193|742100
24.737387650222193|743100
24.737387650222193|744100
24.737387650222193|745100
24.737387650222193|746100
24.737387650222193|747100
24.737387650222193|748100
24.737387650222193|749100
24.737387650222193|750100
24.737387650222193|751100
24.737387650222193|752100
24.737387650222193|753100
24.737387650222193|754100
24.737387650222193|755100
24.737387650222193|756100
24.737387650222193|757100
24.737387650222193|758100
24.737387650222193|759100
24.737387650222193|760100
24.737387650222193|761100
24.737387650222193|762100
24.737387650222193|763100
24.737387650222193|764100
24.737387650222193|765100
24.737387650222193|766100
24.737387650222193|767100
24.737387650222193|768100
24.737387650222193|769100
24.737387650222193|770100
24.737387650222193|771100
24.737387650222193|772100
24.737387650222193|773100
24.737387650222193|774100
24.737387650222193|775100
24.737387650222193|776100
24.737387650222193|777100
24.737387650222193|778100
24.737387650222193|779100
24.737387650222193|780100
24.737387650222193|781100
24.737387650222193|782100
24.737387650222193|783100
24.737387650222193|784100
24.737387650222193|785100
24.737387650222193|786100
24.737387650222193|787100
24.737387650222193|788100
24.737387650222193|789100
24.737387650222193|790100
24.737387650222193|791100
24.737387650222193|792100
24.737387650222193|793100
24.737387650222193|794100
24.737387650222193|795100
24.737387650222193|796100
24.737387650222193|797100
24.737387650222193|798100
24.737387650222193|799100
24.737387650222193|800100
24.737387650222193|801100
24.737387650222193|802100
24.737387650222193|803100
24.737387650222193|804100
24.737387650222193|805100
24.737387650222193|806100
24.737387650222193|807100
24.737387650222193|808100
24.737387650222193|809100
24.737387650222193|810100
24.737387650222193|811100
24.737387650222193|812100
24.737387650222193|813100
24.737387650222193|814100
24.737387650222193|815100
24.737387650222193|816100
24.737387650222193|817100
24.737387650222193|818100
24.737387650222193|819100
24.737387650222193|820100
24.737387650222193|821100
24.737387650222193|822100
24.737387650222193|823100
24.737387650222193|824100
24.737387650222193|825100
24.737387650222193|826100
24.737387650222193|827100
24.737387650222193|828100
24.737387650222193|829100
24.737387650222193|830100
24.737387650222193|831100
24.737387650222193|832100
24.737387650222193|833100
24.737387650222193|834100
24.737387650222193|835100
24.737387650222193|836100
24.737387650222193|837100
24.737387650222193|838100
24.737387650222193|839100
24.737387650222193|840100
24.737387650222193|841100
24.737387650222193|842100
24.737387650222193|843100
24.737387650222193|844100
24.737387650222193|845100
24.737387650222193|846100
24.737387650222193|847100
24.737387650222193|848100
24.737387650222193|849100
24.737387650222193|850100
24.737387650222193|851100
24.737387650222193|852100
24.737387650222193|853100
24.737387650222193|854100
24.737387650222193|855100
24.737387650222193|856100
24.737387650222193|857100
24.737387650222193|858100
24.737387650222193|859100
24.737387650222193|860100
24.737387650222193|861100
24.737387650222193|862100
24.737387650222193|863100
24.737387650222193|864100
24.737387650222193|865100
24.737387650222193|866100
24.737387650222193|867100
24.737387650222193|868100
24.737387650222193|869100
24.737387650222193|870100
24.737387650222193|871100
24.737387650222193|872100
24.737387650222193|873100
24.737387650222193|874100
24.737387650222193|875100
24.737387650222193|876100
24.737387650222193|877100
24.737387650222193|878100
24.737387650222193|879100
24.737387650222193|880100
24.737387650222193|881100
24.737387650222193|882100
24.737387650222193|883100
24.737387650222193|884100
24.737387650222193|885100
24.737387650222193|886100
24.737387650222193|887100
24.737387650222193|888100
24.737387650222193|889100
24.737387650222193|890100
24.737387650222193|891100
24.737387650222193|892100
24.737387650222193|893100
24.737387650222193|894100
24.737387650222193|895100
24.737387650222193|896100
24.737387650222193|897100
24.737387650222193|898100
24.737387650222193|899100
24.737387650222193|900100
24.737387650222193|901100
24.737387650222193|902100
24.737387650222193|903100
24.737387650222193|904100
24.737387650222193|905100
24.737387650222193|906100
24.737387650222193|907100
24.737387650222193|908100
24.737387650222193|909100
24.737387650222193|910100
24.737387650222193|911100
24.737387650222193|912100
24.737387650222193|913100
24.737387650222193|914100
24.737387650222193|915100
24.737387650222193|916100
24.737387650222193|917100
24.737387650222193|918100
24.737387650222193|919100
24.737387650222193|920100
24.737387650222193|921100
24.737387650222193|922100
24.737387650222193|923100
24.737387650222193|924100
24.737387650222193|925100
24.737387650222193|926100
24.737387650222193|927100
24.737387650222193|928100
24.737387650222193|929100
24.737387650222193|930100
24.737387650222193|931100
24.737387650222193|932100
24.737387650222193|933100
24.737387650222193|934100
24.737387650222193|935100
24.737387650222193|936100
24.737387650222193|937100
24.737387650222193|938100
24.737387650222193|939100
24.737387650222193|940100
24.737387650222193|941100
24.737387650222193|942100
24.737387650222193|943100
24.737387650222193|944100
24.737387650222193|945100
24.737387650222193|946100
24.737387650222193|947100
24.737387650222193|948100
24.737387650222193|949100
24.737387650222193|950100
24.737387650222193|951100
24.737387650222193|952100
24.737387650222193|953100
24.737387650222193|954100
24.737387650222193|955100
24.737387650222193|956100
24.737387650222193|957100
24.737387650222193|958100
24.737387650222193|959100
24.737387650222193|960100
24.737387650222193|961100
24.737387650222193|962100
24.737387650222193|963100
24.737387650222193|964100
24.737387650222193|965100
24.737387650222193|966100
24.737387650222193|967100
24.737387650222193|968100
24.737387650222193|969100
24.737387650222193|970100
24.737387650222193|971100
24.737387650222193|972100
24.737387650222193|973100
24.737387650222193|974100
24.737387650222193|975100
24.737387650222193|976100
24.737387650222193|977100
24.737387650222193|978100
24.737387650222193|979100
24.737387650222193|980100
24.737387650222193|981100
24.737387650222193|982100
24.737387650222193|983100
24.737387650222193|984100
24.737387650222193|985100
24.737387650222193|986100
24.737387650222193|987100
24.737387650222193|988100
24.737387650222193|989100
24.737387650222193|990100
24.737387650222193|991100
24.737387650222193|992100
24.737387650222193|993100
24.737387650222193|994100
24.737387650222193|995100
24.737387650222193|996100
24.737387650222193|997100
24.737387650222193|998100
24.737387650222193|999100
24.737387650222193|1000100
