23.702076145126117|1010
24.041866914679513|2010
24.36742270603111|3010
24.467709843146924|4010
24.53018484198629|5010
24.559654824522593|6010
24.56191888958976|7010
24.56785404480534|8010
24.57218990020634|9010
24.584267799523143|10010
24.619336081713445|11010
24.653538220215477|12010
24.65521457572934|13010
24.67542429338584|14010
24.67879498503997|15010
24.68182360999684|16010
24.684991132712366|17010
24.68713013791597|18010
24.695973146847862|19010
24.695973146847862|20010
24.700526939598454|21010
24.708410222599653|22010
24.708704899537175|23010
24.7096436361475|24010
24.70964439802499|25010
24.713376864477855|26010
24.713376864477855|27010
24.714778928039465|28010
24.714778928039465|29010
24.714778928039465|30010
24.716354673825784|31010
24.71664699256894|32010
24.71664699256894|33010
24.716647847934496|34010
24.716647847934496|35010
24.716647847934496|36010
24.716647847934496|37010
24.716647847934496|38010
24.716647847934496|39010
24.716647847934496|40010
24.716647847934496|41010
24.716647847934496|42010
24.716647847934496|43010
24.716647847934496|44010
24.716647847934496|45010
24.716647847934496|46010
24.716647847934496|47010
24.716647847934496|48010
24.716647847934496|49010
24.716647847934496|50010
24.716647847934496|51010
24.716647847934496|52010
24.716647847934496|53010
24.716647847934496|54010
24.716647847934496|55010
24.716647847934496|56010
24.7166478479345|57010
24.7166478479345|58010
24.7166478479345|59010
24.7166478479345|60010
24.7166478479345|61010
24.7166478479345|62010
24.7166478479345|63010
24.7166478479345|64010
24.7166478479345|65010
24.7166478479345|66010
24.7166478479345|67010
24.7166478479345|68010
24.7166478479345|69010
24.7166478479345|70010
24.7166478479345|71010
24.7166478479345|72010
24.7166478479345|73010
24.7166478479345|74010
24.7166478479345|75010
24.7166478479345|76010
24.7166478479345|77010
24.7166478479345|78010
24.7166478479345|79010
24.7166478479345|80010
24.7166478479345|81010
24.7166478479345|82010
24.7166478479345|83010
24.7166478479345|84010
24.7166478479345|85010
24.7166478479345|86010
24.7166478479345|87010
24.7166478479345|88010
24.7166478479345|89010
24.7166478479345|90010
24.7166478479345|91010
24.7166478479345|92010
24.7166478479345|93010
24.7166478479345|94010
24.7166478479345|95010
24.7166478479345|96010
24.7166478479345|97010
24.7166478479345|98010
24.7166478479345|99010
24.7166478479345|100010
24.7166478479345|101010
24.7166478479345|102010
24.7166478479345|103010
24.7166478479345|104010
24.7166478479345|105010
24.7166478479345|106010
24.7166478479345|107010
24.7166478479345|108010
24.7166478479345|109010
24.7166478479345|110010
24.7166478479345|111010
24.7166478479345|112010
24.7166478479345|113010
24.7166478479345|114010
24.7166478479345|115010
24.7166478479345|116010
24.7166478479345|117010
24.7166478479345|118010
24.7166478479345|119010
24.7166478479345|120010
24.7166478479345|121010
24.7166478479345|122010
24.7166478479345|123010
24.7166478479345|124010
24.7166478479345|125010
24.7166478479345|126010
24.7166478479345|127010
24.7166478479345|128010
24.7166478479345|129010
24.7166478479345|130010
24.7166478479345|131010
24.7166478479345|132010
24.7166478479345|133010
24.7166478479345|134010
24.7166478479345|135010
24.7166478479345|136010
24.7166478479345|137010
24.7166478479345|138010
24.7166478479345|139010
24.7166478479345|140010
24.7166478479345|141010
24.7166478479345|142010
24.7166478479345|143010
24.7166478479345|144010
24.7166478479345|145010
24.7166478479345|146010
24.7166478479345|147010
24.7166478479345|148010
24.717117530901316|149010
24.717851822200153|150010
24.717864597780448|151010
24.71793651562356|152010
24.71793651562356|153010
24.71794204960003|154010
24.71795519547998|155010
24.71795519547998|156010
24.71795519547998|157010
24.71795519547998|158010
24.71795519547998|159010
24.71795519547998|160010
24.71795519547998|161010
24.71795519547998|162010
24.718321660358185|163010
24.718321660358185|164010
24.718321660358185|165010
24.718321660358185|166010
24.718321660358185|167010
24.718321660358185|168010
24.718321660358185|169010
24.718321660358185|170010
24.718321660358185|171010
24.718321660358185|172010
24.718321660358185|173010
24.718321660358185|174010
24.718321660358185|175010
24.718321660358185|176010
24.718321660358185|177010
24.718321660358185|178010
24.718321660358185|179010
24.718321660358185|180010
24.718321660358185|181010
24.718321660358185|182010
24.718321660358185|183010
24.718321660358185|184010
24.718321660358185|185010
24.718321660358185|186010
24.718321660358185|187010
24.718321660358185|188010
24.718321660358185|189010
24.718321660358185|190010
24.718321660358185|191010
24.718321660358185|192010
24.718321660358185|193010
24.718321660358185|194010
24.718321660358185|195010
24.718321660358185|196010
24.718321660358185|197010
24.718321660358185|198010
24.71832166035819|199010
24.71832166035819|200010
24.71832166035819|201010
24.71832166035819|202010
24.71832166035819|203010
24.71832166035819|204010
24.71832166035819|205010
24.71930445837407|206010
24.719393438189563|207010
24.719393438189563|208010
24.719393438189563|209010
24.719393438189563|210010
24.719393438189563|211010
24.719393438189563|212010
24.719393438189563|213010
24.719393438189563|214010
24.719393438189563|215010
24.719393438189563|216010
24.719393438189563|217010
24.719393438189563|218010
24.719393438189563|219010
24.719393438189563|220010
24.719393438189563|221010
24.719393438189567|222010
24.719393438189567|223010
24.719393438189567|224010
24.719393438189567|225010
24.719393438189567|226010
24.719393438189567|227010
24.719393438189567|228010
24.719393438189567|229010
24.719393438189567|230010
24.719393438189567|231010
24.719393438189567|232010
24.719393438189567|233010
24.719393438189567|234010
24.719393438189567|235010
24.719393438189567|236010
24.719393438189567|237010
24.719393438189567|238010
24.719393438189567|239010
24.719393438189567|240010
24.719393438189567|241010
24.719393438189567|242010
24.719393438189567|243010
24.719393438189567|244010
24.719393438189567|245010
24.719393438189567|246010
24.719393438189567|247010
24.719393438189567|248010
24.719393438189567|249010
24.719393438189567|250010
24.719393438189567|251010
24.719393438189567|252010
24.719393438189567|253010
24.719393438189567|254010
24.719393438189567|255010
24.719393438189567|256010
24.719393438189567|257010
24.719393438189567|258010
24.719393438189567|259010
24.719393438189567|260010
24.719393438189567|261010
24.729402491436385|262010
24.731238356425244|263010
24.73170674364787|264010
24.731786550551828|265010
24.731786550551835|266010
24.73571790656982|267010
24.737307382882722|268010
24.737307382882722|269010
24.737307382882722|270010
24.737444423131333|271010
24.737444423131333|272010
24.737444423131336|273010
24.73763555118238|274010
24.738571739926936|275010
24.738571739926936|276010
24.738630574870374|277010
24.738630574870374|278010
24.738630574870374|279010
24.738630574870374|280010
24.738630574870374|281010
24.738630574870374|282010
24.738630574870374|283010
24.738630574870374|284010
24.738630574870374|285010
24.738630574870374|286010
24.738630574870378|287010
24.738630574870378|288010
24.738630574870378|289010
24.738630574870378|290010
24.738630574870378|291010
24.738630574870378|292010
24.738630574870378|293010
24.738630574870378|294010
24.738630574870378|295010
24.738630574870378|296010
24.738630574870378|297010
24.738630574870378|298010
24.738630574870378|299010
24.738630574870378|300010
24.738630574870378|301010
24.738630574870378|302010
24.738630574870378|303010
24.738630574870378|304010
24.738630574870378|305010
24.738630574870378|306010
24.738630574870378|307010
24.738630574870378|308010
24.738630574870378|309010
24.738630574870378|310010
24.738630574870378|311010
24.738630574870378|312010
24.738630574870378|313010
24.738630574870378|314010
24.738630574870378|315010
24.738630574870378|316010
24.738630574870378|317010
24.738630574870378|318010
24.738630574870378|319010
24.738630574870378|320010
24.738630574870378|321010
24.738630574870378|322010
24.738630574870378|323010
24.738630574870378|324010
24.738630574870378|325010
24.738630574870378|326010
24.738630574870378|327010
24.738630574870378|328010
24.738630574870378|329010
24.738630574870378|330010
24.738630574870378|331010
24.73863057487038|332010
24.73863057487038|333010
24.73863057487038|334010
24.73863057487038|335010
24.73863057487038|336010
24.73863057487038|337010
24.73863057487038|338010
24.73863057487038|339010
24.73863057487038|340010
24.73863057487038|341010
24.73863057487038|342010
24.73863057487038|343010
24.73863057487038|344010
24.73863057487038|345010
24.73863057487038|346010
24.73863057487038|347010
24.73863057487038|348010
24.73863057487038|349010
24.73863057487038|350010
24.73863057487038|351010
24.73863057487038|352010
24.73863057487038|353010
24.73863057487038|354010
24.73863057487038|355010
24.73863057487038|356010
24.73863057487038|357010
24.73863057487038|358010
24.73863057487038|359010
24.73863057487038|360010
24.73863057487038|361010
24.73863057487038|362010
24.73863057487038|363010
24.73863057487038|364010
24.73863057487038|365010
24.73863057487038|366010
24.73863057487038|367010
24.73863057487038|368010
24.73863057487038|369010
24.73863057487038|370010
24.73863057487038|371010
24.73863057487038|372010
24.73863057487038|373010
24.73863057487038|374010
24.73863057487038|375010
24.73863057487038|376010
24.73863057487038|377010
24.73863057487038|378010
24.73863057487038|379010
24.73863057487038|380010
24.73863057487038|381010
24.73863057487038|382010
24.73863057487038|383010
24.73863057487038|384010
24.73863057487038|385010
24.73863057487038|386010
24.73863057487038|387010
24.73863057487038|388010
24.73863057487038|389010
24.73863057487038|390010
24.73863057487038|391010
24.73863057487038|392010
24.73863057487038|393010
24.73863057487038|394010
24.73863057487038|395010
24.73863057487038|396010
24.73863057487038|397010
24.73863057487038|398010
24.73863057487038|399010
24.73863057487038|400010
24.73863057487038|401010
24.73863057487038|402010
24.73863057487038|403010
24.73863057487038|404010
24.73863057487038|405010
24.73863057487038|406010
24.73863057487038|407010
24.73863057487038|408010
24.73863057487038|409010
24.73863057487038|410010
24.73863057487038|411010
24.73863057487038|412010
24.73863057487038|413010
24.73863057487038|414010
24.73863057487038|415010
24.73863057487038|416010
24.73863057487038|417010
24.73863057487038|418010
24.73863057487038|419010
24.73863057487038|420010
24.73863057487038|421010
24.73863057487038|422010
24.73863057487038|423010
24.73863057487038|424010
24.73863057487038|425010
24.73863057487038|426010
24.73863057487038|427010
24.73863057487038|428010
24.73863057487038|429010
24.73863057487038|430010
24.73863057487038|431010
24.73863057487038|432010
24.73863057487038|433010
24.73863057487038|434010
24.73863057487038|435010
24.73863057487038|436010
24.73863057487038|437010
24.73863057487038|438010
24.73863057487038|439010
24.73863057487038|440010
24.73863057487038|441010
24.73863057487038|442010
24.73863057487038|443010
24.73863057487038|444010
24.73863057487038|445010
24.73863057487038|446010
24.73863057487038|447010
24.73863057487038|448010
24.73863057487038|449010
24.73863057487038|450010
24.73863057487038|451010
24.73863057487038|452010
24.73863057487038|453010
24.73863057487038|454010
24.73863057487038|455010
24.73863057487038|456010
24.73863057487038|457010
24.73863057487038|458010
24.73863057487038|459010
24.73863057487038|460010
24.73863057487038|461010
24.73863057487038|462010
24.73863057487038|463010
24.73863057487038|464010
24.73863057487038|465010
24.73863057487038|466010
24.73863057487038|467010
24.73863057487038|468010
24.73863057487038|469010
24.73863057487038|470010
24.73863057487038|471010
24.73863057487038|472010
24.73863057487038|473010
24.73863057487038|474010
24.73863057487038|475010
24.73863057487038|476010
24.73863057487038|477010
24.73863057487038|478010
24.73863057487038|479010
24.73863057487038|480010
24.73863057487038|481010
24.73863057487038|482010
24.73863057487038|483010
24.73863057487038|484010
24.73863057487038|485010
24.73863057487038|486010
24.73863057487038|487010
24.73863057487038|488010
24.73863057487038|489010
24.73863057487038|490010
24.73863057487038|491010
24.73863057487038|492010
24.73863057487038|493010
24.73863057487038|494010
24.73863057487038|495010
24.73863057487038|496010
24.73863057487038|497010
24.73863057487038|498010
24.73863057487038|499010
24.73863057487038|500010
24.73863057487038|501010
24.73863057487038|502010
24.73863057487038|503010
24.73863057487038|504010
24.73863057487038|505010
24.73863057487038|506010
24.73863057487038|507010
24.73863057487038|508010
24.73863057487038|509010
24.73863057487038|510010
24.73863057487038|511010
24.73863057487038|512010
24.73863057487038|513010
24.73863057487038|514010
24.73863057487038|515010
24.73863057487038|516010
24.73863057487038|517010
24.73863057487038|518010
24.73863057487038|519010
24.73863057487038|520010
24.73863057487038|521010
24.73863057487038|522010
24.73863057487038|523010
24.73863057487038|524010
24.73863057487038|525010
24.73863057487038|526010
24.73863057487038|527010
24.73863057487038|528010
24.73863057487038|529010
24.73863057487038|530010
24.73863057487038|531010
24.73863057487038|532010
24.73863057487038|533010
24.73863057487038|534010
24.73863057487038|535010
24.73863057487038|536010
24.73863057487038|537010
24.73863057487038|538010
24.73863057487038|539010
24.73863057487038|540010
24.73863057487038|541010
24.73863057487038|542010
24.73863057487038|543010
24.73863057487038|544010
24.73863057487038|545010
24.73863057487038|546010
24.73863057487038|547010
24.73863057487038|548010
24.73863057487038|549010
24.73863057487038|550010
24.73863057487038|551010
24.73863057487038|552010
24.73863057487038|553010
24.73863057487038|554010
24.73863057487038|555010
24.73863057487038|556010
24.73863057487038|557010
24.73863057487038|558010
24.73863057487038|559010
24.73863057487038|560010
24.73863057487038|561010
24.73863057487038|562010
24.73863057487038|563010
24.73863057487038|564010
24.73863057487038|565010
24.73863057487038|566010
24.73863057487038|567010
24.73863057487038|568010
24.73863057487038|569010
24.73863057487038|570010
24.73863057487038|571010
24.73863057487038|572010
24.73863057487038|573010
24.73863057487038|574010
24.73863057487038|575010
24.73863057487038|576010
24.73863057487038|577010
24.73863057487038|578010
24.73863057487038|579010
24.73863057487038|580010
24.73863057487038|581010
24.73863057487038|582010
24.73863057487038|583010
24.73863057487038|584010
24.73863057487038|585010
24.73863057487038|586010
24.73863057487038|587010
24.73863057487038|588010
24.73863057487038|589010
24.73863057487038|590010
24.73863057487038|591010
24.73863057487038|592010
24.73863057487038|593010
24.73863057487038|594010
24.73863057487038|595010
24.73863057487038|596010
24.73863057487038|597010
24.73863057487038|598010
24.73863057487038|599010
24.73863057487038|600010
24.73863057487038|601010
24.73863057487038|602010
24.73863057487038|603010
24.73863057487038|604010
24.73863057487038|605010
24.73863057487038|606010
24.73863057487038|607010
24.73863057487038|608010
24.73863057487038|609010
24.73863057487038|610010
24.73863057487038|611010
24.73863057487038|612010
24.73863057487038|613010
24.73863057487038|614010
24.73863057487038|615010
24.73863057487038|616010
24.73863057487038|617010
24.73863057487038|618010
24.73863057487038|619010
24.73863057487038|620010
24.73863057487038|621010
24.73863057487038|622010
24.73863057487038|623010
24.73863057487038|624010
24.73863057487038|625010
24.73863057487038|626010
24.73863057487038|627010
24.73863057487038|628010
24.73863057487038|629010
24.73863057487038|630010
24.73863057487038|631010
24.73863057487038|632010
24.73863057487038|633010
24.73863057487038|634010
24.73863057487038|635010
24.73863057487038|636010
24.73863057487038|637010
24.73863057487038|638010
24.73863057487038|639010
24.73863057487038|640010
24.73863057487038|641010
24.73863057487038|642010
24.73863057487038|643010
24.73863057487038|644010
24.73863057487038|645010
24.73863057487038|646010
24.73863057487038|647010
24.73863057487038|648010
24.73863057487038|649010
24.73863057487038|650010
24.73863057487038|651010
24.73863057487038|652010
24.73863057487038|653010
24.73863057487038|654010
24.73863057487038|655010
24.73863057487038|656010
24.73863057487038|657010
24.73863057487038|658010
24.73863057487038|659010
24.73863057487038|660010
24.73863057487038|661010
24.73863057487038|662010
24.73863057487038|663010
24.73863057487038|664010
24.73863057487038|665010
24.73863057487038|666010
24.73863057487038|667010
24.73863057487038|668010
24.73863057487038|669010
24.73863057487038|670010
24.73863057487038|671010
24.73863057487038|672010
24.73863057487038|673010
24.73863057487038|674010
24.73863057487038|675010
24.73863057487038|676010
24.73863057487038|677010
24.73863057487038|678010
24.73863057487038|679010
24.73863057487038|680010
24.73863057487038|681010
24.73863057487038|682010
24.73863057487038|683010
24.73863057487038|684010
24.73863057487038|685010
24.73863057487038|686010
24.73863057487038|687010
24.73863057487038|688010
24.73863057487038|689010
24.73863057487038|690010
24.73863057487038|691010
24.73863057487038|692010
24.73863057487038|693010
24.73863057487038|694010
24.73863057487038|695010
24.73863057487038|696010
24.73863057487038|697010
24.73863057487038|698010
24.73863057487038|699010
24.73863057487038|700010
24.73863057487038|701010
24.73863057487038|702010
24.73863057487038|703010
24.73863057487038|704010
24.73863057487038|705010
24.73863057487038|706010
24.73863057487038|707010
24.73863057487038|708010
24.73863057487038|709010
24.73863057487038|710010
24.73863057487038|711010
24.73863057487038|712010
24.73863057487038|713010
24.73863057487038|714010
24.73863057487038|715010
24.73863057487038|716010
24.73863057487038|717010
24.73863057487038|718010
24.73863057487038|719010
24.73863057487038|720010
24.73863057487038|721010
24.73863057487038|722010
24.73863057487038|723010
24.73863057487038|724010
24.73863057487038|725010
24.73863057487038|726010
24.73863057487038|727010
24.73863057487038|728010
24.73863057487038|729010
24.73863057487038|730010
24.73863057487038|731010
24.73863057487038|732010
24.73863057487038|733010
24.73863057487038|734010
24.73863057487038|735010
24.73863057487038|736010
24.73863057487038|737010
24.73863057487038|738010
24.73863057487038|739010
24.73863057487038|740010
24.73863057487038|741010
24.73863057487038|742010
24.73863057487038|743010
24.73863057487038|744010
24.73863057487038|745010
24.73863057487038|746010
24.73863057487038|747010
24.73863057487038|748010
24.73863057487038|749010
24.73863057487038|750010
24.73863057487038|751010
24.73863057487038|752010
24.73863057487038|753010
24.73863057487038|754010
24.73863057487038|755010
24.73863057487038|756010
24.73863057487038|757010
24.73863057487038|758010
24.73863057487038|759010
24.73863057487038|760010
24.73863057487038|761010
24.73863057487038|762010
24.73863057487038|763010
24.73863057487038|764010
24.73863057487038|765010
24.73863057487038|766010
24.73863057487038|767010
24.73863057487038|768010
24.73863057487038|769010
24.73863057487038|770010
24.73863057487038|771010
24.73863057487038|772010
24.73863057487038|773010
24.73863057487038|774010
24.73863057487038|775010
24.73863057487038|776010
24.73863057487038|777010
24.73863057487038|778010
24.73863057487038|779010
24.73863057487038|780010
24.73863057487038|781010
24.73863057487038|782010
24.73863057487038|783010
24.73863057487038|784010
24.73863057487038|785010
24.73863057487038|786010
24.73863057487038|787010
24.73863057487038|788010
24.73863057487038|789010
24.73863057487038|790010
24.73863057487038|791010
24.73863057487038|792010
24.73863057487038|793010
24.73863057487038|794010
24.73863057487038|795010
24.73863057487038|796010
24.73863057487038|797010
24.73863057487038|798010
24.73863057487038|799010
24.73863057487038|800010
24.73863057487038|801010
24.73863057487038|802010
24.73863057487038|803010
24.73863057487038|804010
24.73863057487038|805010
24.73863057487038|806010
24.73863057487038|807010
24.73863057487038|808010
24.73863057487038|809010
24.73863057487038|810010
24.73863057487038|811010
24.73863057487038|812010
24.73863057487038|813010
24.73863057487038|814010
24.73863057487038|815010
24.73863057487038|816010
24.73863057487038|817010
24.73863057487038|818010
24.73863057487038|819010
24.73863057487038|820010
24.73863057487038|821010
24.73863057487038|822010
24.73863057487038|823010
24.73863057487038|824010
24.73863057487038|825010
24.73863057487038|826010
24.73863057487038|827010
24.73863057487038|828010
24.73863057487038|829010
24.73863057487038|830010
24.73863057487038|831010
24.73863057487038|832010
24.73863057487038|833010
24.73863057487038|834010
24.73863057487038|835010
24.73863057487038|836010
24.73863057487038|837010
24.73863057487038|838010
24.73863057487038|839010
24.73863057487038|840010
24.73863057487038|841010
24.73863057487038|842010
24.73863057487038|843010
24.73863057487038|844010
24.73863057487038|845010
24.73863057487038|846010
24.73863057487038|847010
24.73863057487038|848010
24.73863057487038|849010
24.73863057487038|850010
24.73863057487038|851010
24.73863057487038|852010
24.73863057487038|853010
24.73863057487038|854010
24.73863057487038|855010
24.73863057487038|856010
24.73863057487038|857010
24.73863057487038|858010
24.73863057487038|859010
24.73863057487038|860010
24.73863057487038|861010
24.73863057487038|862010
24.73863057487038|863010
24.73863057487038|864010
24.73863057487038|865010
24.73863057487038|866010
24.73863057487038|867010
24.73863057487038|868010
24.73863057487038|869010
24.73863057487038|870010
24.73863057487038|871010
24.73863057487038|872010
24.73863057487038|873010
24.73863057487038|874010
24.73863057487038|875010
24.73863057487038|876010
24.73863057487038|877010
24.73863057487038|878010
24.73863057487038|879010
24.73863057487038|880010
24.73863057487038|881010
24.73863057487038|882010
24.73863057487038|883010
24.73863057487038|884010
24.73863057487038|885010
24.73863057487038|886010
24.73863057487038|887010
24.73863057487038|888010
24.73863057487038|889010
24.73863057487038|890010
24.73863057487038|891010
24.73863057487038|892010
24.73863057487038|893010
24.73863057487038|894010
24.73863057487038|895010
24.73863057487038|896010
24.73863057487038|897010
24.73863057487038|898010
24.73863057487038|899010
24.73863057487038|900010
24.73863057487038|901010
24.73863057487038|902010
24.73863057487038|903010
24.73863057487038|904010
24.73863057487038|905010
24.73863057487038|906010
24.73863057487038|907010
24.73863057487038|908010
24.73863057487038|909010
24.73863057487038|910010
24.73863057487038|911010
24.73863057487038|912010
24.73863057487038|913010
24.73863057487038|914010
24.73863057487038|915010
24.73863057487038|916010
24.73863057487038|917010
24.73863057487038|918010
24.73863057487038|919010
24.73863057487038|920010
24.73863057487038|921010
24.73863057487038|922010
24.73863057487038|923010
24.73863057487038|924010
24.73863057487038|925010
24.73863057487038|926010
24.73863057487038|927010
24.73863057487038|928010
24.73863057487038|929010
24.73863057487038|930010
24.73863057487038|931010
24.73863057487038|932010
24.73863057487038|933010
24.73863057487038|934010
24.73863057487038|935010
24.73863057487038|936010
24.73863057487038|937010
24.73863057487038|938010
24.73863057487038|939010
24.73863057487038|940010
24.73863057487038|941010
24.73863057487038|942010
24.73863057487038|943010
24.73863057487038|944010
24.73863057487038|945010
24.73863057487038|946010
24.73863057487038|947010
24.73863057487038|948010
24.73863057487038|949010
24.73863057487038|950010
24.73863057487038|951010
24.73863057487038|952010
24.73863057487038|953010
24.73863057487038|954010
24.73863057487038|955010
24.73863057487038|956010
24.73863057487038|957010
24.73863057487038|958010
24.73863057487038|959010
24.73863057487038|960010
24.73863057487038|961010
24.73863057487038|962010
24.73863057487038|963010
24.73863057487038|964010
24.73863057487038|965010
24.73863057487038|966010
24.73863057487038|967010
24.73863057487038|968010
24.73863057487038|969010
24.73863057487038|970010
24.73863057487038|971010
24.73863057487038|972010
24.73863057487038|973010
24.73863057487038|974010
24.73863057487038|975010
24.73863057487038|976010
24.73863057487038|977010
24.73863057487038|978010
24.73863057487038|979010
24.73863057487038|980010
24.73863057487038|981010
24.73863057487038|982010
24.73863057487038|983010
24.73863057487038|984010
24.73863057487038|985010
24.73863057487038|986010
24.73863057487038|987010
24.73863057487038|988010
24.73863057487038|989010
24.73863057487038|990010
24.73863057487038|991010
24.73863057487038|992010
24.73863057487038|993010
24.73863057487038|994010
24.73863057487038|995010
24.73863057487038|996010
24.73863057487038|997010
24.73863057487038|998010
24.73863057487038|999010
24.73863057487038|1000010
