23.291208732292016|1010
23.765498786466384|2010
24.199030733938937|3010
24.3611657258071|4010
24.431270254463882|5010
24.512967233331967|6010
24.525095091161784|7010
24.54376332994957|8010
24.547414361095985|9010
24.547414361095985|10010
24.551884663681854|11010
24.563157171054133|12010
24.60247705930875|13010
24.618152150263285|14010
24.663372152124335|15010
24.671347503024872|16010
24.678078888308516|17010
24.6899949650696|18010
24.69330359877499|19010
24.70460469049232|20010
24.707387350143012|21010
24.707387350143012|22010
24.7129977002309|23010
24.715737592126942|24010
24.715737592126942|25010
24.715831895704294|26010
24.715871032627007|27010
24.715871032627007|28010
24.717770078129313|29010
24.72128529612725|30010
24.72128529612725|31010
24.721285296127252|32010
24.724016479804185|33010
24.724042704851197|34010
24.724042704851197|35010
24.72669759574537|36010
24.72669759574537|37010
24.72669759574537|38010
24.72669759574537|39010
24.72669759574537|40010
24.729948727262986|41010
24.735761592341877|42010
24.73579670891577|43010
24.73579670891577|44010
24.73579670891577|45010
24.73584659095354|46010
24.735904714563333|47010
24.735904714563333|48010
24.735904714563333|49010
24.735904714563333|50010
24.735904714563333|51010
24.73592046886709|52010
24.73592046886709|53010
24.73592046886709|54010
24.73592046886709|55010
24.73592046886709|56010
24.73592046886709|57010
24.73592046886709|58010
24.73592046886709|59010
24.735954952445052|60010
24.73595495244506|61010
24.73595495244506|62010
24.73595495244506|63010
24.73595495244506|64010
24.73595495244506|65010
24.73595495244506|66010
24.73595495244506|67010
24.73758071538931|68010
24.737580715389313|69010
24.737580715389313|70010
24.737580715389317|71010
24.73821800808849|72010
24.738251762923692|73010
24.738251762923692|74010
24.738251762923692|75010
24.738251762923692|76010
24.738251762923692|77010
24.738251762923692|78010
24.738251762923692|79010
24.738251762923692|80010
24.73826627720131|81010
24.73826627720131|82010
24.73826627720131|83010
24.73826627720131|84010
24.73826627720131|85010
24.73826627720131|86010
24.73826627720131|87010
24.73826627720131|88010
24.73826627720131|89010
24.73826627720131|90010
24.73826627720131|91010
24.73826627720131|92010
24.73826627720131|93010
24.73826627720131|94010
24.73826627720131|95010
24.739882919216072|96010
24.739882919216072|97010
24.739882919216072|98010
24.739882919216072|99010
24.739882919216072|100010
24.739882919216072|101010
24.739882919216072|102010
24.739882919216072|103010
24.739882919216072|104010
24.739882919216072|105010
24.739882919216072|106010
24.739882919216072|107010
24.739882919216072|108010
24.739882919216072|109010
24.739882919216072|110010
24.739882919216072|111010
24.739882919216072|112010
24.739882919216072|113010
24.739882919216072|114010
24.739882919216072|115010
24.739882919216072|116010
24.739882919216072|117010
24.739882919216072|118010
24.739882919216072|119010
24.739882919216072|120010
24.739882919216072|121010
24.739882919216072|122010
24.739882919216072|123010
24.739882919216072|124010
24.739882919216072|125010
24.739882919216072|126010
24.739882919216072|127010
24.739882919216072|128010
24.739882919216072|129010
24.739882919216072|130010
24.739882919216072|131010
24.739882919216072|132010
24.739882919216072|133010
24.739882919216072|134010
24.739882919216072|135010
24.739882919216072|136010
24.739882919216072|137010
24.739882919216072|138010
24.739882919216072|139010
24.739882919216072|140010
24.739882919216075|141010
24.739882919216075|142010
24.739882919216075|143010
24.739882919216075|144010
24.739882919216075|145010
24.739882919216075|146010
24.739882919216075|147010
24.739882919216075|148010
24.739882919216075|149010
24.739882919216075|150010
24.739882919216075|151010
24.739882919216075|152010
24.739882919216075|153010
24.739882919216075|154010
24.739882919216075|155010
24.739882919216075|156010
24.739882919216075|157010
24.739882919216075|158010
24.739882919216075|159010
24.739882919216075|160010
24.739882919216075|161010
24.739882919216075|162010
24.739882919216075|163010
24.739882919216075|164010
24.739882919216075|165010
24.739882919216075|166010
24.739882919216075|167010
24.739882919216075|168010
24.739882919216075|169010
24.739882919216075|170010
24.739882919216075|171010
24.739882919216075|172010
24.739882919216075|173010
24.739882919216075|174010
24.739882919216075|175010
24.739882919216075|176010
24.739882919216075|177010
24.739882919216075|178010
24.739882919216075|179010
24.739882919216075|180010
24.739882919216075|181010
24.739882919216075|182010
24.739882919216075|183010
24.739882919216075|184010
24.739882919216075|185010
24.739882919216075|186010
24.739882919216075|187010
24.739882919216075|188010
24.739882919216075|189010
24.739882919216075|190010
24.739882919216075|191010
24.739882919216075|192010
24.739882919216075|193010
24.739882919216075|194010
24.739882919216075|195010
24.739882919216075|196010
24.739882919216075|197010
24.739882919216075|198010
24.739882919216075|199010
24.739882919216075|200010
24.739882919216075|201010
24.739882919216075|202010
24.739882919216075|203010
24.739882919216075|204010
24.739882919216075|205010
24.739882919216075|206010
24.739882919216075|207010
24.739882919216075|208010
24.739882919216075|209010
24.739882919216075|210010
24.739882919216075|211010
24.739882919216075|212010
24.739882919216075|213010
24.739882919216075|214010
24.739882919216075|215010
24.739882919216075|216010
24.739882919216075|217010
24.739882919216075|218010
24.739882919216075|219010
24.739882919216075|220010
24.739882919216075|221010
24.739882919216075|222010
24.739882919216075|223010
24.739882919216075|224010
24.739882919216075|225010
24.739882919216075|226010
24.739882919216075|227010
24.739882919216075|228010
24.739882919216075|229010
24.739882919216075|230010
24.739882919216075|231010
24.739882919216075|232010
24.739987147861452|233010
24.739987147861452|234010
24.739987147861452|235010
24.739987147861452|236010
24.739987147861452|237010
24.739987147861452|238010
24.739987147861452|239010
24.739987147861452|240010
24.739987147861452|241010
24.739987147861452|242010
24.739987147861452|243010
24.739987147861452|244010
24.739987147861452|245010
24.739987147861452|246010
24.739987147861452|247010
24.739987147861452|248010
24.739987147861452|249010
24.739987147861452|250010
24.739987147861456|251010
24.739987147861456|252010
24.739987147861456|253010
24.739987147861456|254010
24.739987147861456|255010
24.739987147861456|256010
24.739987147861456|257010
24.739987147861456|258010
24.739987147861456|259010
24.739987147861456|260010
24.739987147861456|261010
24.739987147861456|262010
24.739987147861456|263010
24.739987147861456|264010
24.739987147861456|265010
24.739987147861456|266010
24.739987147861456|267010
24.739987147861456|268010
24.739987147861456|269010
24.739987147861456|270010
24.739987147861456|271010
24.739987147861456|272010
24.739987147861456|273010
24.739987147861456|274010
24.739987147861456|275010
24.739987147861456|276010
24.739987147861456|277010
24.739987147861456|278010
24.739987147861456|279010
24.739987147861456|280010
24.739987147861456|281010
24.739987147861456|282010
24.739987147861456|283010
24.739987147861456|284010
24.739987147861456|285010
24.739987147861456|286010
24.739987147861456|287010
24.739987147861456|288010
24.739987147861456|289010
24.739987147861456|290010
24.739987147861456|291010
24.739987147861456|292010
24.739987147861456|293010
24.739987147861456|294010
24.739987147861456|295010
24.739987147861456|296010
24.739987147861456|297010
24.739987147861456|298010
24.739987147861456|299010
24.739987147861456|300010
24.739987147861456|301010
24.739987147861456|302010
24.739987147861456|303010
24.739987147861456|304010
24.739987147861456|305010
24.739987147861456|306010
24.739987147861456|307010
24.739987147861456|308010
24.739987147861456|309010
24.739987147861456|310010
24.739987147861456|311010
24.739987147861456|312010
24.739987147861456|313010
24.739987147861456|314010
24.739987147861456|315010
24.739987147861456|316010
24.739987147861456|317010
24.739987147861456|318010
24.739987147861456|319010
24.739987147861456|320010
24.739987147861456|321010
24.739987147861456|322010
24.739987147861456|323010
24.739987147861456|324010
24.739987147861456|325010
24.739987147861456|326010
24.739987147861456|327010
24.739987147861456|328010
24.739987147861456|329010
24.739987147861456|330010
24.739987147861456|331010
24.739987147861456|332010
24.739987147861456|333010
24.739987147861456|334010
24.739987147861456|335010
24.739987147861456|336010
24.739987147861456|337010
24.739987147861456|338010
24.739987147861456|339010
24.739987147861456|340010
24.739987147861456|341010
24.739987147861456|342010
24.739987147861456|343010
24.739987147861456|344010
24.739987147861456|345010
24.739987147861456|346010
24.739987147861456|347010
24.739987147861456|348010
24.739987147861456|349010
24.739987147861456|350010
24.739987147861456|351010
24.739987147861456|352010
24.739987147861456|353010
24.739987147861456|354010
24.739987147861456|355010
24.739987147861456|356010
24.739987147861456|357010
24.739987147861456|358010
24.739987147861456|359010
24.739987147861456|360010
24.739987147861456|361010
24.739987147861456|362010
24.739987147861456|363010
24.739987147861456|364010
24.739987147861456|365010
24.739987147861456|366010
24.739987147861456|367010
24.739987147861456|368010
24.739987147861456|369010
24.739987147861456|370010
24.739987147861456|371010
24.739987147861456|372010
24.739987147861456|373010
24.739987147861456|374010
24.739987147861456|375010
24.739987147861456|376010
24.739987147861456|377010
24.739987147861456|378010
24.739987147861456|379010
24.739987147861456|380010
24.739987147861456|381010
24.739987147861456|382010
24.739987147861456|383010
24.739987147861456|384010
24.739987147861456|385010
24.739987147861456|386010
24.739987147861456|387010
24.739987147861456|388010
24.739987147861456|389010
24.739987147861456|390010
24.739987147861456|391010
24.739987147861456|392010
24.739987147861456|393010
24.739987147861456|394010
24.739987147861456|395010
24.739987147861456|396010
24.739987147861456|397010
24.739987147861456|398010
24.739987147861456|399010
24.739987147861456|400010
24.739987147861456|401010
24.739987147861456|402010
24.739987147861456|403010
24.739987147861456|404010
24.739987147861456|405010
24.739987147861456|406010
24.739987147861456|407010
24.739987147861456|408010
24.739987147861456|409010
24.739987147861456|410010
24.739987147861456|411010
24.739987147861456|412010
24.739987147861456|413010
24.739987147861456|414010
24.739987147861456|415010
24.739987147861456|416010
24.739987147861456|417010
24.739987147861456|418010
24.739987147861456|419010
24.739987147861456|420010
24.739987147861456|421010
24.739987147861456|422010
24.739987147861456|423010
24.739987147861456|424010
24.739987147861456|425010
24.739987147861456|426010
24.739987147861456|427010
24.739987147861456|428010
24.739987147861456|429010
24.739987147861456|430010
24.739987147861456|431010
24.739987147861456|432010
24.739987147861456|433010
24.739987147861456|434010
24.739987147861456|435010
24.739987147861456|436010
24.739987147861456|437010
24.739987147861456|438010
24.739987147861456|439010
24.739987147861456|440010
24.739987147861456|441010
24.739987147861456|442010
24.739987147861456|443010
24.739987147861456|444010
24.739987147861456|445010
24.739987147861456|446010
24.739987147861456|447010
24.739987147861456|448010
24.739987147861456|449010
24.739987147861456|450010
24.739987147861456|451010
24.739987147861456|452010
24.739987147861456|453010
24.739987147861456|454010
24.739987147861456|455010
24.739987147861456|456010
24.739987147861456|457010
24.739987147861456|458010
24.739987147861456|459010
24.739987147861456|460010
24.739987147861456|461010
24.739987147861456|462010
24.739987147861456|463010
24.739987147861456|464010
24.739987147861456|465010
24.739987147861456|466010
24.739987147861456|467010
24.739987147861456|468010
24.739987147861456|469010
24.739987147861456|470010
24.739987147861456|471010
24.739987147861456|472010
24.739987147861456|473010
24.739987147861456|474010
24.739987147861456|475010
24.739987147861456|476010
24.739987147861456|477010
24.739987147861456|478010
24.739987147861456|479010
24.739987147861456|480010
24.739987147861456|481010
24.739987147861456|482010
24.739987147861456|483010
24.739987147861456|484010
24.739987147861456|485010
24.739987147861456|486010
24.739987147861456|487010
24.739987147861456|488010
24.739987147861456|489010
24.739987147861456|490010
24.739987147861456|491010
24.739987147861456|492010
24.739987147861456|493010
24.739987147861456|494010
24.739987147861456|495010
24.739987147861456|496010
24.739987147861456|497010
24.739987147861456|498010
24.739987147861456|499010
24.739987147861456|500010
24.739987147861456|501010
24.739987147861456|502010
24.739987147861456|503010
24.739987147861456|504010
24.739987147861456|505010
24.739987147861456|506010
24.739987147861456|507010
24.739987147861456|508010
24.739987147861456|509010
24.739987147861456|510010
24.739987147861456|511010
24.739987147861456|512010
24.739987147861456|513010
24.739987147861456|514010
24.739987147861456|515010
24.739987147861456|516010
24.739987147861456|517010
24.739987147861456|518010
24.739987147861456|519010
24.739987147861456|520010
24.739987147861456|521010
24.739987147861456|522010
24.739987147861456|523010
24.739987147861456|524010
24.739987147861456|525010
24.739987147861456|526010
24.739987147861456|527010
24.739987147861456|528010
24.739987147861456|529010
24.739987147861456|530010
24.739987147861456|531010
24.739987147861456|532010
24.739987147861456|533010
24.739987147861456|534010
24.739987147861456|535010
24.739987147861456|536010
24.739987147861456|537010
24.739987147861456|538010
24.739987147861456|539010
24.739987147861456|540010
24.739987147861456|541010
24.739987147861456|542010
24.739987147861456|543010
24.739987147861456|544010
24.739987147861456|545010
24.739987147861456|546010
24.739987147861456|547010
24.739987147861456|548010
24.739987147861456|549010
24.739987147861456|550010
24.739987147861456|551010
24.739987147861456|552010
24.739987147861456|553010
24.739987147861456|554010
24.739987147861456|555010
24.739987147861456|556010
24.739987147861456|557010
24.739987147861456|558010
24.739987147861456|559010
24.739987147861456|560010
24.739987147861456|561010
24.739987147861456|562010
24.739987147861456|563010
24.739987147861456|564010
24.739987147861456|565010
24.739987147861456|566010
24.739987147861456|567010
24.739987147861456|568010
24.739987147861456|569010
24.739987147861456|570010
24.739987147861456|571010
24.739987147861456|572010
24.739987147861456|573010
24.739987147861456|574010
24.739987147861456|575010
24.739987147861456|576010
24.739987147861456|577010
24.739987147861456|578010
24.739987147861456|579010
24.739987147861456|580010
24.739987147861456|581010
24.739987147861456|582010
24.739987147861456|583010
24.739987147861456|584010
24.739987147861456|585010
24.739987147861456|586010
24.739987147861456|587010
24.739987147861456|588010
24.739987147861456|589010
24.739987147861456|590010
24.739987147861456|591010
24.739987147861456|592010
24.739987147861456|593010
24.739987147861456|594010
24.739987147861456|595010
24.739987147861456|596010
24.739987147861456|597010
24.739987147861456|598010
24.739987147861456|599010
24.739987147861456|600010
24.739987147861456|601010
24.739987147861456|602010
24.739987147861456|603010
24.739987147861456|604010
24.739987147861456|605010
24.739987147861456|606010
24.739987147861456|607010
24.739987147861456|608010
24.739987147861456|609010
24.739987147861456|610010
24.739987147861456|611010
24.739987147861456|612010
24.739987147861456|613010
24.739987147861456|614010
24.739987147861456|615010
24.739987147861456|616010
24.739987147861456|617010
24.739987147861456|618010
24.739987147861456|619010
24.739987147861456|620010
24.739987147861456|621010
24.739987147861456|622010
24.739987147861456|623010
24.739987147861456|624010
24.739987147861456|625010
24.739987147861456|626010
24.739987147861456|627010
24.739987147861456|628010
24.739987147861456|629010
24.739987147861456|630010
24.739987147861456|631010
24.739987147861456|632010
24.739987147861456|633010
24.739987147861456|634010
24.739987147861456|635010
24.739987147861456|636010
24.739987147861456|637010
24.739987147861456|638010
24.739987147861456|639010
24.739987147861456|640010
24.739987147861456|641010
24.739987147861456|642010
24.739987147861456|643010
24.739987147861456|644010
24.739987147861456|645010
24.739987147861456|646010
24.739987147861456|647010
24.739987147861456|648010
24.739987147861456|649010
24.739987147861456|650010
24.739987147861456|651010
24.739987147861456|652010
24.739987147861456|653010
24.739987147861456|654010
24.739987147861456|655010
24.739987147861456|656010
24.739987147861456|657010
24.739987147861456|658010
24.739987147861456|659010
24.739987147861456|660010
24.739987147861456|661010
24.739987147861456|662010
24.739987147861456|663010
24.739987147861456|664010
24.739987147861456|665010
24.739987147861456|666010
24.739987147861456|667010
24.739987147861456|668010
24.739987147861456|669010
24.739987147861456|670010
24.739987147861456|671010
24.739987147861456|672010
24.739987147861456|673010
24.739987147861456|674010
24.739987147861456|675010
24.739987147861456|676010
24.739987147861456|677010
24.739987147861456|678010
24.739987147861456|679010
24.739987147861456|680010
24.739987147861456|681010
24.739987147861456|682010
24.739987147861456|683010
24.739987147861456|684010
24.739987147861456|685010
24.739987147861456|686010
24.739987147861456|687010
24.739987147861456|688010
24.739987147861456|689010
24.739987147861456|690010
24.739987147861456|691010
24.739987147861456|692010
24.739987147861456|693010
24.739987147861456|694010
24.739987147861456|695010
24.739987147861456|696010
24.739987147861456|697010
24.739987147861456|698010
24.739987147861456|699010
24.739987147861456|700010
24.739987147861456|701010
24.739987147861456|702010
24.739987147861456|703010
24.739987147861456|704010
24.739987147861456|705010
24.739987147861456|706010
24.739987147861456|707010
24.739987147861456|708010
24.739987147861456|709010
24.739987147861456|710010
24.739987147861456|711010
24.739987147861456|712010
24.739987147861456|713010
24.739987147861456|714010
24.739987147861456|715010
24.739987147861456|716010
24.739987147861456|717010
24.739987147861456|718010
24.739987147861456|719010
24.739987147861456|720010
24.739987147861456|721010
24.739987147861456|722010
24.739987147861456|723010
24.739987147861456|724010
24.739987147861456|725010
24.739987147861456|726010
24.739987147861456|727010
24.739987147861456|728010
24.739987147861456|729010
24.739987147861456|730010
24.739987147861456|731010
24.739987147861456|732010
24.739987147861456|733010
24.739987147861456|734010
24.739987147861456|735010
24.739987147861456|736010
24.739987147861456|737010
24.739987147861456|738010
24.739987147861456|739010
24.739987147861456|740010
24.739987147861456|741010
24.739987147861456|742010
24.739987147861456|743010
24.739987147861456|744010
24.739987147861456|745010
24.739987147861456|746010
24.739987147861456|747010
24.739987147861456|748010
24.739987147861456|749010
24.739987147861456|750010
24.739987147861456|751010
24.739987147861456|752010
24.739987147861456|753010
24.739987147861456|754010
24.739987147861456|755010
24.739987147861456|756010
24.739987147861456|757010
24.739987147861456|758010
24.739987147861456|759010
24.739987147861456|760010
24.739987147861456|761010
24.739987147861456|762010
24.739987147861456|763010
24.739987147861456|764010
24.739987147861456|765010
24.739987147861456|766010
24.739987147861456|767010
24.739987147861456|768010
24.739987147861456|769010
24.739987147861456|770010
24.739987147861456|771010
24.739987147861456|772010
24.739987147861456|773010
24.739987147861456|774010
24.739987147861456|775010
24.739987147861456|776010
24.739987147861456|777010
24.739987147861456|778010
24.739987147861456|779010
24.739987147861456|780010
24.739987147861456|781010
24.739987147861456|782010
24.739987147861456|783010
24.739987147861456|784010
24.739987147861456|785010
24.739987147861456|786010
24.739987147861456|787010
24.739987147861456|788010
24.739987147861456|789010
24.739987147861456|790010
24.739987147861456|791010
24.739987147861456|792010
24.739987147861456|793010
24.739987147861456|794010
24.739987147861456|795010
24.739987147861456|796010
24.739987147861456|797010
24.739987147861456|798010
24.739987147861456|799010
24.739987147861456|800010
24.739987147861456|801010
24.739987147861456|802010
24.739987147861456|803010
24.739987147861456|804010
24.739987147861456|805010
24.739987147861456|806010
24.739987147861456|807010
24.739987147861456|808010
24.739987147861456|809010
24.739987147861456|810010
24.739987147861456|811010
24.739987147861456|812010
24.739987147861456|813010
24.739987147861456|814010
24.739987147861456|815010
24.739987147861456|816010
24.739987147861456|817010
24.739987147861456|818010
24.739987147861456|819010
24.739987147861456|820010
24.739987147861456|821010
24.739987147861456|822010
24.739987147861456|823010
24.739987147861456|824010
24.739987147861456|825010
24.739987147861456|826010
24.739987147861456|827010
24.739987147861456|828010
24.739987147861456|829010
24.739987147861456|830010
24.739987147861456|831010
24.739987147861456|832010
24.739987147861456|833010
24.739987147861456|834010
24.739987147861456|835010
24.739987147861456|836010
24.739987147861456|837010
24.739987147861456|838010
24.739987147861456|839010
24.739987147861456|840010
24.739987147861456|841010
24.739987147861456|842010
24.739987147861456|843010
24.739987147861456|844010
24.739987147861456|845010
24.739987147861456|846010
24.739987147861456|847010
24.739987147861456|848010
24.739987147861456|849010
24.739987147861456|850010
24.739987147861456|851010
24.739987147861456|852010
24.739987147861456|853010
24.739987147861456|854010
24.739987147861456|855010
24.739987147861456|856010
24.739987147861456|857010
24.739987147861456|858010
24.739987147861456|859010
24.739987147861456|860010
24.739987147861456|861010
24.739987147861456|862010
24.739987147861456|863010
24.739987147861456|864010
24.739987147861456|865010
24.739987147861456|866010
24.739987147861456|867010
24.739987147861456|868010
24.739987147861456|869010
24.739987147861456|870010
24.739987147861456|871010
24.739987147861456|872010
24.739987147861456|873010
24.739987147861456|874010
24.739987147861456|875010
24.739987147861456|876010
24.739987147861456|877010
24.739987147861456|878010
24.739987147861456|879010
24.739987147861456|880010
24.739987147861456|881010
24.739987147861456|882010
24.739987147861456|883010
24.739987147861456|884010
24.739987147861456|885010
24.739987147861456|886010
24.739987147861456|887010
24.739987147861456|888010
24.739987147861456|889010
24.739987147861456|890010
24.739987147861456|891010
24.739987147861456|892010
24.739987147861456|893010
24.739987147861456|894010
24.739987147861456|895010
24.739987147861456|896010
24.739987147861456|897010
24.739987147861456|898010
24.739987147861456|899010
24.739987147861456|900010
24.739987147861456|901010
24.739987147861456|902010
24.739987147861456|903010
24.739987147861456|904010
24.739987147861456|905010
24.739987147861456|906010
24.739987147861456|907010
24.739987147861456|908010
24.739987147861456|909010
24.739987147861456|910010
24.739987147861456|911010
24.739987147861456|912010
24.739987147861456|913010
24.739987147861456|914010
24.739987147861456|915010
24.739987147861456|916010
24.739987147861456|917010
24.739987147861456|918010
24.739987147861456|919010
24.739987147861456|920010
24.739987147861456|921010
24.739987147861456|922010
24.739987147861456|923010
24.739987147861456|924010
24.739987147861456|925010
24.739987147861456|926010
24.739987147861456|927010
24.739987147861456|928010
24.739987147861456|929010
24.739987147861456|930010
24.739987147861456|931010
24.739987147861456|932010
24.739987147861456|933010
24.739987147861456|934010
24.739987147861456|935010
24.739987147861456|936010
24.739987147861456|937010
24.739987147861456|938010
24.739987147861456|939010
24.739987147861456|940010
24.739987147861456|941010
24.739987147861456|942010
24.739987147861456|943010
24.739987147861456|944010
24.739987147861456|945010
24.739987147861456|946010
24.739987147861456|947010
24.739987147861456|948010
24.739987147861456|949010
24.739987147861456|950010
24.739987147861456|951010
24.739987147861456|952010
24.739987147861456|953010
24.739987147861456|954010
24.739987147861456|955010
24.739987147861456|956010
24.739987147861456|957010
24.739987147861456|958010
24.739987147861456|959010
24.739987147861456|960010
24.739987147861456|961010
24.739987147861456|962010
24.739987147861456|963010
24.739987147861456|964010
24.739987147861456|965010
24.739987147861456|966010
24.739987147861456|967010
24.739987147861456|968010
24.739987147861456|969010
24.739987147861456|970010
24.739987147861456|971010
24.739987147861456|972010
24.739987147861456|973010
24.739987147861456|974010
24.739987147861456|975010
24.739987147861456|976010
24.739987147861456|977010
24.739987147861456|978010
24.739987147861456|979010
24.739987147861456|980010
24.739987147861456|981010
24.739987147861456|982010
24.739987147861456|983010
24.739987147861456|984010
24.739987147861456|985010
24.739987147861456|986010
24.739987147861456|987010
24.739987147861456|988010
24.739987147861456|989010
24.739987147861456|990010
24.739987147861456|991010
24.739987147861456|992010
24.739987147861456|993010
24.739987147861456|994010
24.739987147861456|995010
24.739987147861456|996010
24.739987147861456|997010
24.739987147861456|998010
24.739987147861456|999010
24.739987147861456|1000010
