23.795110052053907|1010
24.13063776129021|2010
24.347955617836917|3010
24.356886368648492|4010
24.39518574210471|5010
24.45975244353|6010
24.50368382089697|7010
24.528023172665147|8010
24.545733816455876|9010
24.571611313880425|10010
24.580045407106162|11010
24.595513271806727|12010
24.606390828763413|13010
24.618649242719854|14010
24.625451239880178|15010
24.62578870441598|16010
24.629277646783237|17010
24.63750409206498|18010
24.63750409206498|19010
24.639310400331254|20010
24.6404928764709|21010
24.6404928764709|22010
24.642921093231024|23010
24.642921093231028|24010
24.642921093231028|25010
24.66928748321496|26010
24.669317040663604|27010
24.669317040663604|28010
24.682129567512018|29010
24.68562141245582|30010
24.68562141245582|31010
24.68562141245582|32010
24.685955068663294|33010
24.685955068663294|34010
24.68685874712168|35010
24.691162056304027|36010
24.693326373354306|37010
24.693326373354306|38010
24.694491348161552|39010
24.70140048538509|40010
24.70290978846109|41010
24.7036419341943|42010
24.703672785339613|43010
24.703705614632554|44010
24.706492596958903|45010
24.70650778902862|46010
24.71002812740336|47010
24.71002812740336|48010
24.71150820300985|49010
24.711523395079567|50010
24.71154071351635|51010
24.711587684865194|52010
24.711587684865194|53010
24.711587684865194|54010
24.711587684865194|55010
24.711587684865194|56010
24.711587684865194|57010
24.711653715287685|58010
24.711653715287685|59010
24.711653715287685|60010
24.711653715287685|61010
24.711653715287685|62010
24.711901778266192|63010
24.711901778266192|64010
24.713090382643387|65010
24.714264344059377|66010
24.714401384307987|67010
24.71446183893857|68010
24.71446183893857|69010
24.71446183893857|70010
24.722836584285446|71010
24.722836584285446|72010
24.722836584285446|73010
24.722836584285446|74010
24.725423944493528|75010
24.725423944493528|76010
24.725423944493528|77010
24.727423382209622|78010
24.727423382209622|79010
24.730555065575913|80010
24.730555065575913|81010
24.730555065575913|82010
24.730555065575913|83010
24.730555065575913|84010
24.730555065575913|85010
24.730555065575913|86010
24.731664157708472|87010
24.731664157708472|88010
24.731664157708472|89010
24.732223311842695|90010
24.732757458971307|91010
24.732757458971307|92010
24.733746747690525|93010
24.733746747690525|94010
24.733746747690525|95010
24.733746747690525|96010
24.733746747690528|97010
24.733746747690528|98010
24.733746747690528|99010
24.733746747690528|100010
24.733746747690528|101010
24.733746747690528|102010
24.733746747690528|103010
24.733746747690528|104010
24.733746747690528|105010
24.733746747690528|106010
24.733746747690528|107010
24.733746747690528|108010
24.73374674769053|109010
24.73374674769053|110010
24.73374674769053|111010
24.73385843476744|112010
24.733861205689678|113010
24.733861205689678|114010
24.733861205689678|115010
24.733861205689678|116010
24.73386120568968|117010
24.73386120568968|118010
24.73386120568968|119010
24.73386120568968|120010
24.73386120568968|121010
24.73386120568968|122010
24.73386120568968|123010
24.73386120568968|124010
24.73386120568968|125010
24.73386120568968|126010
24.73386120568968|127010
24.73386120568968|128010
24.73386120568968|129010
24.73386120568968|130010
24.73386120568968|131010
24.73386120568968|132010
24.73386120568968|133010
24.73386120568968|134010
24.73386120568968|135010
24.73386120568968|136010
24.73386120568968|137010
24.73386120568968|138010
24.73386120568968|139010
24.73386120568968|140010
24.73386120568968|141010
24.73386120568968|142010
24.73386120568968|143010
24.73386120568968|144010
24.73386120568968|145010
24.73386120568968|146010
24.73386120568968|147010
24.73386120568968|148010
24.73386120568968|149010
24.73386120568968|150010
24.73386120568968|151010
24.73386120568968|152010
24.73386120568968|153010
24.73386120568968|154010
24.73386120568968|155010
24.73386120568968|156010
24.73386120568968|157010
24.73386120568968|158010
24.73386120568968|159010
24.73386120568968|160010
24.73386120568968|161010
24.73386120568968|162010
24.73386120568968|163010
24.73386120568968|164010
24.73386120568968|165010
24.73386120568968|166010
24.73386120568968|167010
24.73386120568968|168010
24.73386120568968|169010
24.73386120568968|170010
24.73386120568968|171010
24.73386120568968|172010
24.73386120568968|173010
24.73386120568968|174010
24.73386120568968|175010
24.73386120568968|176010
24.73386120568968|177010
24.73386120568968|178010
24.73386120568968|179010
24.73386120568968|180010
24.73386120568968|181010
24.73386120568968|182010
24.73386120568968|183010
24.73386120568968|184010
24.73386120568968|185010
24.73386120568968|186010
24.73386120568968|187010
24.73386120568968|188010
24.73386120568968|189010
24.73386120568968|190010
24.73386120568968|191010
24.73386120568968|192010
24.73386120568968|193010
24.73386120568968|194010
24.73386120568968|195010
24.73386120568968|196010
24.73386120568968|197010
24.73386120568968|198010
24.73386120568968|199010
24.73386120568968|200010
24.73386120568968|201010
24.73386120568968|202010
24.73386120568968|203010
24.73386120568968|204010
24.73386120568968|205010
24.73386120568968|206010
24.73386120568968|207010
24.73386120568968|208010
24.73386120568968|209010
24.73386120568968|210010
24.73386120568968|211010
24.73386120568968|212010
24.73386120568968|213010
24.73386120568968|214010
24.73386120568968|215010
24.73386120568968|216010
24.73386120568968|217010
24.73386120568968|218010
24.73386120568968|219010
24.73386120568968|220010
24.73386120568968|221010
24.73386120568968|222010
24.73386120568968|223010
24.73386120568968|224010
24.73386120568968|225010
24.73386120568968|226010
24.73386120568968|227010
24.73386120568968|228010
24.73386120568968|229010
24.73386120568968|230010
24.73386120568968|231010
24.73386120568968|232010
24.73386120568968|233010
24.73386120568968|234010
24.73386120568968|235010
24.73386120568968|236010
24.73386120568968|237010
24.73386120568968|238010
24.73386120568968|239010
24.73386120568968|240010
24.733926273537|241010
24.733926273537|242010
24.733938404701227|243010
24.733938404701227|244010
24.733938404701227|245010
24.733938404701227|246010
24.733938404701227|247010
24.733938404701227|248010
24.73395155058118|249010
24.73395155058118|250010
24.73395155058118|251010
24.73395155058118|252010
24.73395155058118|253010
24.73395155058118|254010
24.73395155058118|255010
24.73395155058118|256010
24.73395155058118|257010
24.73395155058118|258010
24.73395155058118|259010
24.73395155058118|260010
24.73395155058118|261010
24.73395155058118|262010
24.73395155058118|263010
24.73395155058118|264010
24.73395155058118|265010
24.73395155058118|266010
24.73395155058118|267010
24.73395155058118|268010
24.73395155058118|269010
24.73395155058118|270010
24.73395155058118|271010
24.73395155058118|272010
24.73395155058118|273010
24.73395155058118|274010
24.73395155058118|275010
24.73395155058118|276010
24.73395155058118|277010
24.73395155058118|278010
24.73395155058118|279010
24.73395155058118|280010
24.73395155058118|281010
24.73395155058118|282010
24.73395155058118|283010
24.73395155058118|284010
24.73395155058118|285010
24.73395155058118|286010
24.73395155058118|287010
24.73395155058118|288010
24.73395155058118|289010
24.73395155058118|290010
24.73395155058118|291010
24.73395155058118|292010
24.73395155058118|293010
24.73395155058118|294010
24.73395155058118|295010
24.73395155058118|296010
24.73395155058118|297010
24.73395155058118|298010
24.73395155058118|299010
24.73395155058118|300010
24.73395155058118|301010
24.73395155058118|302010
24.73395155058118|303010
24.73395155058118|304010
24.73395155058118|305010
24.73395155058118|306010
24.73395155058118|307010
24.73395155058118|308010
24.73395155058118|309010
24.73395155058118|310010
24.73395155058118|311010
24.73395155058118|312010
24.73395155058118|313010
24.73395155058118|314010
24.73395155058118|315010
24.73395155058118|316010
24.73395155058118|317010
24.73395155058118|318010
24.73395155058118|319010
24.73395155058118|320010
24.73395155058118|321010
24.73395155058118|322010
24.73395155058118|323010
24.73395155058118|324010
24.73395155058118|325010
24.73395155058118|326010
24.73395155058118|327010
24.73395155058118|328010
24.73395155058118|329010
24.73395155058118|330010
24.73395155058118|331010
24.73395155058118|332010
24.73395155058118|333010
24.73395155058118|334010
24.73395155058118|335010
24.73395155058118|336010
24.73395155058118|337010
24.73395155058118|338010
24.73395155058118|339010
24.73395155058118|340010
24.73395155058118|341010
24.73395155058118|342010
24.73395155058118|343010
24.73395155058118|344010
24.73395155058118|345010
24.73395155058118|346010
24.73395155058118|347010
24.73395155058118|348010
24.73395155058118|349010
24.73395155058118|350010
24.73395155058118|351010
24.73395155058118|352010
24.73395155058118|353010
24.73395155058118|354010
24.73395155058118|355010
24.73395155058118|356010
24.73395155058118|357010
24.73395155058118|358010
24.73395155058118|359010
24.73395155058118|360010
24.73395155058118|361010
24.73395155058118|362010
24.73395155058118|363010
24.73395155058118|364010
24.73395155058118|365010
24.73395155058118|366010
24.73395155058118|367010
24.73395155058118|368010
24.73395155058118|369010
24.73395155058118|370010
24.73395155058118|371010
24.73395155058118|372010
24.73395155058118|373010
24.73395155058118|374010
24.73395155058118|375010
24.73395155058118|376010
24.73395155058118|377010
24.73395155058118|378010
24.73395155058118|379010
24.73395155058118|380010
24.73395155058118|381010
24.73395155058118|382010
24.73395155058118|383010
24.73395155058118|384010
24.73395155058118|385010
24.73395155058118|386010
24.73395155058118|387010
24.73395155058118|388010
24.73395155058118|389010
24.73395155058118|390010
24.73395155058118|391010
24.73395155058118|392010
24.73395155058118|393010
24.73395155058118|394010
24.73395155058118|395010
24.73395155058118|396010
24.73395155058118|397010
24.73395155058118|398010
24.73395155058118|399010
24.73395155058118|400010
24.73395155058118|401010
24.73395155058118|402010
24.73395155058118|403010
24.73395155058118|404010
24.73395155058118|405010
24.73395155058118|406010
24.73395155058118|407010
24.73395155058118|408010
24.73395155058118|409010
24.73395155058118|410010
24.73395155058118|411010
24.73395155058118|412010
24.73395155058118|413010
24.73395155058118|414010
24.73395155058118|415010
24.73395155058118|416010
24.73395155058118|417010
24.73395155058118|418010
24.73395155058118|419010
24.73395155058118|420010
24.73395155058118|421010
24.73395155058118|422010
24.73395155058118|423010
24.73395155058118|424010
24.73395155058118|425010
24.73395155058118|426010
24.73395155058118|427010
24.73395155058118|428010
24.73395155058118|429010
24.73395155058118|430010
24.73395155058118|431010
24.73395155058118|432010
24.73395155058118|433010
24.73395155058118|434010
24.73395155058118|435010
24.73395155058118|436010
24.73395155058118|437010
24.73395155058118|438010
24.73395155058118|439010
24.73395155058118|440010
24.73395155058118|441010
24.73395155058118|442010
24.73395155058118|443010
24.73395155058118|444010
24.73395155058118|445010
24.73395155058118|446010
24.73395155058118|447010
24.73395155058118|448010
24.73395155058118|449010
24.73395155058118|450010
24.73395155058118|451010
24.73395155058118|452010
24.73395155058118|453010
24.73395155058118|454010
24.73395155058118|455010
24.73395155058118|456010
24.73395155058118|457010
24.73395155058118|458010
24.73395155058118|459010
24.73395155058118|460010
24.73395155058118|461010
24.73395155058118|462010
24.73395155058118|463010
24.73395155058118|464010
24.73395155058118|465010
24.73395155058118|466010
24.73395155058118|467010
24.73395155058118|468010
24.73395155058118|469010
24.73395155058118|470010
24.73395155058118|471010
24.73395155058118|472010
24.73395155058118|473010
24.73395155058118|474010
24.73395155058118|475010
24.73395155058118|476010
24.73395155058118|477010
24.73395155058118|478010
24.73395155058118|479010
24.73395155058118|480010
24.73395155058118|481010
24.73395155058118|482010
24.73395155058118|483010
24.73395155058118|484010
24.73395155058118|485010
24.73395155058118|486010
24.73395155058118|487010
24.73395155058118|488010
24.73395155058118|489010
24.73395155058118|490010
24.73395155058118|491010
24.73395155058118|492010
24.73395155058118|493010
24.73395155058118|494010
24.73395155058118|495010
24.73395155058118|496010
24.73395155058118|497010
24.73395155058118|498010
24.73395155058118|499010
24.73395155058118|500010
24.73395155058118|501010
24.73395155058118|502010
24.73395155058118|503010
24.73395155058118|504010
24.73395155058118|505010
24.73395155058118|506010
24.73395155058118|507010
24.73395155058118|508010
24.73395155058118|509010
24.73395155058118|510010
24.73395155058118|511010
24.73395155058118|512010
24.73395155058118|513010
24.73395155058118|514010
24.73395155058118|515010
24.73395155058118|516010
24.73395155058118|517010
24.73395155058118|518010
24.73395155058118|519010
24.73395155058118|520010
24.73395155058118|521010
24.73395155058118|522010
24.73395155058118|523010
24.73395155058118|524010
24.73395155058118|525010
24.73395155058118|526010
24.73395155058118|527010
24.73395155058118|528010
24.73395155058118|529010
24.73395155058118|530010
24.73395155058118|531010
24.73395155058118|532010
24.73395155058118|533010
24.73395155058118|534010
24.73395155058118|535010
24.73395155058118|536010
24.73395155058118|537010
24.73395155058118|538010
24.73395155058118|539010
24.73395155058118|540010
24.73395155058118|541010
24.73395155058118|542010
24.73395155058118|543010
24.73395155058118|544010
24.73395155058118|545010
24.73395155058118|546010
24.73395155058118|547010
24.73395155058118|548010
24.73395155058118|549010
24.73395155058118|550010
24.73395155058118|551010
24.73395155058118|552010
24.73395155058118|553010
24.73395155058118|554010
24.73395155058118|555010
24.73395155058118|556010
24.73395155058118|557010
24.73395155058118|558010
24.73395155058118|559010
24.73395155058118|560010
24.73395155058118|561010
24.73395155058118|562010
24.73395155058118|563010
24.73395155058118|564010
24.73395155058118|565010
24.73395155058118|566010
24.73395155058118|567010
24.73395155058118|568010
24.73395155058118|569010
24.73395155058118|570010
24.73395155058118|571010
24.73395155058118|572010
24.73395155058118|573010
24.73395155058118|574010
24.73395155058118|575010
24.73395155058118|576010
24.73395155058118|577010
24.73395155058118|578010
24.73395155058118|579010
24.73395155058118|580010
24.73395155058118|581010
24.73395155058118|582010
24.73395155058118|583010
24.73395155058118|584010
24.73395155058118|585010
24.73395155058118|586010
24.73395155058118|587010
24.73395155058118|588010
24.73395155058118|589010
24.73395155058118|590010
24.73395155058118|591010
24.73395155058118|592010
24.73395155058118|593010
24.73395155058118|594010
24.73395155058118|595010
24.73395155058118|596010
24.73395155058118|597010
24.73395155058118|598010
24.73395155058118|599010
24.73395155058118|600010
24.73395155058118|601010
24.73395155058118|602010
24.73395155058118|603010
24.73395155058118|604010
24.73395155058118|605010
24.73395155058118|606010
24.73395155058118|607010
24.73395155058118|608010
24.73395155058118|609010
24.73395155058118|610010
24.73395155058118|611010
24.73395155058118|612010
24.73395155058118|613010
24.73395155058118|614010
24.73395155058118|615010
24.73395155058118|616010
24.73395155058118|617010
24.73395155058118|618010
24.73395155058118|619010
24.73395155058118|620010
24.73395155058118|621010
24.73395155058118|622010
24.73395155058118|623010
24.73395155058118|624010
24.73395155058118|625010
24.73395155058118|626010
24.73395155058118|627010
24.73395155058118|628010
24.73395155058118|629010
24.73395155058118|630010
24.73395155058118|631010
24.73395155058118|632010
24.73395155058118|633010
24.73395155058118|634010
24.73395155058118|635010
24.73395155058118|636010
24.73395155058118|637010
24.73395155058118|638010
24.73395155058118|639010
24.73395155058118|640010
24.73395155058118|641010
24.73395155058118|642010
24.73395155058118|643010
24.73395155058118|644010
24.73395155058118|645010
24.73395155058118|646010
24.73395155058118|647010
24.73395155058118|648010
24.73395155058118|649010
24.73395155058118|650010
24.73395155058118|651010
24.73395155058118|652010
24.734844716952242|653010
24.734868520417635|654010
24.735352483331003|655010
24.735352483331003|656010
24.735396219246685|657010
24.735396219246685|658010
24.735396219246685|659010
24.735396219246685|660010
24.735484191094773|661010
24.735484191094777|662010
24.735484191094777|663010
24.735484191094777|664010
24.735484191094777|665010
24.73620293463009|666010
24.73620293463009|667010
24.73620293463009|668010
24.73620293463009|669010
24.73620293463009|670010
24.73620293463009|671010
24.73620293463009|672010
24.73620293463009|673010
24.73620293463009|674010
24.73620293463009|675010
24.73620293463009|676010
24.73620293463009|677010
24.73620293463009|678010
24.73620293463009|679010
24.73620293463009|680010
24.73620293463009|681010
24.73620293463009|682010
24.73620293463009|683010
24.73620293463009|684010
24.73620293463009|685010
24.73620293463009|686010
24.73620293463009|687010
24.73620293463009|688010
24.73620293463009|689010
24.73620293463009|690010
24.73620293463009|691010
24.73620293463009|692010
24.73620293463009|693010
24.73620293463009|694010
24.73620293463009|695010
24.73620293463009|696010
24.73620293463009|697010
24.73620293463009|698010
24.73620293463009|699010
24.73620293463009|700010
24.73620293463009|701010
24.73620293463009|702010
24.73620293463009|703010
24.73620293463009|704010
24.73620293463009|705010
24.736202934630093|706010
24.736202934630093|707010
24.736202934630093|708010
24.736202934630093|709010
24.736202934630093|710010
24.736202934630093|711010
24.736202934630093|712010
24.736202934630093|713010
24.736202934630093|714010
24.736202934630093|715010
24.736202934630093|716010
24.736202934630093|717010
24.736202934630093|718010
24.736202934630093|719010
24.736202934630093|720010
24.736202934630093|721010
24.736202934630093|722010
24.736202934630093|723010
24.736202934630093|724010
24.736202934630093|725010
24.736202934630093|726010
24.736202934630093|727010
24.736202934630093|728010
24.736202934630093|729010
24.736202934630093|730010
24.736202934630093|731010
24.736202934630093|732010
24.736202934630093|733010
24.736202934630093|734010
24.736202934630093|735010
24.736202934630093|736010
24.736202934630093|737010
24.736202934630096|738010
24.736202934630096|739010
24.736202934630096|740010
24.736202934630096|741010
24.736202934630096|742010
24.736202934630096|743010
24.736202934630096|744010
24.736202934630096|745010
24.736202934630096|746010
24.736202934630096|747010
24.736202934630096|748010
24.736202934630096|749010
24.736202934630096|750010
24.736202934630096|751010
24.736202934630096|752010
24.736202934630096|753010
24.736202934630096|754010
24.736202934630096|755010
24.736202934630096|756010
24.736202934630096|757010
24.736202934630096|758010
24.736202934630096|759010
24.736202934630096|760010
24.736202934630096|761010
24.736202934630096|762010
24.736202934630096|763010
24.736202934630096|764010
24.736202934630096|765010
24.736202934630096|766010
24.736202934630096|767010
24.736202934630096|768010
24.736202934630096|769010
24.736202934630096|770010
24.736202934630096|771010
24.736202934630096|772010
24.736202934630096|773010
24.736202934630096|774010
24.736202934630096|775010
24.736202934630096|776010
24.736202934630096|777010
24.736202934630096|778010
24.736202934630096|779010
24.736202934630096|780010
24.736202934630096|781010
24.736202934630096|782010
24.736202934630096|783010
24.736202934630096|784010
24.736202934630096|785010
24.736202934630096|786010
24.736202934630096|787010
24.736202934630096|788010
24.736202934630096|789010
24.736202934630096|790010
24.736202934630096|791010
24.736202934630096|792010
24.736202934630096|793010
24.736202934630096|794010
24.736202934630096|795010
24.736202934630096|796010
24.736202934630096|797010
24.736202934630096|798010
24.736202934630096|799010
24.736202934630096|800010
24.736202934630096|801010
24.736202934630096|802010
24.736202934630096|803010
24.736202934630096|804010
24.736202934630096|805010
24.736202934630096|806010
24.736202934630096|807010
24.736202934630096|808010
24.736202934630096|809010
24.736202934630096|810010
24.736202934630096|811010
24.736202934630096|812010
24.736202934630096|813010
24.736202934630096|814010
24.736202934630096|815010
24.736202934630096|816010
24.736202934630096|817010
24.736202934630096|818010
24.736202934630096|819010
24.736202934630096|820010
24.736202934630096|821010
24.736202934630096|822010
24.736202934630096|823010
24.736202934630096|824010
24.736202934630096|825010
24.736202934630096|826010
24.736202934630096|827010
24.736202934630096|828010
24.736202934630096|829010
24.736202934630096|830010
24.736202934630096|831010
24.736202934630096|832010
24.736202934630096|833010
24.736202934630096|834010
24.736202934630096|835010
24.736202934630096|836010
24.736202934630096|837010
24.736202934630096|838010
24.736202934630096|839010
24.736202934630096|840010
24.736202934630096|841010
24.736202934630096|842010
24.736202934630096|843010
24.736202934630096|844010
24.736202934630096|845010
24.736202934630096|846010
24.736202934630096|847010
24.736202934630096|848010
24.736202934630096|849010
24.736202934630096|850010
24.736202934630096|851010
24.736202934630096|852010
24.736202934630096|853010
24.736202934630096|854010
24.736202934630096|855010
24.736202934630096|856010
24.736202934630096|857010
24.736202934630096|858010
24.736202934630096|859010
24.736202934630096|860010
24.736202934630096|861010
24.736202934630096|862010
24.736202934630096|863010
24.736202934630096|864010
24.736202934630096|865010
24.736202934630096|866010
24.736202934630096|867010
24.736202934630096|868010
24.736202934630096|869010
24.736202934630096|870010
24.736202934630096|871010
24.736202934630096|872010
24.736202934630096|873010
24.736202934630096|874010
24.736202934630096|875010
24.736202934630096|876010
24.736202934630096|877010
24.736202934630096|878010
24.736202934630096|879010
24.736202934630096|880010
24.736202934630096|881010
24.736202934630096|882010
24.736202934630096|883010
24.736202934630096|884010
24.736202934630096|885010
24.736202934630096|886010
24.736202934630096|887010
24.736202934630096|888010
24.736202934630096|889010
24.736202934630096|890010
24.736202934630096|891010
24.736202934630096|892010
24.736202934630096|893010
24.736202934630096|894010
24.736202934630096|895010
24.736202934630096|896010
24.736202934630096|897010
24.736202934630096|898010
24.736202934630096|899010
24.736202934630096|900010
24.736202934630096|901010
24.736202934630096|902010
24.736202934630096|903010
24.736202934630096|904010
24.736202934630096|905010
24.736202934630096|906010
24.736202934630096|907010
24.736202934630096|908010
24.736202934630096|909010
24.736202934630096|910010
24.736202934630096|911010
24.736202934630096|912010
24.736202934630096|913010
24.736202934630096|914010
24.736202934630096|915010
24.736202934630096|916010
24.736202934630096|917010
24.736202934630096|918010
24.736202934630096|919010
24.736202934630096|920010
24.736202934630096|921010
24.736202934630096|922010
24.736202934630096|923010
24.736202934630096|924010
24.736202934630096|925010
24.736202934630096|926010
24.736202934630096|927010
24.736202934630096|928010
24.736202934630096|929010
24.736202934630096|930010
24.736202934630096|931010
24.736202934630096|932010
24.736202934630096|933010
24.736202934630096|934010
24.736202934630096|935010
24.736202934630096|936010
24.736202934630096|937010
24.736202934630096|938010
24.736202934630096|939010
24.736202934630096|940010
24.736202934630096|941010
24.736202934630096|942010
24.736202934630096|943010
24.736202934630096|944010
24.736202934630096|945010
24.736202934630096|946010
24.736202934630096|947010
24.736202934630096|948010
24.736202934630096|949010
24.736202934630096|950010
24.736202934630096|951010
24.736202934630096|952010
24.736202934630096|953010
24.736202934630096|954010
24.736202934630096|955010
24.736202934630096|956010
24.736202934630096|957010
24.736202934630096|958010
24.736202934630096|959010
24.736202934630096|960010
24.736202934630096|961010
24.736202934630096|962010
24.736202934630096|963010
24.736202934630096|964010
24.736202934630096|965010
24.736202934630096|966010
24.736202934630096|967010
24.736202934630096|968010
24.736202934630096|969010
24.736202934630096|970010
24.736202934630096|971010
24.736202934630096|972010
24.736202934630096|973010
24.736202934630096|974010
24.736202934630096|975010
24.736202934630096|976010
24.736202934630096|977010
24.736202934630096|978010
24.736202934630096|979010
24.736202934630096|980010
24.736202934630096|981010
24.736202934630096|982010
24.736202934630096|983010
24.736202934630096|984010
24.736202934630096|985010
24.736202934630096|986010
24.736202934630096|987010
24.736202934630096|988010
24.736202934630096|989010
24.736202934630096|990010
24.736202934630096|991010
24.736202934630096|992010
24.736202934630096|993010
24.736202934630096|994010
24.736202934630096|995010
24.736202934630096|996010
24.736202934630096|997010
24.736202934630096|998010
24.736202934630096|999010
24.736202934630096|1000010
