21.12437098587318|2000
21.12437098587318|3000
21.12437098587318|4000
21.474636846831903|5000
21.474636846831903|6000
21.515820233635388|7000
21.531602135266265|8000
21.531602135266265|9000
21.531602135266265|10000
21.53578974622698|11000
21.807499421205794|12000
21.807499421205794|13000
21.817633134802577|14000
21.817633134802577|15000
21.86487923703521|16000
22.10770915555041|17000
22.895478656905162|18000
22.895478656905162|19000
22.895478656905162|20000
22.895478656905162|21000
22.895478656905162|22000
22.895478656905162|23000
22.895478656905162|24000
22.895478656905162|25000
22.895478656905162|26000
22.895478656905162|27000
22.895478656905162|28000
22.895478656905162|29000
22.895478656905162|30000
22.895478656905162|31000
22.895478656905162|32000
22.895478656905162|33000
22.895478656905162|34000
22.895478656905162|35000
22.895478656905162|36000
22.895478656905162|37000
22.895478656905162|38000
22.895478656905162|39000
22.895478656905162|40000
22.895478656905162|41000
22.895478656905162|42000
22.895478656905162|43000
22.895478656905162|44000
22.895478656905162|45000
22.895478656905162|46000
22.895478656905162|47000
22.895478656905162|48000
22.895478656905162|49000
22.895478656905162|50000
22.895478656905162|51000
22.895478656905162|52000
22.895478656905162|53000
22.895478656905162|54000
22.895478656905162|55000
22.895478656905162|56000
22.895478656905162|57000
22.895478656905162|58000
22.895478656905162|59000
22.895478656905162|60000
22.895478656905162|61000
22.895478656905162|62000
22.895478656905162|63000
22.895478656905162|64000
22.895478656905162|65000
22.895478656905162|66000
22.895478656905162|67000
22.895478656905162|68000
22.895478656905162|69000
22.895478656905162|70000
22.895478656905162|71000
22.895478656905162|72000
22.895478656905162|73000
22.895478656905162|74000
22.895478656905162|75000
22.895478656905162|76000
22.895478656905162|77000
22.895478656905162|78000
22.895478656905162|79000
22.895478656905162|80000
22.895478656905162|81000
22.895478656905162|82000
22.895478656905162|83000
22.895478656905162|84000
22.895478656905162|85000
22.895478656905162|86000
22.895478656905162|87000
22.895478656905162|88000
22.895478656905162|89000
22.895478656905162|90000
22.895478656905162|91000
22.895478656905162|92000
22.895478656905162|93000
22.895478656905162|94000
22.895478656905162|95000
22.895478656905162|96000
22.895478656905162|97000
22.895478656905162|98000
22.895478656905162|99000
22.895478656905162|100000
22.895478656905162|101000
22.895478656905162|102000
22.895478656905162|103000
22.895478656905162|104000
22.895478656905162|105000
22.895478656905162|106000
22.895478656905162|107000
22.895478656905162|108000
22.895478656905162|109000
22.895478656905162|110000
22.895478656905162|111000
22.895478656905162|112000
22.895478656905162|113000
22.895478656905162|114000
22.895478656905162|115000
22.895478656905162|116000
22.895478656905162|117000
22.895478656905162|118000
22.895478656905162|119000
22.895478656905162|120000
22.895478656905162|121000
22.895478656905162|122000
22.895478656905162|123000
22.895478656905162|124000
22.895478656905162|125000
22.895478656905162|126000
22.895478656905162|127000
22.895478656905162|128000
22.895478656905162|129000
22.895478656905162|130000
22.895478656905162|131000
22.895478656905162|132000
22.895478656905162|133000
22.895478656905162|134000
22.895478656905162|135000
23.024514179102866|136000
23.024514179102866|137000
23.024514179102866|138000
23.024514179102866|139000
23.024514179102866|140000
23.024514179102866|141000
23.024514179102866|142000
23.024514179102866|143000
23.024514179102866|144000
23.024514179102866|145000
23.024514179102866|146000
23.024514179102866|147000
23.024514179102866|148000
23.024514179102866|149000
23.024514179102866|150000
23.024514179102866|151000
23.024514179102866|152000
23.024514179102866|153000
23.024514179102866|154000
23.024514179102866|155000
23.024514179102866|156000
23.024514179102866|157000
23.024514179102866|158000
23.024514179102866|159000
23.024514179102866|160000
23.024514179102866|161000
23.024514179102866|162000
23.024514179102866|163000
23.024514179102866|164000
23.024514179102866|165000
23.024514179102866|166000
23.024514179102866|167000
23.024514179102866|168000
23.024514179102866|169000
23.024514179102866|170000
23.070565629810012|171000
23.070565629810012|172000
23.070565629810012|173000
23.070565629810012|174000
23.070565629810012|175000
23.070565629810012|176000
23.070565629810012|177000
23.070565629810012|178000
23.070565629810012|179000
23.070565629810012|180000
23.070565629810012|181000
23.070565629810012|182000
23.070565629810012|183000
23.070565629810012|184000
23.070565629810012|185000
23.070565629810012|186000
23.070565629810012|187000
23.070565629810012|188000
23.070565629810012|189000
23.070565629810012|190000
23.070565629810012|191000
23.070565629810012|192000
23.070565629810012|193000
23.070565629810012|194000
23.070565629810012|195000
23.070565629810012|196000
23.070565629810012|197000
23.070565629810012|198000
23.070565629810012|199000
23.070565629810012|200000
23.070565629810012|201000
23.070565629810012|202000
23.070565629810012|203000
23.070565629810012|204000
23.070565629810012|205000
23.070565629810012|206000
23.070565629810012|207000
23.070565629810012|208000
23.070565629810012|209000
23.070565629810012|210000
23.070565629810012|211000
23.070565629810012|212000
23.070565629810012|213000
23.070565629810012|214000
23.070565629810012|215000
23.070565629810012|216000
23.070565629810012|217000
23.070565629810012|218000
23.070565629810012|219000
23.070565629810012|220000
23.070565629810012|221000
23.24157678808409|222000
23.24157678808409|223000
23.24157678808409|224000
23.24157678808409|225000
23.24157678808409|226000
23.24157678808409|227000
23.24157678808409|228000
23.24157678808409|229000
23.24157678808409|230000
23.24157678808409|231000
23.24157678808409|232000
23.24157678808409|233000
23.24157678808409|234000
23.24157678808409|235000
23.24157678808409|236000
23.24157678808409|237000
23.24157678808409|238000
23.24157678808409|239000
23.24157678808409|240000
23.24157678808409|241000
23.24157678808409|242000
23.24157678808409|243000
23.24157678808409|244000
23.24157678808409|245000
23.24157678808409|246000
23.24157678808409|247000
23.24157678808409|248000
23.24157678808409|249000
23.24157678808409|250000
23.24157678808409|251000
23.24157678808409|252000
23.421876325060172|253000
23.421876325060172|254000
23.421876325060172|255000
23.421876325060172|256000
23.421876325060172|257000
23.421876325060172|258000
23.421876325060172|259000
23.421876325060172|260000
23.421876325060172|261000
23.421876325060172|262000
23.421876325060172|263000
23.421876325060172|264000
23.421876325060172|265000
23.421876325060172|266000
23.421876325060172|267000
23.421876325060172|268000
23.421876325060172|269000
23.421876325060172|270000
23.421876325060172|271000
23.421876325060172|272000
23.421876325060172|273000
23.421876325060172|274000
23.421876325060172|275000
23.421876325060172|276000
23.421876325060172|277000
23.421876325060172|278000
23.421876325060172|279000
23.421876325060172|280000
23.421876325060172|281000
23.421876325060172|282000
23.421876325060172|283000
23.421876325060172|284000
23.421876325060172|285000
23.421876325060172|286000
23.421876325060172|287000
23.421876325060172|288000
23.421876325060172|289000
23.421876325060172|290000
23.421876325060172|291000
23.421876325060172|292000
23.421876325060172|293000
23.421876325060172|294000
23.64024277836614|295000
23.64024277836614|296000
23.64024277836614|297000
23.64024277836614|298000
23.64024277836614|299000
23.64024277836614|300000
23.64024277836614|301000
23.64024277836614|302000
23.64024277836614|303000
23.64024277836614|304000
23.64024277836614|305000
23.64024277836614|306000
23.64024277836614|307000
23.64024277836614|308000
23.64024277836614|309000
23.64024277836614|310000
23.64024277836614|311000
23.64024277836614|312000
23.64024277836614|313000
23.64024277836614|314000
23.64024277836614|315000
23.64024277836614|316000
23.64024277836614|317000
23.64024277836614|318000
23.64024277836614|319000
23.64024277836614|320000
23.64024277836614|321000
23.64024277836614|322000
23.64024277836614|323000
23.64024277836614|324000
23.64024277836614|325000
23.64024277836614|326000
23.64024277836614|327000
23.64024277836614|328000
23.64024277836614|329000
23.64024277836614|330000
23.64024277836614|331000
23.64024277836614|332000
23.64024277836614|333000
23.64024277836614|334000
23.64024277836614|335000
23.64024277836614|336000
23.64024277836614|337000
23.64024277836614|338000
23.64024277836614|339000
23.64024277836614|340000
23.64024277836614|341000
23.64024277836614|342000
23.64024277836614|343000
23.64024277836614|344000
23.64024277836614|345000
23.64024277836614|346000
23.64024277836614|347000
23.64024277836614|348000
23.64024277836614|349000
23.64024277836614|350000
23.64024277836614|351000
23.64024277836614|352000
23.64024277836614|353000
23.64024277836614|354000
23.64024277836614|355000
23.64024277836614|356000
23.64024277836614|357000
23.64024277836614|358000
23.64024277836614|359000
23.64024277836614|360000
23.64024277836614|361000
23.64024277836614|362000
23.64024277836614|363000
23.64024277836614|364000
23.64024277836614|365000
23.64024277836614|366000
23.64024277836614|367000
23.64024277836614|368000
23.64024277836614|369000
23.64024277836614|370000
23.64024277836614|371000
23.64024277836614|372000
23.64024277836614|373000
23.64024277836614|374000
23.64024277836614|375000
23.64024277836614|376000
23.64024277836614|377000
23.64024277836614|378000
23.64024277836614|379000
23.64024277836614|380000
23.64024277836614|381000
23.64024277836614|382000
23.64024277836614|383000
23.64024277836614|384000
23.64024277836614|385000
23.64024277836614|386000
23.64024277836614|387000
23.64024277836614|388000
23.64024277836614|389000
23.64024277836614|390000
23.64024277836614|391000
23.64024277836614|392000
23.64024277836614|393000
23.64024277836614|394000
23.64024277836614|395000
23.64024277836614|396000
23.64024277836614|397000
23.64024277836614|398000
23.64024277836614|399000
23.64024277836614|400000
23.64024277836614|401000
23.64024277836614|402000
23.64024277836614|403000
23.64024277836614|404000
23.64024277836614|405000
23.64024277836614|406000
23.64024277836614|407000
23.64024277836614|408000
23.64024277836614|409000
23.64024277836614|410000
23.64024277836614|411000
23.64024277836614|412000
23.64024277836614|413000
23.64024277836614|414000
23.64024277836614|415000
23.64024277836614|416000
23.64024277836614|417000
23.64024277836614|418000
23.64024277836614|419000
23.64024277836614|420000
23.64024277836614|421000
23.64024277836614|422000
23.64024277836614|423000
23.64024277836614|424000
23.64024277836614|425000
23.64024277836614|426000
23.64024277836614|427000
23.64024277836614|428000
23.64024277836614|429000
23.64024277836614|430000
23.64024277836614|431000
23.64024277836614|432000
23.64024277836614|433000
23.64024277836614|434000
23.64024277836614|435000
23.64024277836614|436000
23.64024277836614|437000
23.64024277836614|438000
23.64024277836614|439000
23.64024277836614|440000
23.64024277836614|441000
23.64024277836614|442000
23.64024277836614|443000
23.64024277836614|444000
23.64024277836614|445000
23.64024277836614|446000
23.64024277836614|447000
23.64024277836614|448000
23.64024277836614|449000
23.64024277836614|450000
23.64024277836614|451000
23.64024277836614|452000
23.64024277836614|453000
23.64024277836614|454000
23.64024277836614|455000
23.64024277836614|456000
23.64024277836614|457000
23.64024277836614|458000
23.64024277836614|459000
23.64024277836614|460000
23.64024277836614|461000
23.64024277836614|462000
23.64024277836614|463000
23.64024277836614|464000
23.64024277836614|465000
23.64024277836614|466000
23.64024277836614|467000
23.64024277836614|468000
23.64024277836614|469000
23.64024277836614|470000
23.64024277836614|471000
23.64024277836614|472000
23.64024277836614|473000
23.64024277836614|474000
23.64024277836614|475000
23.64024277836614|476000
23.64024277836614|477000
23.64024277836614|478000
23.64024277836614|479000
23.64024277836614|480000
23.64024277836614|481000
23.64024277836614|482000
23.64024277836614|483000
23.64024277836614|484000
23.64024277836614|485000
23.64024277836614|486000
23.64024277836614|487000
23.64024277836614|488000
23.64024277836614|489000
23.641839064536185|490000
23.641839064536185|491000
23.641839064536185|492000
23.641839064536185|493000
23.641839064536185|494000
23.641839064536185|495000
23.641839064536185|496000
23.641839064536185|497000
23.641839064536185|498000
23.641839064536185|499000
23.641839064536185|500000
23.641839064536185|501000
23.641839064536185|502000
23.641839064536185|503000
23.641839064536185|504000
23.641839064536185|505000
23.641839064536185|506000
23.641839064536185|507000
23.641839064536185|508000
23.641839064536185|509000
23.641839064536185|510000
23.641839064536185|511000
23.641839064536185|512000
23.641839064536185|513000
23.641839064536185|514000
23.641839064536185|515000
23.641839064536185|516000
23.641839064536185|517000
23.641839064536185|518000
23.641839064536185|519000
23.641839064536185|520000
23.641839064536185|521000
23.641839064536185|522000
23.641839064536185|523000
23.641839064536185|524000
23.641839064536185|525000
23.641839064536185|526000
23.641839064536185|527000
23.641839064536185|528000
23.641839064536185|529000
23.641839064536185|530000
23.641839064536185|531000
23.641839064536185|532000
23.641839064536185|533000
23.641839064536185|534000
23.641839064536185|535000
23.641839064536185|536000
23.641839064536185|537000
23.641839064536185|538000
23.641839064536185|539000
23.641839064536185|540000
23.641839064536185|541000
23.641839064536185|542000
23.641839064536185|543000
23.641839064536185|544000
23.641839064536185|545000
23.641839064536185|546000
23.641839064536185|547000
23.641839064536185|548000
23.641839064536185|549000
23.641839064536185|550000
23.641839064536185|551000
23.641839064536185|552000
23.641839064536185|553000
23.641839064536185|554000
23.641839064536185|555000
23.641839064536185|556000
23.641839064536185|557000
23.641839064536185|558000
23.641839064536185|559000
23.641839064536185|560000
23.641839064536185|561000
23.641839064536185|562000
23.641839064536185|563000
23.641839064536185|564000
23.641839064536185|565000
23.641839064536185|566000
23.641839064536185|567000
23.641839064536185|568000
23.641839064536185|569000
23.641839064536185|570000
23.641839064536185|571000
23.641839064536185|572000
23.641839064536185|573000
23.641839064536185|574000
23.641839064536185|575000
23.641839064536185|576000
23.641839064536185|577000
23.641839064536185|578000
23.641839064536185|579000
23.641839064536185|580000
23.641839064536185|581000
23.641839064536185|582000
23.641839064536185|583000
23.641839064536185|584000
23.641839064536185|585000
23.641839064536185|586000
23.641839064536185|587000
23.641839064536185|588000
23.641839064536185|589000
23.641839064536185|590000
23.641839064536185|591000
23.641839064536185|592000
23.641839064536185|593000
23.641839064536185|594000
23.641839064536185|595000
23.641839064536185|596000
23.641839064536185|597000
23.641839064536185|598000
23.641839064536185|599000
23.641839064536185|600000
23.641839064536185|601000
23.641839064536185|602000
23.641839064536185|603000
23.641839064536185|604000
23.641839064536185|605000
23.641839064536185|606000
23.641839064536185|607000
23.641839064536185|608000
23.641839064536185|609000
23.641839064536185|610000
23.641839064536185|611000
23.641839064536185|612000
23.641839064536185|613000
23.641839064536185|614000
23.641839064536185|615000
23.641839064536185|616000
23.641839064536185|617000
23.641839064536185|618000
23.641839064536185|619000
23.641839064536185|620000
23.641839064536185|621000
23.641839064536185|622000
23.641839064536185|623000
23.641839064536185|624000
23.641839064536185|625000
23.641839064536185|626000
23.641839064536185|627000
23.641839064536185|628000
23.641839064536185|629000
23.641839064536185|630000
23.641839064536185|631000
23.641839064536185|632000
23.641839064536185|633000
23.641839064536185|634000
23.641839064536185|635000
23.641839064536185|636000
23.641839064536185|637000
23.641839064536185|638000
23.641839064536185|639000
23.641839064536185|640000
23.641839064536185|641000
23.641839064536185|642000
23.641839064536185|643000
23.641839064536185|644000
23.641839064536185|645000
23.641839064536185|646000
23.641839064536185|647000
23.641839064536185|648000
23.641839064536185|649000
23.641839064536185|650000
23.641839064536185|651000
23.641839064536185|652000
23.641839064536185|653000
23.641839064536185|654000
23.641839064536185|655000
23.641839064536185|656000
23.641839064536185|657000
23.641839064536185|658000
23.641839064536185|659000
23.641839064536185|660000
23.641839064536185|661000
23.641839064536185|662000
23.641839064536185|663000
23.641839064536185|664000
23.641839064536185|665000
23.641839064536185|666000
23.641839064536185|667000
23.641839064536185|668000
23.641839064536185|669000
23.641839064536185|670000
23.641839064536185|671000
23.641839064536185|672000
23.641839064536185|673000
23.641839064536185|674000
23.641839064536185|675000
23.641839064536185|676000
23.641839064536185|677000
23.641839064536185|678000
23.641839064536185|679000
23.641839064536185|680000
23.641839064536185|681000
23.641839064536185|682000
23.641839064536185|683000
23.641839064536185|684000
23.641839064536185|685000
23.641839064536185|686000
23.641839064536185|687000
23.641839064536185|688000
23.641839064536185|689000
23.641839064536185|690000
23.641839064536185|691000
23.641839064536185|692000
23.641839064536185|693000
23.641839064536185|694000
23.641839064536185|695000
23.641839064536185|696000
23.641839064536185|697000
23.641839064536185|698000
23.641839064536185|699000
23.641839064536185|700000
23.641839064536185|701000
23.641839064536185|702000
23.641839064536185|703000
23.641839064536185|704000
23.788591147698636|705000
23.788591147698636|706000
23.788591147698636|707000
23.788591147698636|708000
23.788591147698636|709000
23.788591147698636|710000
23.788591147698636|711000
23.788591147698636|712000
23.788591147698636|713000
23.96738304221036|714000
23.96738304221036|715000
23.96738304221036|716000
23.96738304221036|717000
23.96738304221036|718000
23.96738304221036|719000
23.96738304221036|720000
23.96738304221036|721000
23.96738304221036|722000
23.96738304221036|723000
23.96738304221036|724000
23.96738304221036|725000
23.96738304221036|726000
23.96738304221036|727000
23.96738304221036|728000
23.96738304221036|729000
23.96738304221036|730000
23.96738304221036|731000
23.96738304221036|732000
23.96738304221036|733000
23.96738304221036|734000
23.96738304221036|735000
23.96738304221036|736000
23.96738304221036|737000
24.013656875965957|738000
24.013656875965957|739000
24.013656875965957|740000
24.013656875965957|741000
24.013656875965957|742000
24.013656875965957|743000
24.013656875965957|744000
24.221113612102723|745000
24.221113612102723|746000
24.221113612102723|747000
24.221113612102723|748000
24.221113612102723|749000
24.221113612102723|750000
24.221113612102723|751000
24.221113612102723|752000
24.221113612102723|753000
24.221113612102723|754000
24.221113612102723|755000
24.221113612102723|756000
24.221113612102723|757000
24.221113612102723|758000
24.221113612102723|759000
24.221113612102723|760000
24.221113612102723|761000
24.221113612102723|762000
24.221113612102723|763000
24.221113612102723|764000
24.221113612102723|765000
24.221113612102723|766000
24.221113612102723|767000
24.221113612102723|768000
24.221113612102723|769000
24.221113612102723|770000
24.221113612102723|771000
24.221113612102723|772000
24.221113612102723|773000
24.221113612102723|774000
24.221113612102723|775000
24.221113612102723|776000
24.221113612102723|777000
24.221113612102723|778000
24.221113612102723|779000
24.221113612102723|780000
24.221113612102723|781000
24.221113612102723|782000
24.221113612102723|783000
24.221113612102723|784000
24.221113612102723|785000
24.221113612102723|786000
24.221113612102723|787000
24.221113612102723|788000
24.221113612102723|789000
24.221113612102723|790000
24.22145478234443|791000
24.22145478234443|792000
24.22145478234443|793000
24.22145478234443|794000
24.22145478234443|795000
24.22145478234443|796000
24.22145478234443|797000
24.22145478234443|798000
24.22145478234443|799000
24.22217020014593|800000
24.22217020014593|801000
24.226919994828666|802000
24.27912979394778|803000
24.27912979394778|804000
24.27912979394778|805000
24.27912979394778|806000
24.27912979394778|807000
24.27912979394778|808000
24.27912979394778|809000
24.27912979394778|810000
24.27912979394778|811000
24.27912979394778|812000
24.27912979394778|813000
24.27912979394778|814000
24.27912979394778|815000
24.27912979394778|816000
24.298624924257673|817000
24.298624924257673|818000
24.298624924257673|819000
24.298624924257673|820000
24.298624924257673|821000
24.298624924257673|822000
24.298624924257673|823000
24.298624924257673|824000
24.298624924257673|825000
24.34262720085453|826000
24.382377163132997|827000
24.382377163132997|828000
24.382377163132997|829000
24.382377163132997|830000
24.382377163132997|831000
24.382377163132997|832000
24.382377163132997|833000
24.382377163132997|834000
24.382377163132997|835000
24.397432150854314|836000
24.397432150854314|837000
24.397432150854314|838000
24.397432150854314|839000
24.397432150854314|840000
24.397432150854314|841000
24.397432150854314|842000
24.397432150854314|843000
24.397432150854314|844000
24.397432150854314|845000
24.397432150854314|846000
24.397432150854314|847000
24.397432150854314|848000
24.397432150854314|849000
24.397432150854314|850000
24.397432150854314|851000
24.397432150854314|852000
24.397432150854314|853000
24.397432150854314|854000
24.397432150854314|855000
24.397432150854314|856000
24.397432150854314|857000
24.397432150854314|858000
24.397432150854314|859000
24.397432150854314|860000
24.397432150854314|861000
24.397432150854314|862000
24.397432150854314|863000
24.397432150854314|864000
24.397432150854314|865000
24.397432150854314|866000
24.397432150854314|867000
24.397432150854314|868000
24.397432150854314|869000
24.397432150854314|870000
24.397432150854314|871000
24.397432150854314|872000
24.397432150854314|873000
24.397432150854314|874000
24.397432150854314|875000
24.397432150854314|876000
24.397432150854314|877000
24.397432150854314|878000
24.397432150854314|879000
24.397432150854314|880000
24.397432150854314|881000
24.403602785881954|882000
24.419848893355617|883000
24.419848893355617|884000
24.4825116180244|885000
24.4825116180244|886000
24.4825116180244|887000
24.4825116180244|888000
24.4825116180244|889000
24.4825116180244|890000
24.4825116180244|891000
24.4825116180244|892000
24.4825116180244|893000
24.4825116180244|894000
24.4825116180244|895000
24.4825116180244|896000
24.4825116180244|897000
24.4825116180244|898000
24.4825116180244|899000
24.4825116180244|900000
24.4825116180244|901000
24.4825116180244|902000
24.4825116180244|903000
24.4825116180244|904000
24.4825116180244|905000
24.4825116180244|906000
24.4825116180244|907000
24.4825116180244|908000
24.4825116180244|909000
24.4825116180244|910000
24.4825116180244|911000
24.4825116180244|912000
24.494323237201233|913000
24.494323237201233|914000
24.494323237201233|915000
24.494323237201233|916000
24.494323237201233|917000
24.494323237201233|918000
24.494323237201233|919000
24.494323237201233|920000
24.494323237201233|921000
24.494323237201233|922000
24.494323237201233|923000
24.494323237201233|924000
24.496293650563523|925000
24.496293650563523|926000
24.496293650563523|927000
24.496293650563523|928000
24.496293650563523|929000
24.496293650563523|930000
24.496293650563523|931000
24.514094091470895|932000
24.514094091470895|933000
24.514094091470895|934000
24.514094091470895|935000
24.514094091470895|936000
24.514094091470895|937000
24.514094091470895|938000
24.514094091470895|939000
24.514094091470895|940000
24.514094091470895|941000
24.514094091470895|942000
24.520606789149763|943000
24.5291641572093|944000
24.5291641572093|945000
24.5291641572093|946000
24.5291641572093|947000
24.534528676593503|948000
24.534528676593503|949000
24.53694205330065|950000
24.54640289994837|951000
24.555143997626907|952000
24.555143997626907|953000
24.555143997626907|954000
24.555143997626907|955000
24.555143997626907|956000
24.555143997626907|957000
24.555143997626907|958000
24.555143997626907|959000
24.560283214035294|960000
24.58288676340097|961000
24.58288676340097|962000
24.592204887370237|963000
24.592204887370237|964000
24.592204887370237|965000
24.592204887370237|966000
24.592204887370237|967000
24.592204887370237|968000
24.60172364277932|969000
24.60172364277932|970000
24.60172364277932|971000
24.606809752312138|972000
24.606809752312138|973000
24.606809752312138|974000
24.606809752312138|975000
24.606809752312138|976000
24.606809752312138|977000
24.606809752312138|978000
24.606809752312138|979000
24.610540020389653|980000
24.61067099786871|981000
24.61067099786871|982000
24.61067099786871|983000
24.616579055688977|984000
24.616579055688977|985000
24.616579055688977|986000
24.616579055688977|987000
24.616579055688977|988000
24.616579055688977|989000
24.616579055688977|990000
24.616864186437297|991000
24.616864186437297|992000
24.618126307105726|993000
24.618126307105726|994000
24.62385719924777|995000
24.62385719924777|996000
24.62385719924777|997000
24.62385719924777|998000
24.62385719924777|999000
24.62385719924777|1000000
