21.375059621059076|1100
21.702144631520554|2100
22.637341929520932|3100
22.637341929520932|4100
22.637341929520932|5100
23.08867115754844|6100
23.08867115754844|7100
23.08867115754844|8100
23.08867115754844|9100
23.41514715514233|10100
23.416051654220208|11100
23.512022169740405|12100
23.655751799419228|13100
23.728514447555806|14100
23.728514447555806|15100
23.728514447555806|16100
23.731232487757406|17100
23.872877976456202|18100
23.88043331942484|19100
23.982671763990947|20100
24.097464674891505|21100
24.147427246001012|22100
24.186739995489138|23100
24.186739995489138|24100
24.207394774943623|25100
24.219918401849394|26100
24.277632494678695|27100
24.285752730757313|28100
24.285752730757313|29100
24.285752730757313|30100
24.306461815704637|31100
24.306461815704637|32100
24.306461815704637|33100
24.327652756346705|34100
24.338374346577965|35100
24.354578789857005|36100
24.359066062737114|37100
24.400437869541797|38100
24.400437869541797|39100
24.415715622798448|40100
24.428901067305198|41100
24.430902264423004|42100
24.439312316993867|43100
24.45663168156672|44100
24.472109162961065|45100
24.472109162961065|46100
24.50103783807889|47100
24.50103783807889|48100
24.50335126376739|49100
24.531001450694255|50100
24.531001450694255|51100
24.531001450694255|52100
24.555768184330407|53100
24.578979881053566|54100
24.580844956954845|55100
24.581970923165592|56100
24.59001800408328|57100
24.59001800408328|58100
24.627673292996537|59100
24.6278391985327|60100
24.6278391985327|61100
24.6278391985327|62100
24.6278391985327|63100
24.63066398376542|64100
24.632521270599856|65100
24.635651483475367|66100
24.636564513058833|67100
24.63788261527622|68100
24.63969942259838|69100
24.63969942259838|70100
24.642678984702016|71100
24.642678984702016|72100
24.64833450773068|73100
24.64833450773068|74100
24.648602691928744|75100
24.65305028844324|76100
24.65924138015677|77100
24.65924138015677|78100
24.662747289069642|79100
24.667493445982622|80100
24.667493445982622|81100
24.674007662196708|82100
24.67439318770597|83100
24.67439318770597|84100
24.67621388299238|85100
24.67621388299238|86100
24.67659940850164|87100
24.689690362050886|88100
24.689690362050886|89100
24.692526188415815|90100
24.692526188415815|91100
24.692526188415815|92100
24.69543695887103|93100
24.69556545805719|94100
24.696577392582356|95100
24.696577392582356|96100
24.699438717547643|97100
24.699438717547643|98100
24.699438717547643|99100
24.70033197330037|100100
24.70033197330037|101100
24.70033197330037|102100
24.70033197330037|103100
24.70033197330037|104100
24.70155981174827|105100
24.706738038215583|106100
24.71070872904254|107100
24.71070872904254|108100
24.71070872904254|109100
24.71101495271445|110100
24.711693990281972|111100
24.711693990281972|112100
24.712000213953882|113100
24.712044032522915|114100
24.712044032522915|115100
24.71231844715601|116100
24.712812772046487|117100
24.712812772046487|118100
24.712812772046487|119100
24.712812772046487|120100
24.713087186679584|121100
24.713087186679584|122100
24.71340665499526|123100
24.714715876848757|124100
24.716667573223717|125100
24.71829626339289|126100
24.718314284998165|127100
24.718314284998165|128100
24.718314284998165|129100
24.71842236550813|130100
24.718514049569663|131100
24.718514049569663|132100
24.718514049569663|133100
24.718514049569663|134100
24.718514049569663|135100
24.718514049569666|136100
24.71854985933683|137100
24.71888485568056|138100
24.71888485568056|139100
24.71888485568056|140100
24.718957417181763|141100
24.718984345503646|142100
24.719064729449066|143100
24.719159852185502|144100
24.719365904509143|145100
24.719365904509143|146100
24.72073083233376|147100
24.72073083233376|148100
24.72073083233376|149100
24.72073083233376|150100
24.720801871637747|151100
24.720819679189454|152100
24.720819679189454|153100
24.720819679189454|154100
24.720819679189454|155100
24.720819679189454|156100
24.720819679189454|157100
24.720819679189454|158100
24.720819679189454|159100
24.720819679189454|160100
24.720825688655026|161100
24.720853819043143|162100
24.720962728903636|163100
24.720962728903636|164100
24.720962728903636|165100
24.72155295892531|166100
24.72155295892531|167100
24.72155295892531|168100
24.72155295892531|169100
24.721628060662272|170100
24.721628060662272|171100
24.721628060662272|172100
24.721628060662276|173100
24.721628060662276|174100
24.721628060662276|175100
24.721628060662276|176100
24.721628060662276|177100
24.721628060662276|178100
24.72163407012785|179100
24.72163407012785|180100
24.72163407012785|181100
24.72163407012785|182100
24.72163407012785|183100
24.72163407012785|184100
24.72163407012785|185100
24.72163407012785|186100
24.72163407012785|187100
24.72163407012785|188100
24.721634070127852|189100
24.721634070127852|190100
24.721634070127852|191100
24.721634070127852|192100
24.721634070127852|193100
24.721634070127852|194100
24.721634070127852|195100
24.721634070127852|196100
24.721634070127852|197100
24.721634070127852|198100
24.721634070127852|199100
24.721634070127852|200100
24.721634070127852|201100
24.721634070127852|202100
24.721634070127852|203100
24.721634070127852|204100
24.721634070127852|205100
24.721634070127852|206100
24.726134823691968|207100
24.726557097720722|208100
24.72697021418826|209100
24.72721431955125|210100
24.729443182729703|211100
24.729443182729703|212100
24.730850191697794|213100
24.73153413933169|214100
24.73153413933169|215100
24.73153413933169|216100
24.73184502164089|217100
24.73184502164089|218100
24.7323134088635|219100
24.7323134088635|220100
24.7323134088635|221100
24.732313408863515|222100
24.732313408863515|223100
24.732313408863515|224100
24.732313408863515|225100
24.732313408863515|226100
24.73501798982633|227100
24.73501798982633|228100
24.73501798982633|229100
24.73501798982633|230100
24.73520911787738|231100
24.73520911787738|232100
24.73520911787738|233100
24.73520911787738|234100
24.73520911787738|235100
24.73520911787738|236100
24.73520911787738|237100
24.73520911787738|238100
24.73520911787738|239100
24.73520911787738|240100
24.73520911787738|241100
24.73520911787738|242100
24.735209117877382|243100
24.735209117877382|244100
24.735209117877382|245100
24.735209117877382|246100
24.735209117877382|247100
24.735209117877382|248100
24.735209117877382|249100
24.735209117877382|250100
24.735209117877382|251100
24.735209117877382|252100
24.735209117877382|253100
24.735209117877382|254100
24.735209117877382|255100
24.735209117877382|256100
24.735209117877382|257100
24.735209117877382|258100
24.735209117877382|259100
24.735209117877382|260100
24.735209117877382|261100
24.735209117877382|262100
24.735209117877382|263100
24.735209117877382|264100
24.735209117877382|265100
24.735209117877382|266100
24.735209117877382|267100
24.735209117877382|268100
24.735209117877382|269100
24.735209117877382|270100
24.735209117877382|271100
24.735209117877382|272100
24.735209117877382|273100
24.735209117877382|274100
24.735209117877382|275100
24.735209117877382|276100
24.735209117877382|277100
24.735209117877382|278100
24.735209117877382|279100
24.735209117877382|280100
24.735209117877382|281100
24.735209117877382|282100
24.735209117877382|283100
24.735209117877382|284100
24.735209117877382|285100
24.735209117877382|286100
24.735209117877382|287100
24.735209117877382|288100
24.735209117877382|289100
24.735209117877382|290100
24.735209117877382|291100
24.735209117877382|292100
24.735209117877382|293100
24.735209117877382|294100
24.735209117877382|295100
24.735209117877382|296100
24.735209117877382|297100
24.735209117877382|298100
24.735209117877382|299100
24.735209117877382|300100
24.735209117877382|301100
24.735209117877382|302100
24.735209117877382|303100
24.735209117877382|304100
24.735209117877382|305100
24.735209117877382|306100
24.735209117877382|307100
24.735209117877382|308100
24.735209117877382|309100
24.735209117877382|310100
24.735209117877382|311100
24.735209117877382|312100
24.735209117877382|313100
24.735209117877382|314100
24.735209117877382|315100
24.735209117877382|316100
24.735209117877382|317100
24.735209117877382|318100
24.735209117877382|319100
24.735209117877382|320100
24.735209117877382|321100
24.735209117877382|322100
24.735209117877382|323100
24.735209117877382|324100
24.735209117877382|325100
24.735209117877382|326100
24.735209117877382|327100
24.735209117877382|328100
24.735209117877382|329100
24.735209117877382|330100
24.735209117877382|331100
24.735209117877382|332100
24.735209117877382|333100
24.735209117877382|334100
24.735209117877382|335100
24.735209117877382|336100
24.735209117877382|337100
24.735209117877382|338100
24.735209117877382|339100
24.735209117877382|340100
24.735209117877382|341100
24.735209117877382|342100
24.735209117877382|343100
24.735209117877382|344100
24.735209117877382|345100
24.735209117877382|346100
24.735209117877382|347100
24.735209117877382|348100
24.735209117877382|349100
24.735209117877382|350100
24.735209117877382|351100
24.735209117877382|352100
24.735209117877382|353100
24.735209117877382|354100
24.735209117877382|355100
24.735209117877382|356100
24.735209117877382|357100
24.735209117877382|358100
24.735209117877382|359100
24.735209117877382|360100
24.735209117877382|361100
24.735209117877382|362100
24.735209117877382|363100
24.735209117877382|364100
24.735209117877382|365100
24.735209117877382|366100
24.735209117877382|367100
24.735209117877382|368100
24.735209117877382|369100
24.735209117877382|370100
24.735209117877382|371100
24.735209117877382|372100
24.735209117877382|373100
24.735209117877382|374100
24.735209117877382|375100
24.735209117877382|376100
24.735209117877382|377100
24.735209117877382|378100
24.735209117877382|379100
24.735209117877382|380100
24.735209117877382|381100
24.735209117877382|382100
24.735209117877382|383100
24.735209117877382|384100
24.735209117877382|385100
24.735209117877382|386100
24.735209117877382|387100
24.735209117877382|388100
24.735209117877382|389100
24.735209117877382|390100
24.735209117877382|391100
24.735209117877382|392100
24.735209117877382|393100
24.735209117877382|394100
24.735209117877382|395100
24.735209117877382|396100
24.735209117877382|397100
24.735209117877382|398100
24.735209117877382|399100
24.735209117877382|400100
24.735209117877382|401100
24.735209117877382|402100
24.735209117877382|403100
24.735209117877382|404100
24.735209117877382|405100
24.735209117877382|406100
24.735209117877382|407100
24.735209117877382|408100
24.735209117877382|409100
24.735209117877382|410100
24.735209117877382|411100
24.735209117877382|412100
24.735209117877382|413100
24.735209117877382|414100
24.735209117877382|415100
24.735209117877382|416100
24.735209117877382|417100
24.735209117877382|418100
24.735209117877382|419100
24.735209117877382|420100
24.735209117877382|421100
24.735209117877382|422100
24.735209117877382|423100
24.735209117877382|424100
24.735209117877382|425100
24.735209117877382|426100
24.735209117877382|427100
24.735209117877382|428100
24.735209117877382|429100
24.735209117877382|430100
24.735209117877382|431100
24.735209117877382|432100
24.735209117877382|433100
24.735209117877382|434100
24.735209117877382|435100
24.735209117877382|436100
24.735209117877382|437100
24.735209117877382|438100
24.735209117877382|439100
24.735209117877382|440100
24.735209117877382|441100
24.735209117877382|442100
24.735209117877382|443100
24.735209117877382|444100
24.735209117877382|445100
24.735209117877382|446100
24.735209117877382|447100
24.735209117877382|448100
24.735209117877382|449100
24.735209117877382|450100
24.735209117877382|451100
24.735209117877382|452100
24.735209117877382|453100
24.735209117877382|454100
24.735209117877382|455100
24.735209117877382|456100
24.735209117877382|457100
24.735209117877382|458100
24.735209117877382|459100
24.735209117877382|460100
24.735209117877382|461100
24.735209117877382|462100
24.735209117877382|463100
24.735209117877382|464100
24.735209117877382|465100
24.735209117877382|466100
24.735209117877382|467100
24.735209117877382|468100
24.735209117877382|469100
24.735209117877382|470100
24.735209117877382|471100
24.735209117877382|472100
24.735209117877382|473100
24.735209117877382|474100
24.735209117877382|475100
24.735209117877382|476100
24.735209117877382|477100
24.735209117877382|478100
24.735209117877382|479100
24.735209117877382|480100
24.735209117877382|481100
24.735209117877382|482100
24.735209117877382|483100
24.735209117877382|484100
24.735209117877382|485100
24.735209117877382|486100
24.735209117877382|487100
24.735209117877382|488100
24.735209117877382|489100
24.735209117877382|490100
24.735209117877382|491100
24.735209117877382|492100
24.735209117877382|493100
24.735209117877382|494100
24.735209117877382|495100
24.735209117877382|496100
24.735209117877382|497100
24.735209117877382|498100
24.735209117877382|499100
24.735209117877382|500100
24.735209117877382|501100
24.735209117877382|502100
24.735209117877382|503100
24.735209117877382|504100
24.735209117877382|505100
24.735209117877382|506100
24.735209117877382|507100
24.735209117877382|508100
24.735209117877382|509100
24.735209117877382|510100
24.735209117877382|511100
24.735209117877382|512100
24.735209117877382|513100
24.735209117877382|514100
24.735209117877382|515100
24.735209117877382|516100
24.735209117877382|517100
24.735209117877382|518100
24.735209117877382|519100
24.735209117877382|520100
24.735209117877382|521100
24.735209117877382|522100
24.735209117877382|523100
24.735209117877382|524100
24.735209117877382|525100
24.735209117877382|526100
24.735209117877382|527100
24.735209117877382|528100
24.735209117877382|529100
24.735209117877382|530100
24.735209117877382|531100
24.735209117877382|532100
24.735209117877382|533100
24.735209117877382|534100
24.735209117877382|535100
24.735209117877382|536100
24.735209117877382|537100
24.735209117877382|538100
24.735209117877382|539100
24.735209117877382|540100
24.735209117877382|541100
24.735209117877382|542100
24.735209117877382|543100
24.735209117877382|544100
24.735209117877382|545100
24.735209117877382|546100
24.735209117877382|547100
24.735209117877382|548100
24.735209117877382|549100
24.735209117877382|550100
24.735209117877382|551100
24.735209117877382|552100
24.735209117877382|553100
24.735209117877382|554100
24.735209117877382|555100
24.735209117877382|556100
24.735209117877382|557100
24.735209117877382|558100
24.735209117877382|559100
24.735209117877382|560100
24.735209117877382|561100
24.735209117877382|562100
24.735209117877382|563100
24.735209117877382|564100
24.735209117877382|565100
24.735209117877382|566100
24.735209117877382|567100
24.735209117877382|568100
24.735209117877382|569100
24.735209117877382|570100
24.735209117877382|571100
24.735209117877382|572100
24.735209117877382|573100
24.735209117877382|574100
24.735209117877382|575100
24.735209117877382|576100
24.735209117877382|577100
24.735209117877382|578100
24.735209117877382|579100
24.735209117877382|580100
24.735209117877382|581100
24.735209117877382|582100
24.735209117877382|583100
24.735209117877382|584100
24.735209117877382|585100
24.735209117877382|586100
24.735209117877382|587100
24.735209117877382|588100
24.735209117877382|589100
24.735209117877382|590100
24.735209117877382|591100
24.735209117877382|592100
24.735209117877382|593100
24.735209117877382|594100
24.735209117877382|595100
24.735209117877382|596100
24.735209117877382|597100
24.735209117877382|598100
24.735209117877382|599100
24.735209117877382|600100
24.735209117877382|601100
24.735209117877382|602100
24.735209117877382|603100
24.735209117877382|604100
24.735209117877382|605100
24.735209117877382|606100
24.735209117877382|607100
24.735209117877382|608100
24.735209117877382|609100
24.735209117877382|610100
24.735209117877382|611100
24.735209117877382|612100
24.735209117877382|613100
24.735209117877382|614100
24.735209117877382|615100
24.735209117877382|616100
24.735209117877382|617100
24.735209117877382|618100
24.735209117877382|619100
24.735209117877382|620100
24.735209117877382|621100
24.735209117877382|622100
24.735209117877382|623100
24.735209117877382|624100
24.735209117877382|625100
24.735209117877382|626100
24.735209117877382|627100
24.735209117877382|628100
24.735209117877382|629100
24.735209117877382|630100
24.735209117877382|631100
24.735209117877382|632100
24.735209117877382|633100
24.735209117877382|634100
24.735209117877382|635100
24.735209117877382|636100
24.735209117877382|637100
24.735209117877382|638100
24.735209117877382|639100
24.735209117877382|640100
24.735209117877382|641100
24.735209117877382|642100
24.735209117877382|643100
24.735209117877382|644100
24.735209117877382|645100
24.735209117877382|646100
24.735209117877382|647100
24.735209117877382|648100
24.735209117877382|649100
24.735209117877382|650100
24.735209117877382|651100
24.735209117877382|652100
24.735209117877382|653100
24.735209117877382|654100
24.735209117877382|655100
24.735209117877382|656100
24.735209117877382|657100
24.735209117877382|658100
24.735209117877382|659100
24.735209117877382|660100
24.735209117877382|661100
24.735209117877382|662100
24.735209117877382|663100
24.735209117877382|664100
24.735209117877382|665100
24.735209117877382|666100
24.735209117877382|667100
24.735209117877382|668100
24.735209117877382|669100
24.735209117877382|670100
24.735209117877382|671100
24.735209117877382|672100
24.735209117877382|673100
24.735209117877382|674100
24.735209117877382|675100
24.735209117877382|676100
24.735209117877382|677100
24.735209117877382|678100
24.735209117877382|679100
24.735209117877382|680100
24.735209117877382|681100
24.735209117877382|682100
24.735209117877382|683100
24.735209117877382|684100
24.735209117877382|685100
24.735209117877382|686100
24.735209117877382|687100
24.735209117877382|688100
24.735209117877382|689100
24.735209117877382|690100
24.735209117877382|691100
24.735209117877382|692100
24.735209117877382|693100
24.735209117877382|694100
24.735209117877382|695100
24.735209117877382|696100
24.735209117877382|697100
24.735209117877382|698100
24.735209117877382|699100
24.735209117877382|700100
24.735209117877382|701100
24.735209117877382|702100
24.735209117877382|703100
24.735209117877382|704100
24.735209117877382|705100
24.735209117877382|706100
24.735209117877382|707100
24.735209117877382|708100
24.735209117877382|709100
24.735209117877382|710100
24.735209117877382|711100
24.735209117877382|712100
24.735209117877382|713100
24.735209117877382|714100
24.735209117877382|715100
24.735209117877382|716100
24.735209117877382|717100
24.735209117877382|718100
24.735209117877382|719100
24.735209117877382|720100
24.735209117877382|721100
24.735209117877382|722100
24.735209117877382|723100
24.735209117877382|724100
24.735209117877382|725100
24.735209117877382|726100
24.735209117877382|727100
24.735209117877382|728100
24.735209117877382|729100
24.735209117877382|730100
24.735209117877382|731100
24.735209117877382|732100
24.735209117877382|733100
24.735209117877382|734100
24.735209117877382|735100
24.735209117877382|736100
24.735209117877382|737100
24.735209117877382|738100
24.735209117877382|739100
24.735209117877382|740100
24.735209117877382|741100
24.735209117877382|742100
24.735209117877382|743100
24.735209117877382|744100
24.735209117877382|745100
24.735209117877382|746100
24.735209117877382|747100
24.735209117877382|748100
24.735209117877382|749100
24.735209117877382|750100
24.735209117877382|751100
24.735209117877382|752100
24.735209117877382|753100
24.735209117877382|754100
24.735209117877382|755100
24.735209117877382|756100
24.735209117877382|757100
24.735209117877382|758100
24.735209117877382|759100
24.735209117877382|760100
24.735209117877382|761100
24.735209117877382|762100
24.735209117877382|763100
24.735209117877382|764100
24.735209117877382|765100
24.735209117877382|766100
24.735209117877382|767100
24.735209117877382|768100
24.735209117877382|769100
24.735209117877382|770100
24.735209117877382|771100
24.735209117877382|772100
24.735209117877382|773100
24.735209117877382|774100
24.735209117877382|775100
24.735209117877382|776100
24.735209117877382|777100
24.735209117877382|778100
24.735209117877382|779100
24.735209117877382|780100
24.735209117877382|781100
24.735209117877382|782100
24.735209117877382|783100
24.735209117877382|784100
24.735209117877382|785100
24.735209117877382|786100
24.735209117877382|787100
24.735209117877382|788100
24.735209117877382|789100
24.735209117877382|790100
24.735209117877382|791100
24.735209117877382|792100
24.735209117877382|793100
24.735209117877382|794100
24.735209117877382|795100
24.735209117877382|796100
24.735209117877382|797100
24.735209117877382|798100
24.735209117877382|799100
24.735209117877382|800100
24.735209117877382|801100
24.735209117877382|802100
24.735209117877382|803100
24.735209117877382|804100
24.735209117877382|805100
24.735209117877382|806100
24.735209117877382|807100
24.735209117877382|808100
24.735209117877382|809100
24.735209117877382|810100
24.735209117877382|811100
24.735209117877382|812100
24.735209117877382|813100
24.735209117877382|814100
24.735209117877382|815100
24.735209117877382|816100
24.735209117877382|817100
24.735209117877382|818100
24.735209117877382|819100
24.735209117877382|820100
24.735209117877382|821100
24.735209117877382|822100
24.735209117877382|823100
24.735209117877382|824100
24.735209117877382|825100
24.735209117877382|826100
24.735209117877382|827100
24.735209117877382|828100
24.735209117877382|829100
24.735209117877382|830100
24.735209117877382|831100
24.735209117877382|832100
24.735209117877382|833100
24.735209117877382|834100
24.735209117877382|835100
24.735209117877382|836100
24.735209117877382|837100
24.735209117877382|838100
24.735209117877382|839100
24.735209117877382|840100
24.735209117877382|841100
24.735209117877382|842100
24.735209117877382|843100
24.735209117877382|844100
24.735209117877382|845100
24.735209117877382|846100
24.735209117877382|847100
24.735209117877382|848100
24.735209117877382|849100
24.735209117877382|850100
24.735209117877382|851100
24.735209117877382|852100
24.735209117877382|853100
24.735209117877382|854100
24.735209117877382|855100
24.735209117877382|856100
24.735209117877382|857100
24.735209117877382|858100
24.735209117877382|859100
24.735209117877382|860100
24.735209117877382|861100
24.735209117877382|862100
24.735209117877382|863100
24.735209117877382|864100
24.735209117877382|865100
24.735209117877382|866100
24.735209117877382|867100
24.735209117877382|868100
24.735209117877382|869100
24.735209117877382|870100
24.735209117877382|871100
24.735209117877382|872100
24.735209117877382|873100
24.735209117877382|874100
24.735209117877382|875100
24.735209117877382|876100
24.735209117877382|877100
24.735209117877382|878100
24.735209117877382|879100
24.735209117877382|880100
24.735209117877382|881100
24.735209117877382|882100
24.735209117877382|883100
24.735209117877382|884100
24.735209117877382|885100
24.735209117877382|886100
24.735209117877382|887100
24.735209117877382|888100
24.735209117877382|889100
24.735209117877382|890100
24.735209117877382|891100
24.735209117877382|892100
24.735209117877382|893100
24.735209117877382|894100
24.735209117877382|895100
24.735209117877382|896100
24.735209117877382|897100
24.735209117877382|898100
24.735209117877382|899100
24.735209117877382|900100
24.735209117877382|901100
24.735209117877382|902100
24.735209117877382|903100
24.735209117877382|904100
24.735209117877382|905100
24.735209117877382|906100
24.735209117877382|907100
24.735209117877382|908100
24.735209117877382|909100
24.735209117877382|910100
24.735209117877382|911100
24.735209117877382|912100
24.735209117877382|913100
24.735209117877382|914100
24.735209117877382|915100
24.735209117877382|916100
24.735209117877382|917100
24.735209117877382|918100
24.735209117877382|919100
24.735209117877382|920100
24.735209117877382|921100
24.735209117877382|922100
24.735209117877382|923100
24.735209117877382|924100
24.735209117877382|925100
24.735209117877382|926100
24.735209117877382|927100
24.735209117877382|928100
24.735209117877382|929100
24.735209117877382|930100
24.735209117877382|931100
24.735209117877382|932100
24.735209117877382|933100
24.735209117877382|934100
24.735209117877382|935100
24.735209117877382|936100
24.735209117877382|937100
24.735209117877382|938100
24.735209117877382|939100
24.735209117877382|940100
24.735209117877382|941100
24.735209117877382|942100
24.735209117877382|943100
24.735209117877382|944100
24.735209117877382|945100
24.735209117877382|946100
24.735209117877382|947100
24.735209117877382|948100
24.735209117877382|949100
24.735209117877382|950100
24.735209117877382|951100
24.735209117877382|952100
24.735209117877382|953100
24.735209117877382|954100
24.735209117877382|955100
24.735209117877382|956100
24.735209117877382|957100
24.735209117877382|958100
24.735209117877382|959100
24.735209117877382|960100
24.735209117877382|961100
24.735209117877382|962100
24.735209117877382|963100
24.735209117877382|964100
24.735209117877382|965100
24.735209117877382|966100
24.735209117877382|967100
24.735209117877382|968100
24.735209117877382|969100
24.735209117877382|970100
24.735209117877382|971100
24.735209117877382|972100
24.735209117877382|973100
24.735209117877382|974100
24.735209117877382|975100
24.735209117877382|976100
24.735209117877382|977100
24.735209117877382|978100
24.735209117877382|979100
24.735209117877382|980100
24.735209117877382|981100
24.735209117877382|982100
24.735209117877382|983100
24.735209117877382|984100
24.735209117877382|985100
24.735209117877382|986100
24.735209117877382|987100
24.735209117877382|988100
24.735209117877382|989100
24.735209117877382|990100
24.735209117877382|991100
24.735209117877382|992100
24.735209117877382|993100
24.735209117877382|994100
24.735209117877382|995100
24.735209117877382|996100
24.735209117877382|997100
24.735209117877382|998100
24.735209117877382|999100
24.735209117877382|1000100
