21.08603542558568|2000
21.484891067240103|3000
21.484891067240103|4000
21.484891067240103|5000
21.484891067240103|6000
21.484891067240103|7000
21.78901480670281|8000
21.78901480670281|9000
21.78901480670281|10000
21.78901480670281|11000
21.78901480670281|12000
21.78901480670281|13000
22.07547027148342|14000
22.07547027148342|15000
22.07547027148342|16000
22.07547027148342|17000
22.07547027148342|18000
22.07547027148342|19000
22.07547027148342|20000
22.273786872624925|21000
22.273786872624925|22000
22.273786872624925|23000
22.273786872624925|24000
22.273786872624925|25000
22.273786872624925|26000
22.273786872624925|27000
22.273786872624925|28000
22.273786872624925|29000
22.273786872624925|30000
22.273786872624925|31000
22.273786872624925|32000
22.273786872624925|33000
22.273786872624925|34000
22.273786872624925|35000
22.441633166425923|36000
23.052502138898504|37000
23.052502138898504|38000
23.052502138898504|39000
23.052502138898504|40000
23.052502138898504|41000
23.052502138898504|42000
23.052502138898504|43000
23.052502138898504|44000
23.052502138898504|45000
23.052502138898504|46000
23.052502138898504|47000
23.052502138898504|48000
23.052502138898504|49000
23.052502138898504|50000
23.052502138898504|51000
23.052502138898504|52000
23.052502138898504|53000
23.052502138898504|54000
23.052502138898504|55000
23.052502138898504|56000
23.052502138898504|57000
23.052502138898504|58000
23.052502138898504|59000
23.052502138898504|60000
23.052502138898504|61000
23.052502138898504|62000
23.052502138898504|63000
23.052502138898504|64000
23.052502138898504|65000
23.052502138898504|66000
23.052502138898504|67000
23.052502138898504|68000
23.052502138898504|69000
23.052502138898504|70000
23.052502138898504|71000
23.052502138898504|72000
23.052502138898504|73000
23.052502138898504|74000
23.052502138898504|75000
23.052502138898504|76000
23.052502138898504|77000
23.052502138898504|78000
23.052502138898504|79000
23.052502138898504|80000
23.052502138898504|81000
23.052502138898504|82000
23.052502138898504|83000
23.052502138898504|84000
23.052502138898504|85000
23.052502138898504|86000
23.117758138329474|87000
23.117758138329474|88000
23.117758138329474|89000
23.117758138329474|90000
23.117758138329474|91000
23.117758138329474|92000
23.117758138329474|93000
23.117758138329474|94000
23.117758138329474|95000
23.117758138329474|96000
23.117758138329474|97000
23.117758138329474|98000
23.117758138329474|99000
23.117758138329474|100000
23.117758138329474|101000
23.117758138329474|102000
23.117758138329474|103000
23.117758138329474|104000
23.117758138329474|105000
23.117758138329474|106000
23.117758138329474|107000
23.117758138329474|108000
23.117758138329474|109000
23.117758138329474|110000
23.117758138329474|111000
23.117758138329474|112000
23.117758138329474|113000
23.117758138329474|114000
23.117758138329474|115000
23.117758138329474|116000
23.117758138329474|117000
23.117758138329474|118000
23.117758138329474|119000
23.117758138329474|120000
23.117758138329474|121000
23.203182551902653|122000
23.203182551902653|123000
23.203182551902653|124000
23.203182551902653|125000
23.203182551902653|126000
23.203182551902653|127000
23.203182551902653|128000
23.203182551902653|129000
23.203182551902653|130000
23.203182551902653|131000
23.203182551902653|132000
23.203182551902653|133000
23.203182551902653|134000
23.203182551902653|135000
23.203182551902653|136000
23.203182551902653|137000
23.203182551902653|138000
23.203182551902653|139000
23.203182551902653|140000
23.203182551902653|141000
23.203182551902653|142000
23.203182551902653|143000
23.203182551902653|144000
23.203182551902653|145000
23.203182551902653|146000
23.203182551902653|147000
23.203182551902653|148000
23.203182551902653|149000
23.203182551902653|150000
23.203182551902653|151000
23.203182551902653|152000
23.203182551902653|153000
23.203182551902653|154000
23.203182551902653|155000
23.203182551902653|156000
23.264994027394543|157000
23.264994027394543|158000
23.264994027394543|159000
23.264994027394543|160000
23.264994027394543|161000
23.3359555557425|162000
23.3359555557425|163000
23.3359555557425|164000
23.3359555557425|165000
23.3359555557425|166000
23.3359555557425|167000
23.3359555557425|168000
23.3359555557425|169000
23.3359555557425|170000
23.3359555557425|171000
23.3359555557425|172000
23.3359555557425|173000
23.3359555557425|174000
23.3359555557425|175000
23.3359555557425|176000
23.3359555557425|177000
23.3359555557425|178000
23.3359555557425|179000
23.3359555557425|180000
23.3359555557425|181000
23.3359555557425|182000
23.3359555557425|183000
23.3359555557425|184000
23.3359555557425|185000
23.3359555557425|186000
23.3359555557425|187000
23.3359555557425|188000
23.3359555557425|189000
23.3359555557425|190000
23.3359555557425|191000
23.3359555557425|192000
23.3359555557425|193000
23.3359555557425|194000
23.3359555557425|195000
23.3359555557425|196000
23.3359555557425|197000
23.3359555557425|198000
23.3359555557425|199000
23.3359555557425|200000
23.3359555557425|201000
23.3359555557425|202000
23.3359555557425|203000
23.3359555557425|204000
23.3359555557425|205000
23.3359555557425|206000
23.3359555557425|207000
23.3359555557425|208000
23.3359555557425|209000
23.3359555557425|210000
23.3359555557425|211000
23.3359555557425|212000
23.3359555557425|213000
23.3359555557425|214000
23.3359555557425|215000
23.3359555557425|216000
23.3359555557425|217000
23.3359555557425|218000
23.3359555557425|219000
23.3359555557425|220000
23.3359555557425|221000
23.3359555557425|222000
23.3359555557425|223000
23.3359555557425|224000
23.3359555557425|225000
23.3359555557425|226000
23.3359555557425|227000
23.3359555557425|228000
23.3359555557425|229000
23.3359555557425|230000
23.3359555557425|231000
23.3359555557425|232000
23.3359555557425|233000
23.3359555557425|234000
23.3359555557425|235000
23.3359555557425|236000
23.3359555557425|237000
23.3359555557425|238000
23.3359555557425|239000
23.3359555557425|240000
23.3359555557425|241000
23.3359555557425|242000
23.3359555557425|243000
23.3359555557425|244000
23.3359555557425|245000
23.3359555557425|246000
23.3359555557425|247000
23.3359555557425|248000
23.3359555557425|249000
23.3359555557425|250000
23.3359555557425|251000
23.3359555557425|252000
23.3359555557425|253000
23.3359555557425|254000
23.415417137775332|255000
23.415417137775332|256000
23.415417137775332|257000
23.415417137775332|258000
23.415417137775332|259000
23.415417137775332|260000
23.415417137775332|261000
23.415417137775332|262000
23.415417137775332|263000
23.415417137775332|264000
23.415417137775332|265000
23.415417137775332|266000
23.415417137775332|267000
23.415417137775332|268000
23.415417137775332|269000
23.415417137775332|270000
23.415417137775332|271000
23.415417137775332|272000
23.415417137775332|273000
23.415417137775332|274000
23.415417137775332|275000
23.415417137775332|276000
23.415417137775332|277000
23.415417137775332|278000
23.415417137775332|279000
23.415417137775332|280000
23.415417137775332|281000
23.415417137775332|282000
23.415417137775332|283000
23.415417137775332|284000
23.415417137775332|285000
23.415417137775332|286000
23.415417137775332|287000
23.415417137775332|288000
23.415417137775332|289000
23.415417137775332|290000
23.415417137775332|291000
23.415417137775332|292000
23.415417137775332|293000
23.415417137775332|294000
23.415417137775332|295000
23.415417137775332|296000
23.415417137775332|297000
23.415417137775332|298000
23.415417137775332|299000
23.415417137775332|300000
23.415417137775332|301000
23.415417137775332|302000
23.415417137775332|303000
23.415417137775332|304000
23.415417137775332|305000
23.415417137775332|306000
23.415417137775332|307000
23.415417137775332|308000
23.415417137775332|309000
23.415417137775332|310000
23.415417137775332|311000
23.415417137775332|312000
23.415417137775332|313000
23.415417137775332|314000
23.415417137775332|315000
23.415417137775332|316000
23.415417137775332|317000
23.415417137775332|318000
23.415417137775332|319000
23.415417137775332|320000
23.415417137775332|321000
23.415417137775332|322000
23.415417137775332|323000
23.415417137775332|324000
23.415417137775332|325000
23.53979214250686|326000
23.53979214250686|327000
23.53979214250686|328000
23.53979214250686|329000
23.53979214250686|330000
23.53979214250686|331000
23.53979214250686|332000
23.53979214250686|333000
23.53979214250686|334000
23.53979214250686|335000
23.53979214250686|336000
23.53979214250686|337000
23.53979214250686|338000
23.53979214250686|339000
23.53979214250686|340000
23.53979214250686|341000
23.53979214250686|342000
23.53979214250686|343000
23.53979214250686|344000
23.53979214250686|345000
23.53979214250686|346000
23.53979214250686|347000
23.53979214250686|348000
23.53979214250686|349000
23.53979214250686|350000
23.53979214250686|351000
23.53979214250686|352000
23.53979214250686|353000
23.53979214250686|354000
23.53979214250686|355000
23.53979214250686|356000
23.53979214250686|357000
23.53979214250686|358000
23.53979214250686|359000
23.53979214250686|360000
23.53979214250686|361000
23.53979214250686|362000
23.53979214250686|363000
23.53979214250686|364000
23.53979214250686|365000
23.53979214250686|366000
23.53979214250686|367000
23.53979214250686|368000
23.53979214250686|369000
23.53979214250686|370000
23.53979214250686|371000
23.53979214250686|372000
23.53979214250686|373000
23.53979214250686|374000
23.53979214250686|375000
23.53979214250686|376000
23.53979214250686|377000
23.53979214250686|378000
23.53979214250686|379000
23.72632216238257|380000
23.72632216238257|381000
23.72632216238257|382000
23.72632216238257|383000
23.72632216238257|384000
23.72632216238257|385000
23.72632216238257|386000
23.72632216238257|387000
23.72632216238257|388000
23.72632216238257|389000
23.72632216238257|390000
23.72632216238257|391000
23.72632216238257|392000
23.72632216238257|393000
23.72632216238257|394000
23.72632216238257|395000
23.72632216238257|396000
23.72632216238257|397000
23.72632216238257|398000
23.72632216238257|399000
23.72632216238257|400000
23.72632216238257|401000
23.72632216238257|402000
23.72632216238257|403000
23.72632216238257|404000
23.72632216238257|405000
23.72632216238257|406000
23.72632216238257|407000
23.72632216238257|408000
23.72632216238257|409000
23.72632216238257|410000
23.72632216238257|411000
23.72632216238257|412000
23.72632216238257|413000
23.72632216238257|414000
23.72632216238257|415000
23.72632216238257|416000
23.72632216238257|417000
23.72632216238257|418000
23.72632216238257|419000
23.72632216238257|420000
23.72632216238257|421000
23.72632216238257|422000
23.72632216238257|423000
23.72632216238257|424000
23.72632216238257|425000
23.72632216238257|426000
23.72632216238257|427000
23.72632216238257|428000
23.72632216238257|429000
23.72632216238257|430000
23.72632216238257|431000
23.72632216238257|432000
23.72632216238257|433000
23.72632216238257|434000
23.72632216238257|435000
23.72632216238257|436000
23.72632216238257|437000
23.72632216238257|438000
23.72632216238257|439000
23.72632216238257|440000
23.72632216238257|441000
23.72632216238257|442000
23.72632216238257|443000
23.72632216238257|444000
23.72632216238257|445000
23.72632216238257|446000
23.72632216238257|447000
23.72632216238257|448000
23.72632216238257|449000
23.72632216238257|450000
23.72632216238257|451000
23.72632216238257|452000
23.72632216238257|453000
23.72632216238257|454000
23.72632216238257|455000
23.72632216238257|456000
23.72632216238257|457000
23.72632216238257|458000
23.72632216238257|459000
23.72632216238257|460000
23.72632216238257|461000
23.72632216238257|462000
23.72632216238257|463000
23.72632216238257|464000
23.72632216238257|465000
23.72632216238257|466000
23.72632216238257|467000
23.72632216238257|468000
23.72632216238257|469000
23.72632216238257|470000
23.72632216238257|471000
23.72632216238257|472000
23.72632216238257|473000
23.72632216238257|474000
23.72632216238257|475000
23.72632216238257|476000
23.72632216238257|477000
23.72632216238257|478000
23.72632216238257|479000
23.72632216238257|480000
23.72632216238257|481000
23.72632216238257|482000
23.72632216238257|483000
23.72632216238257|484000
23.72632216238257|485000
23.72632216238257|486000
23.72632216238257|487000
23.72632216238257|488000
23.72632216238257|489000
23.72632216238257|490000
23.72632216238257|491000
23.72632216238257|492000
23.72632216238257|493000
23.74870957850205|494000
23.74870957850205|495000
23.74870957850205|496000
23.74870957850205|497000
23.74870957850205|498000
23.74870957850205|499000
23.74870957850205|500000
23.74870957850205|501000
23.74870957850205|502000
23.74870957850205|503000
23.74870957850205|504000
23.74870957850205|505000
23.74870957850205|506000
23.74870957850205|507000
23.74870957850205|508000
23.74870957850205|509000
23.74870957850205|510000
23.74870957850205|511000
23.74870957850205|512000
23.74870957850205|513000
23.74870957850205|514000
23.74870957850205|515000
23.74870957850205|516000
23.74870957850205|517000
23.74870957850205|518000
23.74870957850205|519000
23.74870957850205|520000
23.74870957850205|521000
23.74870957850205|522000
23.74870957850205|523000
23.74870957850205|524000
23.74870957850205|525000
23.74870957850205|526000
23.74870957850205|527000
23.74870957850205|528000
23.74870957850205|529000
23.74870957850205|530000
23.74870957850205|531000
23.74870957850205|532000
23.74870957850205|533000
23.74870957850205|534000
23.74870957850205|535000
23.74870957850205|536000
23.74870957850205|537000
23.74870957850205|538000
23.74870957850205|539000
23.74870957850205|540000
23.74870957850205|541000
23.74870957850205|542000
23.74870957850205|543000
23.74870957850205|544000
23.74870957850205|545000
23.74870957850205|546000
23.74870957850205|547000
23.74870957850205|548000
23.74870957850205|549000
23.74870957850205|550000
23.74870957850205|551000
23.74870957850205|552000
23.74870957850205|553000
23.74870957850205|554000
23.74870957850205|555000
23.74870957850205|556000
23.74870957850205|557000
23.74870957850205|558000
23.74870957850205|559000
23.74870957850205|560000
23.74870957850205|561000
23.74870957850205|562000
23.74870957850205|563000
23.74870957850205|564000
23.74870957850205|565000
23.74870957850205|566000
23.74870957850205|567000
23.765706976066003|568000
23.765706976066003|569000
23.765706976066003|570000
23.765706976066003|571000
23.765706976066003|572000
23.765706976066003|573000
23.765706976066003|574000
23.765706976066003|575000
23.765706976066003|576000
23.765706976066003|577000
23.765706976066003|578000
23.765706976066003|579000
23.765706976066003|580000
23.765706976066003|581000
23.765706976066003|582000
23.765706976066003|583000
23.765706976066003|584000
23.765706976066003|585000
23.765706976066003|586000
23.765706976066003|587000
23.765706976066003|588000
23.765706976066003|589000
23.765706976066003|590000
23.765706976066003|591000
23.765706976066003|592000
23.765706976066003|593000
23.765706976066003|594000
23.765706976066003|595000
23.765706976066003|596000
23.765706976066003|597000
23.765706976066003|598000
23.765706976066003|599000
23.765706976066003|600000
23.765706976066003|601000
23.765706976066003|602000
23.765706976066003|603000
23.765706976066003|604000
23.765706976066003|605000
23.765706976066003|606000
23.765706976066003|607000
23.765706976066003|608000
23.765706976066003|609000
23.765706976066003|610000
23.765706976066003|611000
23.765706976066003|612000
23.765706976066003|613000
23.765706976066003|614000
23.765706976066003|615000
23.765706976066003|616000
23.765706976066003|617000
23.765706976066003|618000
23.765706976066003|619000
23.765706976066003|620000
23.77270888833716|621000
23.77270888833716|622000
23.77270888833716|623000
23.77270888833716|624000
23.77270888833716|625000
23.77270888833716|626000
23.77270888833716|627000
23.77270888833716|628000
23.77270888833716|629000
23.77270888833716|630000
23.77270888833716|631000
23.77270888833716|632000
23.783816752809287|633000
23.783816752809287|634000
23.784622855560993|635000
23.784622855560993|636000
23.784622855560993|637000
23.784622855560993|638000
23.784622855560993|639000
24.049908341925786|640000
24.049908341925786|641000
24.049908341925786|642000
24.049908341925786|643000
24.049908341925786|644000
24.049908341925786|645000
24.049908341925786|646000
24.049908341925786|647000
24.049908341925786|648000
24.049908341925786|649000
24.049908341925786|650000
24.07107200501022|651000
24.07107200501022|652000
24.07107200501022|653000
24.07107200501022|654000
24.07107200501022|655000
24.07107200501022|656000
24.07107200501022|657000
24.07107200501022|658000
24.07107200501022|659000
24.07107200501022|660000
24.07107200501022|661000
24.07107200501022|662000
24.07107200501022|663000
24.07107200501022|664000
24.07107200501022|665000
24.07107200501022|666000
24.07107200501022|667000
24.07107200501022|668000
24.07107200501022|669000
24.07107200501022|670000
24.07107200501022|671000
24.07107200501022|672000
24.07107200501022|673000
24.07107200501022|674000
24.093513710238135|675000
24.093513710238135|676000
24.093513710238135|677000
24.093513710238135|678000
24.093513710238135|679000
24.093513710238135|680000
24.093513710238135|681000
24.093513710238135|682000
24.093513710238135|683000
24.098255289724815|684000
24.137998246891673|685000
24.137998246891673|686000
24.137998246891673|687000
24.137998246891673|688000
24.173209141574247|689000
24.195243178665606|690000
24.195243178665606|691000
24.195243178665606|692000
24.195243178665606|693000
24.208610801752528|694000
24.208610801752528|695000
24.208610801752528|696000
24.239618309796345|697000
24.27637438203431|698000
24.27637438203431|699000
24.27637438203431|700000
24.27637438203431|701000
24.27637438203431|702000
24.27637438203431|703000
24.27637438203431|704000
24.27637438203431|705000
24.27637438203431|706000
24.27637438203431|707000
24.27637438203431|708000
24.30038614382104|709000
24.301800585253254|710000
24.334693479399736|711000
24.334693479399736|712000
24.409275599934265|713000
24.409275599934265|714000
24.409275599934265|715000
24.409275599934265|716000
24.409275599934265|717000
24.409275599934265|718000
24.409275599934265|719000
24.409275599934265|720000
24.409275599934265|721000
24.409275599934265|722000
24.409275599934265|723000
24.409275599934265|724000
24.409275599934265|725000
24.409275599934265|726000
24.409275599934265|727000
24.409275599934265|728000
24.409275599934265|729000
24.409275599934265|730000
24.435450793498944|731000
24.435450793498944|732000
24.435450793498944|733000
24.435450793498944|734000
24.435450793498944|735000
24.435450793498944|736000
24.435450793498944|737000
24.435450793498944|738000
24.435450793498944|739000
24.435450793498944|740000
24.435450793498944|741000
24.435450793498944|742000
24.435450793498944|743000
24.435450793498944|744000
24.435450793498944|745000
24.435450793498944|746000
24.435450793498944|747000
24.435450793498944|748000
24.465642441874206|749000
24.465642441874206|750000
24.465642441874206|751000
24.465642441874206|752000
24.465642441874206|753000
24.465642441874206|754000
24.465642441874206|755000
24.465642441874206|756000
24.47059471426593|757000
24.47059471426593|758000
24.47059471426593|759000
24.47059471426593|760000
24.47059471426593|761000
24.47059471426593|762000
24.47059471426593|763000
24.48344414270304|764000
24.48344414270304|765000
24.48344414270304|766000
24.48344414270304|767000
24.48344414270304|768000
24.48344414270304|769000
24.485710926554827|770000
24.485710926554827|771000
24.48736513756088|772000
24.515506966640853|773000
24.515506966640853|774000
24.515506966640853|775000
24.515506966640853|776000
24.515506966640853|777000
24.515506966640853|778000
24.515506966640853|779000
24.515506966640853|780000
24.525695484219774|781000
24.525695484219774|782000
24.525695484219774|783000
24.525695484219774|784000
24.525695484219774|785000
24.525695484219774|786000
24.525695484219774|787000
24.525695484219774|788000
24.52641186532655|789000
24.530414125989203|790000
24.530414125989203|791000
24.530414125989203|792000
24.530414125989203|793000
24.53493312300143|794000
24.55372319399703|795000
24.55372319399703|796000
24.55372319399703|797000
24.55372319399703|798000
24.55372319399703|799000
24.55372319399703|800000
24.55372319399703|801000
24.55372319399703|802000
24.55372319399703|803000
24.55372319399703|804000
24.55372319399703|805000
24.55372319399703|806000
24.55372319399703|807000
24.55372319399703|808000
24.58346703825244|809000
24.58346703825244|810000
24.59724210565744|811000
24.59724210565744|812000
24.59724210565744|813000
24.59724210565744|814000
24.59724210565744|815000
24.59979874682475|816000
24.59979874682475|817000
24.59979874682475|818000
24.59979874682475|819000
24.59979874682475|820000
24.59979874682475|821000
24.59979874682475|822000
24.59979874682475|823000
24.59979874682475|824000
24.59979874682475|825000
24.59979874682475|826000
24.59979874682475|827000
24.59979874682475|828000
24.59979874682475|829000
24.59979874682475|830000
24.60329228052565|831000
24.60329228052565|832000
24.60329228052565|833000
24.60329228052565|834000
24.60329228052565|835000
24.60329228052565|836000
24.60329228052565|837000
24.60329228052565|838000
24.60329228052565|839000
24.60329228052565|840000
24.60329228052565|841000
24.60329228052565|842000
24.60575541386264|843000
24.636120605252096|844000
24.636120605252096|845000
24.636120605252096|846000
24.636120605252096|847000
24.636120605252096|848000
24.636120605252096|849000
24.636120605252096|850000
24.636120605252096|851000
24.636120605252096|852000
24.636120605252096|853000
24.636120605252096|854000
24.636120605252096|855000
24.636120605252096|856000
24.636120605252096|857000
24.636120605252096|858000
24.636120605252096|859000
24.636120605252096|860000
24.636120605252096|861000
24.636120605252096|862000
24.636120605252096|863000
24.636120605252096|864000
24.636120605252096|865000
24.636120605252096|866000
24.636120605252096|867000
24.636120605252096|868000
24.636120605252096|869000
24.636120605252096|870000
24.636120605252096|871000
24.636656248637127|872000
24.636656248637127|873000
24.636656248637127|874000
24.636656248637127|875000
24.636656248637127|876000
24.636656248637127|877000
24.636656248637127|878000
24.636656248637127|879000
24.636656248637127|880000
24.636656248637127|881000
24.636656248637127|882000
24.636656248637127|883000
24.636656248637127|884000
24.636656248637127|885000
24.636656248637127|886000
24.64397031400341|887000
24.64397031400341|888000
24.64397031400341|889000
24.64397031400341|890000
24.64397031400341|891000
24.64397031400341|892000
24.64397031400341|893000
24.653040088551784|894000
24.653040088551784|895000
24.653040088551784|896000
24.653040088551784|897000
24.653040088551784|898000
24.653040088551784|899000
24.653040088551784|900000
24.653040088551784|901000
24.657003788771032|902000
24.657003788771032|903000
24.657003788771032|904000
24.657003788771032|905000
24.657003788771032|906000
24.657003788771032|907000
24.657003788771032|908000
24.657003788771032|909000
24.657003788771032|910000
24.657003788771032|911000
24.657003788771032|912000
24.657003788771032|913000
24.657003788771032|914000
24.657003788771032|915000
24.657003788771032|916000
24.657003788771032|917000
24.657003788771032|918000
24.657003788771032|919000
24.657003788771032|920000
24.668008702845682|921000
24.668008702845682|922000
24.668008702845682|923000
24.668008702845682|924000
24.668008702845682|925000
24.668008702845682|926000
24.668008702845682|927000
24.668008702845682|928000
24.668008702845682|929000
24.668008702845682|930000
24.668008702845682|931000
24.668008702845682|932000
24.668008702845682|933000
24.668008702845682|934000
24.668008702845682|935000
24.668008702845682|936000
24.668008702845682|937000
24.668008702845682|938000
24.670482719582377|939000
24.670482719582377|940000
24.670482719582377|941000
24.670482719582377|942000
24.670482719582377|943000
24.670482719582377|944000
24.670482719582377|945000
24.670482719582377|946000
24.670482719582377|947000
24.673212536194804|948000
24.673212536194804|949000
24.673212536194804|950000
24.673212536194804|951000
24.673212536194804|952000
24.673212536194804|953000
24.675361653613823|954000
24.675361653613823|955000
24.67637830651143|956000
24.67637830651143|957000
24.67637830651143|958000
24.67637830651143|959000
24.67637830651143|960000
24.67637830651143|961000
24.676891297853132|962000
24.67804249575223|963000
24.67804249575223|964000
24.67804249575223|965000
24.67804249575223|966000
24.6790620431391|967000
24.6790620431391|968000
24.679929711440668|969000
24.679929711440668|970000
24.679929711440668|971000
24.679929711440668|972000
24.679929711440668|973000
24.679929711440668|974000
24.691895701926033|975000
24.691895701926033|976000
24.691895701926033|977000
24.691895701926033|978000
24.691895701926033|979000
24.691895701926033|980000
24.691895701926033|981000
24.691895701926033|982000
24.691895701926033|983000
24.691895701926033|984000
24.691895701926033|985000
24.691895701926033|986000
24.691895701926033|987000
24.691895701926033|988000
24.691895701926033|989000
24.691895701926033|990000
24.691895701926033|991000
24.691895701926033|992000
24.693139454960388|993000
24.693139454960388|994000
24.693139454960388|995000
24.693139454960388|996000
24.693139454960388|997000
24.693139454960388|998000
24.693139454960388|999000
24.693139454960388|1000000
