24.090935173318165|1010
13.1839152245401|2010
12.137750551164409|3010
10.544925866372|4010
9.879236871983704|5010
9.143375863389466|6010
8.607878088934342|7010
8.249971825096578|8010
7.989415388384035|9010
7.654445975431927|10010
7.47555508492698|11010
7.34153953014266|12010
7.309562073277741|13010
7.2560493283766|14010
7.2560493283766|15010
7.194571223130706|16010
7.182477151538619|17010
7.182477151538619|18010
7.182477151538619|19010
7.182477151538619|20010
7.182477151538619|21010
7.182477151538619|22010
7.182477151538619|23010
7.182477151538619|24010
7.182477151538619|25010
7.108443317953366|26010
7.058626649846114|27010
6.943838983187137|28010
6.943838983187137|29010
6.943838983187137|30010
6.943838983187137|31010
6.943838983187137|32010
6.943838983187137|33010
6.943838983187137|34010
6.943838983187137|35010
6.943838983187137|36010
6.943838983187137|37010
6.943838983187137|38010
6.943838983187137|39010
6.943838983187137|40010
6.943838983187137|41010
6.943838983187137|42010
6.9438389831871365|43010
6.9438389831871365|44010
6.9438389831871365|45010
6.9438389831871365|46010
6.9438389831871365|47010
6.9438389831871365|48010
6.9438389831871365|49010
6.9438389831871365|50010
6.9438389831871365|51010
6.9438389831871365|52010
6.9438389831871365|53010
6.9438389831871365|54010
6.9438389831871365|55010
6.9438389831871365|56010
6.9438389831871365|57010
6.9438389831871365|58010
6.9438389831871365|59010
6.9438389831871365|60010
6.9438389831871365|61010
6.9438389831871365|62010
6.9438389831871365|63010
6.9438389831871365|64010
6.9438389831871365|65010
6.9438389831871365|66010
6.9438389831871365|67010
6.9438389831871365|68010
6.9438389831871365|69010
6.9438389831871365|70010
6.9438389831871365|71010
6.9438389831871365|72010
6.9438389831871365|73010
6.9438389831871365|74010
6.9438389831871365|75010
6.9438389831871365|76010
6.9438389831871365|77010
6.9438389831871365|78010
6.9438389831871365|79010
6.9438389831871365|80010
6.9438389831871365|81010
6.9438389831871365|82010
6.9438389831871365|83010
6.9438389831871365|84010
6.9438389831871365|85010
6.9438389831871365|86010
6.9438389831871365|87010
6.9438389831871365|88010
6.9438389831871365|89010
6.9438389831871365|90010
6.9438389831871365|91010
6.9438389831871365|92010
6.9438389831871365|93010
6.9438389831871365|94010
6.861800433379701|95010
6.750266357415411|96010
6.563107938801686|97010
6.563107938801686|98010
6.563107938801686|99010
6.563107938801686|100010
6.44833160723966|101010
6.44833160723966|102010
6.44833160723966|103010
6.433262685462763|104010
6.433262685462763|105010
6.433262685462763|106010
6.433262685462763|107010
6.433262685462763|108010
6.433262685462763|109010
6.433262685462763|110010
6.433262685462763|111010
6.433262685462763|112010
6.433262685462763|113010
6.433262685462763|114010
6.390489905793835|115010
6.390489905793835|116010
6.390489905793835|117010
6.390489905793835|118010
6.390489905793835|119010
6.390489905793835|120010
6.390489905793835|121010
6.359950766816902|122010
6.326591233626718|123010
6.326591233626718|124010
6.318037347322444|125010
6.318037347322444|126010
6.318037347322444|127010
6.186799467875549|128010
6.186799467875549|129010
6.186799467875549|130010
6.186799467875549|131010
6.186799467875549|132010
6.186799467875549|133010
6.186799467875549|134010
6.186799467875549|135010
6.186799467875549|136010
6.186799467875549|137010
6.186799467875549|138010
6.186799467875549|139010
6.186799467875549|140010
6.186799467875549|141010
6.186799467875549|142010
6.186799467875549|143010
6.186799467875549|144010
6.186799467875549|145010
6.186799467875549|146010
6.186799467875549|147010
6.186799467875549|148010
6.186799467875549|149010
6.186799467875549|150010
6.186799467875549|151010
6.186799467875549|152010
6.186799467875549|153010
6.186799467875549|154010
6.186799467875549|155010
6.186799467875549|156010
6.186799467875549|157010
6.186799467875549|158010
6.186799467875549|159010
6.186799467875549|160010
6.186799467875549|161010
6.186799467875549|162010
6.186799467875549|163010
6.186799467875549|164010
6.186799467875549|165010
6.186799467875549|166010
6.186799467875549|167010
6.186799467875549|168010
6.186799467875549|169010
6.186799467875549|170010
6.186799467875549|171010
6.186799467875549|172010
6.186799467875549|173010
6.186799467875549|174010
6.186799467875549|175010
6.186799467875549|176010
6.186799467875549|177010
6.186799467875549|178010
6.186799467875549|179010
6.186799467875549|180010
6.186799467875549|181010
6.186799467875549|182010
6.186799467875549|183010
6.186799467875549|184010
6.186799467875549|185010
6.186799467875549|186010
6.186799467875549|187010
6.186799467875549|188010
6.186799467875549|189010
6.186799467875549|190010
6.186799467875549|191010
6.186799467875549|192010
6.186799467875549|193010
6.186799467875549|194010
6.186799467875549|195010
6.186799467875549|196010
6.186799467875549|197010
6.186799467875549|198010
6.186799467875549|199010
6.186799467875549|200010
6.186799467875549|201010
6.186799467875549|202010
6.186799467875549|203010
6.186799467875549|204010
6.186799467875549|205010
6.186799467875549|206010
6.186799467875549|207010
6.186799467875549|208010
6.186799467875549|209010
6.186799467875549|210010
6.186799467875549|211010
6.186799467875549|212010
6.186799467875549|213010
6.186799467875549|214010
6.186799467875549|215010
6.186799467875549|216010
6.186799467875549|217010
6.186799467875549|218010
6.186799467875549|219010
6.186799467875549|220010
6.186799467875549|221010
6.186799467875549|222010
6.186799467875549|223010
6.186799467875549|224010
6.186799467875549|225010
6.186799467875549|226010
6.186799467875549|227010
6.186799467875549|228010
6.186799467875549|229010
6.186799467875549|230010
6.186799467875549|231010
6.186799467875549|232010
6.186799467875549|233010
6.186799467875549|234010
6.186799467875549|235010
6.186799467875549|236010
6.186799467875549|237010
6.186799467875549|238010
6.186799467875549|239010
6.186799467875549|240010
6.186799467875549|241010
6.186799467875549|242010
6.186799467875549|243010
6.186799467875549|244010
6.186799467875549|245010
6.186799467875549|246010
6.186799467875549|247010
6.186799467875549|248010
6.186799467875549|249010
6.186799467875549|250010
6.186799467875549|251010
6.186799467875549|252010
6.186799467875549|253010
6.186799467875549|254010
6.186799467875549|255010
6.186799467875549|256010
6.186799467875549|257010
6.186799467875549|258010
6.186799467875549|259010
6.186799467875549|260010
6.186799467875549|261010
6.186799467875549|262010
6.186799467875549|263010
6.186799467875549|264010
6.186799467875549|265010
6.186799467875549|266010
6.186799467875549|267010
6.077207909858698|268010
6.024754603316033|269010
6.003664350323886|270010
6.003664350323886|271010
6.003664350323886|272010
6.003664350323886|273010
6.003664350323886|274010
6.003664350323886|275010
6.003664350323885|276010
6.003664350323885|277010
6.003664350323885|278010
6.003664350323885|279010
6.003664350323885|280010
6.003664350323885|281010
6.003664350323885|282010
6.003664350323885|283010
6.003664350323885|284010
6.003664350323885|285010
6.003664350323885|286010
6.003664350323885|287010
6.003664350323885|288010
6.003664350323885|289010
6.003664350323885|290010
6.003664350323885|291010
6.003664350323885|292010
6.003664350323885|293010
6.003664350323885|294010
6.003664350323885|295010
6.003664350323885|296010
6.003664350323885|297010
6.003664350323885|298010
6.003664350323885|299010
6.003664350323885|300010
6.003664350323885|301010
6.003664350323885|302010
6.003664350323885|303010
6.003664350323885|304010
6.003664350323885|305010
6.003664350323885|306010
6.003664350323885|307010
6.003664350323885|308010
6.003664350323885|309010
6.003664350323885|310010
6.003664350323885|311010
6.003664350323885|312010
6.003664350323885|313010
6.003664350323885|314010
6.003664350323885|315010
6.003664350323885|316010
6.003664350323885|317010
6.003664350323885|318010
6.003664350323885|319010
6.003664350323885|320010
6.003664350323885|321010
6.003664350323885|322010
6.003664350323885|323010
6.003664350323885|324010
6.003664350323885|325010
6.003664350323885|326010
6.003664350323885|327010
6.003664350323885|328010
6.003664350323885|329010
6.003664350323885|330010
6.003664350323885|331010
6.003664350323885|332010
6.003664350323885|333010
6.003664350323885|334010
6.003664350323885|335010
6.003664350323885|336010
6.003664350323885|337010
6.003664350323885|338010
6.003664350323885|339010
6.003664350323885|340010
6.003664350323885|341010
6.003664350323885|342010
6.003664350323885|343010
6.003664350323885|344010
6.003664350323885|345010
6.003664350323885|346010
6.003664350323885|347010
6.003664350323885|348010
6.003664350323885|349010
6.003664350323885|350010
6.003664350323885|351010
6.003664350323885|352010
6.003664350323885|353010
6.003664350323885|354010
6.003664350323885|355010
6.003664350323885|356010
6.003664350323885|357010
6.003664350323885|358010
6.003664350323885|359010
6.003664350323885|360010
6.003664350323885|361010
6.003664350323885|362010
6.003664350323885|363010
6.003664350323885|364010
6.003664350323885|365010
6.003664350323885|366010
6.003664350323885|367010
6.003664350323885|368010
6.003664350323885|369010
6.003664350323885|370010
6.003664350323885|371010
6.003664350323885|372010
6.003664350323885|373010
6.003664350323885|374010
6.003664350323885|375010
6.003664350323885|376010
6.003664350323885|377010
6.003664350323885|378010
6.003664350323885|379010
6.003664350323885|380010
6.003664350323885|381010
6.003664350323885|382010
6.003664350323885|383010
6.003664350323885|384010
6.003664350323885|385010
6.003664350323885|386010
6.003664350323885|387010
6.003664350323885|388010
6.003664350323885|389010
6.003664350323885|390010
6.003664350323885|391010
6.003664350323885|392010
6.003664350323885|393010
6.003664350323885|394010
6.003664350323885|395010
6.003664350323885|396010
6.003664350323885|397010
6.003664350323885|398010
6.003664350323885|399010
6.003664350323885|400010
6.003664350323885|401010
6.003664350323885|402010
6.003664350323885|403010
6.003664350323885|404010
6.003664350323885|405010
6.003664350323885|406010
6.003664350323885|407010
6.003664350323885|408010
6.003664350323885|409010
6.003664350323885|410010
6.003664350323885|411010
6.003664350323885|412010
6.003664350323885|413010
6.003664350323885|414010
6.003664350323885|415010
6.003664350323885|416010
6.003664350323885|417010
6.003664350323885|418010
6.003664350323885|419010
6.003664350323885|420010
6.003664350323885|421010
6.003664350323885|422010
6.003664350323885|423010
6.003664350323885|424010
6.003664350323885|425010
6.003664350323885|426010
6.003664350323885|427010
6.003664350323885|428010
6.003664350323885|429010
6.003664350323885|430010
6.003664350323885|431010
6.003664350323885|432010
6.003664350323885|433010
6.003664350323885|434010
6.003664350323885|435010
6.003664350323885|436010
6.003664350323885|437010
6.003664350323885|438010
6.003664350323885|439010
6.003664350323885|440010
6.003664350323885|441010
6.003664350323885|442010
6.003664350323885|443010
6.003664350323885|444010
6.003664350323885|445010
6.003664350323885|446010
6.003664350323885|447010
6.003664350323885|448010
6.003664350323885|449010
6.003664350323885|450010
6.003664350323885|451010
6.003664350323885|452010
6.003664350323885|453010
6.003664350323885|454010
6.003664350323885|455010
6.003664350323885|456010
6.003664350323885|457010
6.003664350323885|458010
6.003664350323885|459010
6.003664350323885|460010
6.003664350323885|461010
6.003664350323885|462010
6.003664350323885|463010
6.003664350323885|464010
6.003664350323885|465010
6.003664350323885|466010
6.003664350323885|467010
6.003664350323885|468010
6.003664350323885|469010
6.003664350323885|470010
6.003664350323885|471010
6.003664350323885|472010
6.003664350323885|473010
6.003664350323885|474010
6.003664350323885|475010
6.003664350323885|476010
6.003664350323885|477010
6.003664350323885|478010
6.003664350323885|479010
6.003664350323885|480010
6.003664350323885|481010
6.003664350323885|482010
6.003664350323885|483010
6.003664350323885|484010
6.003664350323885|485010
6.003664350323885|486010
6.003664350323885|487010
6.003664350323885|488010
6.003664350323885|489010
6.003664350323885|490010
6.003664350323885|491010
6.003664350323885|492010
6.003664350323885|493010
6.003664350323885|494010
6.003664350323885|495010
6.003664350323885|496010
6.003664350323885|497010
6.003664350323885|498010
6.003664350323885|499010
6.003664350323885|500010
6.003664350323885|501010
6.003664350323885|502010
6.003664350323885|503010
6.003664350323885|504010
6.003664350323885|505010
6.003664350323885|506010
6.003664350323885|507010
6.003664350323885|508010
6.003664350323885|509010
6.003664350323885|510010
6.003664350323885|511010
6.003664350323885|512010
6.003664350323885|513010
6.003664350323885|514010
6.003664350323885|515010
6.003664350323885|516010
6.003664350323885|517010
6.003664350323885|518010
6.003664350323885|519010
6.003664350323885|520010
6.003664350323885|521010
6.003664350323885|522010
6.003664350323885|523010
6.003664350323885|524010
6.003664350323885|525010
6.003664350323885|526010
6.003664350323885|527010
6.003664350323885|528010
6.003664350323885|529010
6.003664350323885|530010
6.003664350323885|531010
6.003664350323885|532010
6.003664350323885|533010
6.003664350323885|534010
6.003664350323885|535010
6.003664350323885|536010
6.003664350323885|537010
6.003664350323885|538010
6.003664350323885|539010
6.003664350323885|540010
6.003664350323885|541010
6.003664350323885|542010
6.003664350323885|543010
6.003664350323885|544010
6.003664350323885|545010
6.003664350323885|546010
6.003664350323885|547010
6.003664350323885|548010
6.003664350323885|549010
6.003664350323885|550010
6.003664350323885|551010
6.003664350323885|552010
6.003664350323885|553010
6.003664350323885|554010
6.003664350323885|555010
6.003664350323885|556010
6.003664350323885|557010
6.003664350323885|558010
6.003664350323885|559010
6.003664350323885|560010
6.003664350323885|561010
6.003664350323885|562010
6.003664350323885|563010
6.003664350323885|564010
6.003664350323885|565010
6.003664350323885|566010
6.003664350323885|567010
6.003664350323885|568010
6.003664350323885|569010
6.003664350323885|570010
6.003664350323885|571010
6.003664350323885|572010
6.003664350323885|573010
6.003664350323885|574010
6.003664350323885|575010
6.003664350323885|576010
6.003664350323885|577010
6.003664350323885|578010
6.003664350323885|579010
6.003664350323885|580010
6.003664350323885|581010
6.003664350323885|582010
6.003664350323885|583010
6.003664350323885|584010
6.003664350323885|585010
6.003664350323885|586010
6.003664350323885|587010
6.003664350323885|588010
6.003664350323885|589010
6.003664350323885|590010
6.003664350323885|591010
6.003664350323885|592010
6.003664350323885|593010
6.003664350323885|594010
6.003664350323885|595010
6.003664350323885|596010
6.003664350323885|597010
6.003664350323885|598010
6.003664350323885|599010
6.003664350323885|600010
6.003664350323885|601010
6.003664350323885|602010
6.003664350323885|603010
6.003664350323885|604010
6.003664350323885|605010
6.003664350323885|606010
6.003664350323885|607010
6.003664350323885|608010
6.003664350323885|609010
6.003664350323885|610010
6.003664350323885|611010
6.003664350323885|612010
6.003664350323885|613010
6.003664350323885|614010
6.003664350323885|615010
6.003664350323885|616010
6.003664350323885|617010
6.003664350323885|618010
6.003664350323885|619010
6.003664350323885|620010
6.003664350323885|621010
6.003664350323885|622010
6.003664350323885|623010
6.003664350323885|624010
6.003664350323885|625010
6.003664350323885|626010
6.003664350323885|627010
6.003664350323885|628010
6.003664350323885|629010
6.003664350323885|630010
6.003664350323885|631010
6.003664350323885|632010
6.003664350323885|633010
6.003664350323885|634010
6.003664350323885|635010
6.003664350323885|636010
6.003664350323885|637010
6.003664350323885|638010
6.003664350323885|639010
6.003664350323885|640010
6.003664350323885|641010
6.003664350323885|642010
6.003664350323885|643010
6.003664350323885|644010
6.003664350323885|645010
6.003664350323885|646010
6.003664350323885|647010
6.003664350323885|648010
6.003664350323885|649010
6.003664350323885|650010
6.003664350323885|651010
6.003664350323885|652010
6.003664350323885|653010
6.003664350323885|654010
6.003664350323885|655010
6.003664350323885|656010
6.003664350323885|657010
6.003664350323885|658010
6.003664350323885|659010
6.003664350323885|660010
6.003664350323885|661010
6.003664350323885|662010
6.003664350323885|663010
6.003664350323885|664010
6.003664350323885|665010
6.003664350323885|666010
6.003664350323885|667010
6.003664350323885|668010
6.003664350323885|669010
6.003664350323885|670010
6.003664350323885|671010
6.003664350323885|672010
6.003664350323885|673010
6.003664350323885|674010
6.003664350323885|675010
6.003664350323885|676010
6.003664350323885|677010
6.003664350323885|678010
6.003664350323885|679010
6.003664350323885|680010
6.003664350323885|681010
6.003664350323885|682010
6.003664350323885|683010
6.003664350323885|684010
6.003664350323885|685010
6.003664350323885|686010
6.003664350323885|687010
6.003664350323885|688010
6.003664350323885|689010
6.003664350323885|690010
6.003664350323885|691010
6.003664350323885|692010
6.003664350323885|693010
6.003664350323885|694010
6.003664350323885|695010
6.003664350323885|696010
6.003664350323885|697010
6.003664350323885|698010
6.003664350323885|699010
6.003664350323885|700010
6.003664350323885|701010
6.003664350323885|702010
6.003664350323885|703010
6.003664350323885|704010
6.003664350323885|705010
6.003664350323885|706010
6.003664350323885|707010
6.003664350323885|708010
6.003664350323885|709010
6.003664350323885|710010
6.003664350323885|711010
6.003664350323885|712010
6.003664350323885|713010
6.003664350323885|714010
6.003664350323885|715010
6.003664350323885|716010
6.003664350323885|717010
6.003664350323885|718010
6.003664350323885|719010
6.003664350323885|720010
6.003664350323885|721010
6.003664350323885|722010
6.003664350323885|723010
6.003664350323885|724010
6.003664350323885|725010
6.003664350323885|726010
6.003664350323885|727010
6.003664350323885|728010
6.003664350323885|729010
6.003664350323885|730010
6.003664350323885|731010
6.003664350323885|732010
6.003664350323885|733010
6.003664350323885|734010
6.003664350323885|735010
6.003664350323885|736010
6.003664350323885|737010
6.003664350323885|738010
6.003664350323885|739010
6.003664350323885|740010
6.003664350323885|741010
6.003664350323885|742010
6.003664350323885|743010
6.002852977340791|744010
6.002852977340791|745010
6.002852977340791|746010
6.002852977340791|747010
6.002852977340791|748010
6.002852977340791|749010
6.002852977340791|750010
6.002852977340791|751010
6.002852977340791|752010
6.002852977340791|753010
6.002852977340791|754010
6.002852977340791|755010
6.002852977340791|756010
6.002852977340791|757010
6.002852977340791|758010
6.002852977340791|759010
6.002852977340791|760010
6.00285297734079|761010
6.00285297734079|762010
6.00285297734079|763010
6.00285297734079|764010
6.00285297734079|765010
6.00285297734079|766010
6.00285297734079|767010
6.00285297734079|768010
6.00285297734079|769010
6.00285297734079|770010
6.00285297734079|771010
6.00285297734079|772010
6.00285297734079|773010
6.00285297734079|774010
6.00285297734079|775010
6.00285297734079|776010
6.00285297734079|777010
6.00285297734079|778010
6.00285297734079|779010
6.00285297734079|780010
6.00285297734079|781010
6.00285297734079|782010
6.00285297734079|783010
6.00285297734079|784010
6.00285297734079|785010
6.00285297734079|786010
6.00285297734079|787010
6.00285297734079|788010
6.00285297734079|789010
6.00285297734079|790010
6.00285297734079|791010
6.00285297734079|792010
6.00285297734079|793010
6.00285297734079|794010
6.00285297734079|795010
6.00285297734079|796010
6.00285297734079|797010
6.00285297734079|798010
6.00285297734079|799010
6.00285297734079|800010
6.00285297734079|801010
6.00285297734079|802010
6.00285297734079|803010
6.00285297734079|804010
6.00285297734079|805010
6.00285297734079|806010
6.00285297734079|807010
6.00285297734079|808010
6.00285297734079|809010
6.00285297734079|810010
6.00285297734079|811010
6.00285297734079|812010
6.00285297734079|813010
6.00285297734079|814010
6.00285297734079|815010
6.00285297734079|816010
6.00285297734079|817010
6.00285297734079|818010
6.00285297734079|819010
6.00285297734079|820010
6.00285297734079|821010
6.00285297734079|822010
6.00285297734079|823010
6.00285297734079|824010
6.00285297734079|825010
6.00285297734079|826010
6.00285297734079|827010
6.00285297734079|828010
6.00285297734079|829010
6.00285297734079|830010
6.00285297734079|831010
6.00285297734079|832010
6.00285297734079|833010
6.00285297734079|834010
6.00285297734079|835010
6.00285297734079|836010
6.00285297734079|837010
6.00285297734079|838010
6.00285297734079|839010
6.00285297734079|840010
6.00285297734079|841010
6.00285297734079|842010
6.00285297734079|843010
6.00285297734079|844010
6.00285297734079|845010
6.00285297734079|846010
6.00285297734079|847010
6.00285297734079|848010
6.00285297734079|849010
6.00285297734079|850010
6.00285297734079|851010
6.00285297734079|852010
6.00285297734079|853010
6.00285297734079|854010
6.00285297734079|855010
6.00285297734079|856010
6.00285297734079|857010
6.00285297734079|858010
6.00285297734079|859010
6.00285297734079|860010
6.00285297734079|861010
6.00285297734079|862010
6.00285297734079|863010
6.00285297734079|864010
6.00285297734079|865010
6.00285297734079|866010
6.00285297734079|867010
6.00285297734079|868010
6.00285297734079|869010
6.00285297734079|870010
6.00285297734079|871010
6.00285297734079|872010
6.00285297734079|873010
6.00285297734079|874010
6.00285297734079|875010
6.00285297734079|876010
6.00285297734079|877010
6.00285297734079|878010
6.00285297734079|879010
6.00285297734079|880010
6.00285297734079|881010
6.00285297734079|882010
6.00285297734079|883010
6.00285297734079|884010
6.00285297734079|885010
6.00285297734079|886010
6.00285297734079|887010
6.00285297734079|888010
6.00285297734079|889010
6.00285297734079|890010
6.00285297734079|891010
6.00285297734079|892010
6.00285297734079|893010
6.00285297734079|894010
6.00285297734079|895010
6.00285297734079|896010
6.00285297734079|897010
6.00285297734079|898010
6.00285297734079|899010
6.00285297734079|900010
6.00285297734079|901010
6.00285297734079|902010
6.00285297734079|903010
6.00285297734079|904010
6.00285297734079|905010
6.00285297734079|906010
6.00285297734079|907010
6.00285297734079|908010
6.00285297734079|909010
6.00285297734079|910010
6.00285297734079|911010
6.00285297734079|912010
6.00285297734079|913010
6.00285297734079|914010
6.00285297734079|915010
6.00285297734079|916010
6.00285297734079|917010
6.00285297734079|918010
6.00285297734079|919010
6.00285297734079|920010
6.00285297734079|921010
6.00285297734079|922010
6.00285297734079|923010
6.00285297734079|924010
6.00285297734079|925010
6.00285297734079|926010
6.00285297734079|927010
6.00285297734079|928010
6.00285297734079|929010
6.00285297734079|930010
6.00285297734079|931010
6.00285297734079|932010
6.00285297734079|933010
6.00285297734079|934010
6.00285297734079|935010
6.00285297734079|936010
6.00285297734079|937010
6.00285297734079|938010
6.00285297734079|939010
6.00285297734079|940010
6.00285297734079|941010
6.00285297734079|942010
6.00285297734079|943010
6.00285297734079|944010
6.00285297734079|945010
6.00285297734079|946010
6.00285297734079|947010
6.00285297734079|948010
6.00285297734079|949010
6.00285297734079|950010
6.00285297734079|951010
6.00285297734079|952010
6.00285297734079|953010
6.00285297734079|954010
6.00285297734079|955010
6.00285297734079|956010
6.00285297734079|957010
6.00285297734079|958010
6.00285297734079|959010
6.00285297734079|960010
6.00285297734079|961010
6.00285297734079|962010
6.00285297734079|963010
6.00285297734079|964010
6.00285297734079|965010
6.00285297734079|966010
6.00285297734079|967010
6.00285297734079|968010
6.00285297734079|969010
6.00285297734079|970010
6.00285297734079|971010
6.00285297734079|972010
6.00285297734079|973010
6.00285297734079|974010
6.00285297734079|975010
6.00285297734079|976010
6.00285297734079|977010
6.00285297734079|978010
6.00285297734079|979010
6.00285297734079|980010
6.00285297734079|981010
6.00285297734079|982010
6.00285297734079|983010
6.00285297734079|984010
6.00285297734079|985010
6.00285297734079|986010
6.00285297734079|987010
6.00285297734079|988010
6.00285297734079|989010
6.00285297734079|990010
6.00285297734079|991010
6.00285297734079|992010
6.00285297734079|993010
6.00285297734079|994010
6.00285297734079|995010
6.00285297734079|996010
6.00285297734079|997010
6.00285297734079|998010
6.00285297734079|999010
6.00285297734079|1000010
