21.029711098626205|2000
21.029711098626205|3000
20.595622796159617|4000
20.595622796159617|5000
20.53339598372402|6000
20.216642201615215|7000
19.8054961050709|8000
18.173723165442908|9000
18.173723165442908|10000
18.173723165442908|11000
18.173723165442908|12000
18.173723165442908|13000
18.173723165442908|14000
18.173723165442908|15000
17.922680788721948|16000
17.922680788721948|17000
17.922680788721948|18000
16.931723474304825|19000
16.931723474304825|20000
16.931723474304825|21000
16.931723474304825|22000
16.47414793637084|23000
16.47414793637084|24000
16.47414793637084|25000
16.47414793637084|26000
16.47414793637084|27000
16.47414793637084|28000
16.47414793637084|29000
16.47414793637084|30000
16.47414793637084|31000
16.47414793637084|32000
16.47414793637084|33000
16.47414793637084|34000
16.47414793637084|35000
16.47414793637084|36000
16.019202998794533|37000
16.019202998794533|38000
16.019202998794533|39000
16.019202998794533|40000
16.019202998794533|41000
16.019202998794533|42000
16.019202998794533|43000
16.019202998794533|44000
16.019202998794533|45000
16.019202998794533|46000
16.019202998794533|47000
16.019202998794533|48000
15.90713532684181|49000
15.291202715718873|50000
15.291202715718873|51000
15.291202715718873|52000
15.291202715718873|53000
15.291202715718873|54000
15.291202715718873|55000
15.291202715718873|56000
13.863510746121172|57000
13.863510746121172|58000
13.863510746121172|59000
13.863510746121172|60000
13.863510746121172|61000
13.863510746121172|62000
13.863510746121172|63000
13.863510746121172|64000
13.863510746121172|65000
13.863510746121172|66000
13.863510746121172|67000
13.863510746121172|68000
13.863510746121172|69000
13.863510746121172|70000
13.863510746121172|71000
13.863510746121172|72000
13.863510746121172|73000
13.863510746121172|74000
13.863510746121172|75000
13.732865988431566|76000
13.732865988431566|77000
13.732865988431566|78000
13.732865988431566|79000
13.732865988431566|80000
13.732865988431566|81000
13.732865988431566|82000
13.732865988431566|83000
13.732865988431566|84000
13.732865988431566|85000
13.732865988431566|86000
13.732865988431566|87000
13.706252729746284|88000
13.706252729746284|89000
13.706252729746284|90000
13.706252729746284|91000
13.706252729746284|92000
13.706252729746284|93000
13.706252729746284|94000
13.706252729746284|95000
13.706252729746284|96000
13.706252729746284|97000
13.706252729746284|98000
13.706252729746284|99000
13.706252729746284|100000
13.706252729746284|101000
13.706252729746284|102000
13.102549355936997|103000
13.102549355936997|104000
13.102549355936997|105000
13.102549355936997|106000
13.102549355936997|107000
13.102549355936997|108000
13.102549355936997|109000
13.102549355936997|110000
13.102549355936997|111000
13.102549355936997|112000
13.102549355936997|113000
13.102549355936997|114000
13.102549355936997|115000
13.102549355936997|116000
13.102549355936997|117000
13.102549355936997|118000
13.102549355936997|119000
13.102549355936997|120000
13.102549355936997|121000
13.102549355936997|122000
13.102549355936997|123000
13.102549355936997|124000
13.102549355936997|125000
13.102549355936997|126000
13.102549355936997|127000
13.102549355936997|128000
13.102549355936997|129000
13.102549355936997|130000
13.048947222393956|131000
13.048947222393956|132000
13.048947222393956|133000
12.849556504527737|134000
12.849556504527737|135000
12.849556504527737|136000
12.849556504527737|137000
12.849556504527737|138000
12.517908853628848|139000
12.517908853628848|140000
12.517908853628848|141000
12.517908853628848|142000
12.517908853628848|143000
12.122274139482203|144000
12.122274139482203|145000
12.1203041560477|146000
12.1203041560477|147000
12.1203041560477|148000
12.1203041560477|149000
12.1203041560477|150000
12.1203041560477|151000
12.1203041560477|152000
12.1203041560477|153000
12.1203041560477|154000
12.1203041560477|155000
12.1203041560477|156000
12.1203041560477|157000
12.1203041560477|158000
12.1203041560477|159000
12.1203041560477|160000
12.1203041560477|161000
12.1203041560477|162000
12.1203041560477|163000
12.1203041560477|164000
12.1203041560477|165000
12.1203041560477|166000
12.1203041560477|167000
12.1203041560477|168000
12.1203041560477|169000
12.1203041560477|170000
12.1203041560477|171000
12.1203041560477|172000
12.1203041560477|173000
12.1203041560477|174000
12.1203041560477|175000
12.1203041560477|176000
12.1203041560477|177000
12.1203041560477|178000
12.1203041560477|179000
12.1203041560477|180000
12.1203041560477|181000
12.1203041560477|182000
12.008606095346636|183000
12.008606095346636|184000
12.008606095346636|185000
12.008606095346636|186000
12.008606095346636|187000
12.008606095346636|188000
12.008606095346636|189000
12.008606095346636|190000
12.008606095346636|191000
12.008606095346636|192000
12.008606095346636|193000
12.008606095346636|194000
11.957811255728892|195000
11.957811255728892|196000
11.957811255728892|197000
11.957811255728892|198000
11.957811255728892|199000
11.957811255728892|200000
11.957811255728892|201000
11.957811255728892|202000
11.957811255728892|203000
11.821979196543376|204000
11.821979196543376|205000
11.821979196543376|206000
11.821979196543376|207000
11.821979196543376|208000
11.821979196543376|209000
11.821979196543376|210000
11.821979196543376|211000
11.821979196543376|212000
11.821979196543376|213000
11.821979196543376|214000
11.797500879456978|215000
11.522034507973537|216000
11.522034507973537|217000
11.522034507973537|218000
11.522034507973537|219000
11.522034507973537|220000
11.522034507973537|221000
11.522034507973537|222000
11.522034507973537|223000
11.522034507973537|224000
11.522034507973537|225000
11.522034507973537|226000
11.522034507973537|227000
11.522034507973537|228000
11.522034507973537|229000
11.052933055778881|230000
11.052933055778881|231000
11.052933055778881|232000
11.052933055778881|233000
10.894416069182732|234000
10.894416069182732|235000
10.894416069182732|236000
10.894416069182732|237000
10.894416069182732|238000
10.894416069182732|239000
10.894416069182732|240000
10.894416069182732|241000
10.894416069182732|242000
10.894416069182732|243000
10.894416069182732|244000
10.894416069182732|245000
10.894416069182732|246000
10.894416069182732|247000
10.894416069182732|248000
10.894416069182732|249000
10.894416069182732|250000
10.894416069182732|251000
10.894416069182732|252000
10.662579545288382|253000
10.662579545288382|254000
10.662579545288382|255000
10.662579545288382|256000
10.662579545288382|257000
10.662579545288382|258000
10.662579545288382|259000
10.662579545288382|260000
10.662579545288382|261000
10.662579545288382|262000
10.662579545288382|263000
10.662579545288382|264000
10.662579545288382|265000
10.662579545288382|266000
10.662579545288382|267000
10.662579545288382|268000
10.662579545288382|269000
10.662579545288382|270000
10.662579545288382|271000
10.662579545288382|272000
10.662579545288382|273000
10.662579545288382|274000
10.662579545288382|275000
10.662579545288382|276000
10.662579545288382|277000
10.662579545288382|278000
10.662579545288382|279000
10.662579545288382|280000
10.662579545288382|281000
10.662579545288382|282000
10.662579545288382|283000
10.662579545288382|284000
10.662579545288382|285000
10.662579545288382|286000
10.662579545288382|287000
10.662579545288382|288000
10.262896493996841|289000
10.262896493996841|290000
10.262896493996841|291000
10.262896493996841|292000
10.262896493996841|293000
10.262896493996841|294000
10.262896493996841|295000
10.262896493996841|296000
10.262896493996841|297000
10.262896493996841|298000
10.262896493996841|299000
10.262896493996841|300000
10.262896493996841|301000
10.262896493996841|302000
10.262896493996841|303000
10.262896493996841|304000
10.262896493996841|305000
10.262896493996841|306000
10.262896493996841|307000
10.262896493996841|308000
10.262896493996841|309000
10.262896493996841|310000
10.262896493996841|311000
10.262896493996841|312000
10.262896493996841|313000
10.262896493996841|314000
10.262896493996841|315000
10.262896493996841|316000
10.262896493996841|317000
10.172236973136325|318000
10.172236973136325|319000
10.172236973136325|320000
10.172236973136325|321000
10.172236973136325|322000
10.172236973136325|323000
10.172236973136325|324000
10.172236973136325|325000
10.172236973136325|326000
10.172236973136325|327000
10.172236973136325|328000
10.172236973136325|329000
10.172236973136325|330000
10.172236973136325|331000
10.172236973136325|332000
10.172236973136325|333000
10.172236973136325|334000
10.172236973136325|335000
10.172236973136325|336000
10.172236973136325|337000
10.172236973136325|338000
10.172236973136325|339000
10.172236973136325|340000
10.107359072099262|341000
10.107359072099262|342000
10.107359072099262|343000
10.107359072099262|344000
10.107359072099262|345000
10.107359072099262|346000
9.883884752234119|347000
9.883884752234119|348000
9.883884752234119|349000
9.883884752234119|350000
9.883884752234119|351000
9.301378246541118|352000
9.301378246541118|353000
9.301378246541118|354000
9.301378246541118|355000
9.301378246541118|356000
9.301378246541118|357000
9.301378246541118|358000
9.301378246541118|359000
9.301378246541118|360000
9.301378246541118|361000
9.301378246541118|362000
9.301378246541118|363000
9.301378246541118|364000
9.301378246541118|365000
9.301378246541118|366000
9.301378246541118|367000
9.301378246541118|368000
9.301378246541118|369000
9.301378246541118|370000
9.301378246541118|371000
9.301378246541118|372000
9.301378246541118|373000
9.301378246541118|374000
9.301378246541118|375000
9.301378246541118|376000
9.301378246541118|377000
9.301378246541118|378000
9.301378246541118|379000
9.301378246541118|380000
9.301378246541118|381000
9.301378246541118|382000
9.301378246541118|383000
9.301378246541118|384000
9.301378246541118|385000
9.301378246541118|386000
9.301378246541118|387000
9.301378246541118|388000
9.301378246541118|389000
9.301378246541118|390000
9.301378246541118|391000
9.301378246541118|392000
9.301378246541118|393000
9.301378246541118|394000
9.301378246541118|395000
9.301378246541118|396000
9.301378246541118|397000
9.301378246541118|398000
9.301378246541118|399000
9.301378246541118|400000
9.301378246541118|401000
9.301378246541118|402000
9.301378246541118|403000
9.301378246541118|404000
9.301378246541118|405000
9.301378246541118|406000
9.301378246541118|407000
9.301378246541118|408000
9.0534348592547|409000
9.0534348592547|410000
9.0534348592547|411000
9.0534348592547|412000
9.0534348592547|413000
9.0534348592547|414000
9.0534348592547|415000
9.0534348592547|416000
9.0534348592547|417000
9.0534348592547|418000
9.0534348592547|419000
9.0534348592547|420000
9.0534348592547|421000
9.0534348592547|422000
9.0534348592547|423000
9.0534348592547|424000
9.0534348592547|425000
9.0534348592547|426000
9.0534348592547|427000
9.0534348592547|428000
9.0534348592547|429000
9.0534348592547|430000
9.0534348592547|431000
9.0534348592547|432000
9.0534348592547|433000
9.0534348592547|434000
8.501274492750857|435000
8.501274492750857|436000
8.501274492750857|437000
8.501274492750857|438000
8.501274492750857|439000
8.501274492750857|440000
8.501274492750857|441000
8.501274492750857|442000
8.501274492750857|443000
8.501274492750857|444000
8.501274492750857|445000
8.501274492750857|446000
8.501274492750857|447000
8.501274492750857|448000
8.501274492750857|449000
8.501274492750857|450000
8.501274492750857|451000
8.501274492750857|452000
8.501274492750857|453000
8.501274492750857|454000
8.501274492750857|455000
8.501274492750857|456000
8.501274492750857|457000
8.501274492750857|458000
8.501274492750857|459000
8.501274492750857|460000
8.501274492750857|461000
8.501274492750857|462000
8.501274492750857|463000
8.501274492750857|464000
8.36292861582271|465000
8.36292861582271|466000
8.36292861582271|467000
8.36292861582271|468000
8.36292861582271|469000
8.36292861582271|470000
8.36292861582271|471000
8.36292861582271|472000
8.36292861582271|473000
8.36292861582271|474000
8.36292861582271|475000
8.36292861582271|476000
8.36292861582271|477000
8.36292861582271|478000
8.36292861582271|479000
8.36292861582271|480000
8.36292861582271|481000
8.36292861582271|482000
8.36292861582271|483000
8.36292861582271|484000
8.36292861582271|485000
8.36292861582271|486000
8.36292861582271|487000
8.36292861582271|488000
8.36292861582271|489000
8.36292861582271|490000
8.36292861582271|491000
8.36292861582271|492000
8.36292861582271|493000
8.36292861582271|494000
8.36292861582271|495000
8.32010981274143|496000
8.32010981274143|497000
8.32010981274143|498000
8.32010981274143|499000
8.32010981274143|500000
8.32010981274143|501000
8.32010981274143|502000
8.32010981274143|503000
8.32010981274143|504000
8.32010981274143|505000
8.32010981274143|506000
8.32010981274143|507000
8.32010981274143|508000
8.32010981274143|509000
8.32010981274143|510000
8.32010981274143|511000
8.32010981274143|512000
8.32010981274143|513000
8.32010981274143|514000
8.32010981274143|515000
8.32010981274143|516000
8.199176152624833|517000
8.199176152624833|518000
8.199176152624833|519000
8.199176152624833|520000
8.176709772337354|521000
8.176709772337354|522000
8.176709772337354|523000
8.176709772337354|524000
7.96734998722203|525000
7.96734998722203|526000
7.96734998722203|527000
7.96734998722203|528000
7.96734998722203|529000
7.96734998722203|530000
7.96734998722203|531000
7.96734998722203|532000
7.96734998722203|533000
7.96734998722203|534000
7.96734998722203|535000
7.96734998722203|536000
7.96734998722203|537000
7.96734998722203|538000
7.96734998722203|539000
7.96734998722203|540000
7.96734998722203|541000
7.96734998722203|542000
7.96734998722203|543000
7.96734998722203|544000
7.96734998722203|545000
7.96734998722203|546000
7.96734998722203|547000
7.96734998722203|548000
7.765685600362613|549000
7.765685600362613|550000
7.765685600362613|551000
7.765685600362613|552000
7.765685600362613|553000
7.765685600362613|554000
7.765685600362613|555000
7.765685600362613|556000
7.765685600362613|557000
7.765685600362613|558000
7.765685600362613|559000
7.765685600362613|560000
7.765685600362613|561000
7.765685600362613|562000
7.765685600362613|563000
7.698672081129987|564000
7.698672081129987|565000
7.698672081129987|566000
7.698672081129987|567000
7.6505580878410075|568000
7.643883337321802|569000
7.451926291237145|570000
7.451926291237145|571000
7.451926291237145|572000
7.451926291237145|573000
7.3763596322637275|574000
7.3763596322637275|575000
7.3763596322637275|576000
7.3763596322637275|577000
7.3763596322637275|578000
7.3763596322637275|579000
7.3763596322637275|580000
7.357067957579985|581000
7.357067957579985|582000
7.3477888845789385|583000
7.32770978080403|584000
7.32770978080403|585000
7.32770978080403|586000
7.32770978080403|587000
7.26246661486429|588000
7.26246661486429|589000
7.26246661486429|590000
7.26246661486429|591000
7.260666202983131|592000
7.260666202983131|593000
7.260666202983131|594000
7.255606088189735|595000
7.216786997033037|596000
7.216786997033037|597000
7.216786997033037|598000
7.216786997033037|599000
7.216786997033037|600000
7.216786997033037|601000
7.1680007104860195|602000
7.1680007104860195|603000
7.1680007104860195|604000
7.1680007104860195|605000
7.1680007104860195|606000
7.1680007104860195|607000
7.1680007104860195|608000
7.1680007104860195|609000
7.1680007104860195|610000
7.16684345887679|611000
7.125018713609025|612000
7.084957596480087|613000
7.080878028890212|614000
7.080878028890212|615000
7.080878028890212|616000
7.080878028890212|617000
7.080878028890212|618000
7.021561768915404|619000
7.021561768915404|620000
7.021561768915404|621000
7.021561768915404|622000
7.021561768915404|623000
7.021561768915404|624000
7.021561768915404|625000
7.021561768915404|626000
6.984526952307556|627000
6.984526952307556|628000
6.984526952307556|629000
6.984526952307556|630000
6.984526952307556|631000
6.96834126562414|632000
6.96834126562414|633000
6.96834126562414|634000
6.96834126562414|635000
6.929568314957208|636000
6.929568314957208|637000
6.929568314957208|638000
6.929568314957208|639000
6.928032620574891|640000
6.928032620574891|641000
6.92803262057489|642000
6.90847806196506|643000
6.90847806196506|644000
6.90847806196506|645000
6.90847806196506|646000
6.8882149081449455|647000
6.8882149081449455|648000
6.812526160425168|649000
6.812526160425168|650000
6.792971601815338|651000
6.792971601815338|652000
6.792971601815338|653000
6.792971601815338|654000
6.763511321334971|655000
6.763511321334971|656000
6.763511321334971|657000
6.763511321334971|658000
6.763511321334971|659000
6.763511321334971|660000
6.763511321334971|661000
6.747718682667215|662000
6.747718682667215|663000
6.747718682667215|664000
6.747718682667215|665000
6.747718682667215|666000
6.747718682667215|667000
6.747718682667215|668000
6.747718682667215|669000
6.747642537572933|670000
6.74764253757293|671000
6.7181822570925664|672000
6.7181822570925664|673000
6.718182257092564|674000
6.718182257092564|675000
6.718182257092564|676000
6.718182257092564|677000
6.718182257092564|678000
6.718182257092564|679000
6.718182257092564|680000
6.718182257092564|681000
6.718182257092564|682000
6.718182257092564|683000
6.718182257092564|684000
6.718182257092564|685000
6.718182257092564|686000
6.718182257092564|687000
6.718182257092564|688000
6.718182257092564|689000
6.718182257092564|690000
6.718182257092564|691000
6.718182257092564|692000
6.718182257092564|693000
6.715416258709087|694000
6.652022644187475|695000
6.652022644187473|696000
6.652022644187473|697000
6.652022644187473|698000
6.652022644187473|699000
6.652022644187473|700000
6.652022644187473|701000
6.652022644187473|702000
6.652022644187473|703000
6.652022644187473|704000
6.652022644187473|705000
6.652022644187473|706000
6.652022644187473|707000
6.652022644187473|708000
6.650742798929913|709000
6.650742798929913|710000
6.650742798929913|711000
6.650742798929913|712000
6.650742798929913|713000
6.650742798929913|714000
6.650742798929913|715000
6.650742798929913|716000
6.650742798929913|717000
6.650742798929913|718000
6.650742798929913|719000
6.650742798929913|720000
6.650742798929913|721000
6.650742798929913|722000
6.650742798929913|723000
6.650742798929913|724000
6.650742798929913|725000
6.650742798929912|726000
6.650742798929912|727000
6.650742798929912|728000
6.650742798929912|729000
6.650742798929912|730000
6.650742798929912|731000
6.650742798929912|732000
6.650742798929912|733000
6.650742798929912|734000
6.650742798929912|735000
6.650742798929912|736000
6.650742798929912|737000
6.650742798929912|738000
6.650742798929912|739000
6.650742798929912|740000
6.650742798929912|741000
6.650742798929912|742000
6.650742798929912|743000
6.650742798929912|744000
6.650742798929912|745000
6.650742798929912|746000
6.650742798929912|747000
6.650742798929912|748000
6.650742798929912|749000
6.650742798929912|750000
6.650742798929912|751000
6.650742798929912|752000
6.650742798929912|753000
6.650742798929912|754000
6.650742798929912|755000
6.650742798929912|756000
6.650742798929912|757000
6.650742798929912|758000
6.650742798929912|759000
6.650742798929912|760000
6.650742798929912|761000
6.650742798929912|762000
6.650742798929912|763000
6.650742798929912|764000
6.650742798929912|765000
6.650742798929912|766000
6.650742798929912|767000
6.650742798929912|768000
6.650742798929912|769000
6.650742798929912|770000
6.650742798929912|771000
6.650742798929912|772000
6.650742798929912|773000
6.650742798929912|774000
6.650742798929912|775000
6.650742798929912|776000
6.650742798929912|777000
6.650742798929912|778000
6.650742798929912|779000
6.650742798929912|780000
6.650742798929912|781000
6.650742798929912|782000
6.650742798929912|783000
6.650742798929912|784000
6.650742798929912|785000
6.650742798929912|786000
6.650742798929912|787000
6.650742798929912|788000
6.650742798929912|789000
6.650742798929912|790000
6.650742798929912|791000
6.650742798929912|792000
6.650742798929912|793000
6.650742798929912|794000
6.650742798929912|795000
6.650742798929912|796000
6.650742798929912|797000
6.650742798929912|798000
6.650742798929912|799000
6.650742798929912|800000
6.650742798929912|801000
6.650742798929912|802000
6.650742798929912|803000
6.650742798929912|804000
6.650742798929912|805000
6.650742798929912|806000
6.650742798929912|807000
6.650742798929912|808000
6.650742798929912|809000
6.650742798929912|810000
6.650742798929912|811000
6.650742798929912|812000
6.650742798929912|813000
6.650742798929912|814000
6.650742798929912|815000
6.650742798929912|816000
6.650742798929912|817000
6.650742798929912|818000
6.650742798929912|819000
6.650742798929912|820000
6.650742798929912|821000
6.650742798929912|822000
6.650742798929912|823000
6.650742798929912|824000
6.650742798929912|825000
6.650742798929912|826000
6.650742798929912|827000
6.650742798929912|828000
6.650742798929912|829000
6.650742798929912|830000
6.650742798929912|831000
6.650742798929912|832000
6.650742798929912|833000
6.650742798929912|834000
6.650742798929912|835000
6.650742798929912|836000
6.650742798929912|837000
6.650742798929912|838000
6.650742798929912|839000
6.650742798929912|840000
6.650742798929912|841000
6.650742798929912|842000
6.650742798929912|843000
6.650742798929912|844000
6.650742798929912|845000
6.650742798929912|846000
6.650742798929912|847000
6.650742798929912|848000
6.650742798929912|849000
6.650742798929912|850000
6.650742798929912|851000
6.650742798929912|852000
6.650742798929912|853000
6.650742798929912|854000
6.650742798929912|855000
6.650742798929912|856000
6.650742798929912|857000
6.650742798929912|858000
6.650742798929912|859000
6.650742798929912|860000
6.650742798929912|861000
6.650742798929912|862000
6.650742798929912|863000
6.650742798929912|864000
6.650742798929912|865000
6.650742798929912|866000
6.650742798929912|867000
6.650742798929912|868000
6.650742798929912|869000
6.650742798929912|870000
6.650742798929912|871000
6.650742798929912|872000
6.650742798929912|873000
6.650742798929912|874000
6.650742798929912|875000
6.650742798929912|876000
6.650742798929912|877000
6.650742798929912|878000
6.650742798929912|879000
6.650742798929912|880000
6.650742798929912|881000
6.650742798929912|882000
6.650742798929912|883000
6.650742798929912|884000
6.650742798929912|885000
6.650742798929912|886000
6.650742798929912|887000
6.650742798929912|888000
6.650742798929912|889000
6.650742798929912|890000
6.650742798929912|891000
6.650742798929912|892000
6.650742798929912|893000
6.650742798929912|894000
6.650742798929912|895000
6.650742798929912|896000
6.650742798929912|897000
6.650742798929912|898000
6.650742798929912|899000
6.650742798929912|900000
6.650742798929912|901000
6.650742798929912|902000
6.650742798929912|903000
6.650742798929912|904000
6.650742798929912|905000
6.650742798929912|906000
6.650742798929912|907000
6.650742798929912|908000
6.650742798929912|909000
6.650742798929912|910000
6.650742798929912|911000
6.650742798929912|912000
6.650742798929912|913000
6.650742798929912|914000
6.650742798929912|915000
6.650742798929912|916000
6.650742798929912|917000
6.650742798929912|918000
6.650742798929912|919000
6.650742798929912|920000
6.650742798929912|921000
6.650742798929912|922000
6.650742798929912|923000
6.650742798929912|924000
6.650742798929912|925000
6.650742798929912|926000
6.650742798929912|927000
6.650742798929912|928000
6.650742798929912|929000
6.650742798929912|930000
6.650742798929912|931000
6.650742798929912|932000
6.650742798929912|933000
6.650742798929912|934000
6.650742798929912|935000
6.650742798929912|936000
6.650742798929912|937000
6.650742798929912|938000
6.650742798929912|939000
6.650742798929912|940000
6.650742798929912|941000
6.650742798929912|942000
6.650742798929912|943000
6.650742798929912|944000
6.650742798929912|945000
6.650742798929912|946000
6.650742798929912|947000
6.650742798929912|948000
6.650742798929912|949000
6.650742798929912|950000
6.650742798929912|951000
6.650742798929912|952000
6.650742798929912|953000
6.650742798929912|954000
6.650742798929912|955000
6.650742798929912|956000
6.650742798929912|957000
6.650742798929912|958000
6.650742798929912|959000
6.650742798929912|960000
6.650742798929912|961000
6.650742798929912|962000
6.650742798929912|963000
6.650742798929912|964000
6.650742798929912|965000
6.650742798929912|966000
6.650742798929912|967000
6.650742798929912|968000
6.650742798929912|969000
6.650742798929912|970000
6.650742798929912|971000
6.650742798929912|972000
6.650742798929912|973000
6.650742798929912|974000
6.650742798929912|975000
6.650742798929912|976000
6.650742798929912|977000
6.650742798929912|978000
6.650742798929912|979000
6.650742798929912|980000
6.650742798929912|981000
6.650742798929912|982000
6.650742798929912|983000
6.650742798929912|984000
6.650742798929912|985000
6.650742798929912|986000
6.650742798929912|987000
6.650742798929912|988000
6.650742798929912|989000
6.650742798929912|990000
6.650742798929912|991000
6.650742798929912|992000
6.650742798929912|993000
6.650742798929912|994000
6.650742798929912|995000
6.650742798929912|996000
6.650742798929912|997000
6.650742798929912|998000
6.650742798929912|999000
6.650742798929912|1000000
