24.341486069353174|1010
14.079461647981864|2010
13.099220901307604|3010
12.635059101302376|4010
11.158553935736014|5010
10.036581691903292|6010
9.700097744817656|7010
9.125911990809634|8010
8.831040493789695|9010
8.65890982053323|10010
8.376982382135344|11010
8.265212316712276|12010
8.169629463194276|13010
7.959069886108865|14010
7.920068825620452|15010
7.856161514459566|16010
7.790090761267996|17010
7.630803455279312|18010
7.630803455279312|19010
7.444147580729891|20010
7.431971843976571|21010
7.422032488033299|22010
6.999151159403162|23010
6.999151159403162|24010
6.999151159403162|25010
6.995144967249256|26010
6.898534531015821|27010
6.898534531015821|28010
6.898534531015821|29010
6.856533869249251|30010
6.789262766861015|31010
6.789262766861015|32010
6.768067223752703|33010
6.768067223752703|34010
6.768067223752703|35010
6.747854684600097|36010
6.747854684600097|37010
6.654708163105351|38010
6.607199869070681|39010
6.607199869070681|40010
6.607199869070681|41010
6.607199869070681|42010
6.591096158484283|43010
6.591096158484283|44010
6.591096158484283|45010
6.591096158484283|46010
6.591096158484283|47010
6.591096158484283|48010
6.531848963589849|49010
6.531848963589849|50010
6.531848963589849|51010
6.531848963589849|52010
6.531848963589849|53010
6.531848963589849|54010
6.531848963589849|55010
6.531848963589849|56010
6.531848963589849|57010
6.531848963589849|58010
6.531848963589849|59010
6.531848963589849|60010
6.531848963589849|61010
6.531848963589849|62010
6.531848963589849|63010
6.531848963589849|64010
6.531848963589849|65010
6.531848963589849|66010
6.531848963589849|67010
6.531848963589849|68010
6.531848963589849|69010
6.531848963589849|70010
6.531848963589849|71010
6.531848963589849|72010
6.531848963589849|73010
6.531848963589849|74010
6.531848963589849|75010
6.531848963589849|76010
6.531848963589849|77010
6.531848963589849|78010
6.531848963589849|79010
6.531848963589849|80010
6.531848963589849|81010
6.531848963589849|82010
6.531848963589849|83010
6.531848963589849|84010
6.531848963589849|85010
6.531848963589849|86010
6.531848963589849|87010
6.531848963589849|88010
6.531848963589849|89010
6.531848963589849|90010
6.531848963589849|91010
6.531848963589849|92010
6.531848963589849|93010
6.531848963589849|94010
6.531848963589849|95010
6.531848963589849|96010
6.531848963589849|97010
6.531848963589849|98010
6.531848963589849|99010
6.531848963589849|100010
6.531848963589849|101010
6.531848963589849|102010
6.531848963589849|103010
6.531848963589849|104010
6.531848963589849|105010
6.531848963589849|106010
6.531848963589849|107010
6.531848963589849|108010
6.531848963589849|109010
6.531848963589849|110010
6.531848963589849|111010
6.531848963589849|112010
6.531848963589849|113010
6.531848963589849|114010
6.531848963589849|115010
6.531848963589849|116010
6.531848963589849|117010
6.531848963589849|118010
6.531848963589849|119010
6.531848963589849|120010
6.531848963589849|121010
6.531848963589849|122010
6.531848963589849|123010
6.531848963589849|124010
6.531848963589849|125010
6.531848963589849|126010
6.531848963589849|127010
6.531848963589849|128010
6.531848963589849|129010
6.531848963589849|130010
6.531848963589849|131010
6.531848963589849|132010
6.531848963589849|133010
6.531848963589849|134010
6.531848963589849|135010
6.531848963589849|136010
6.531848963589849|137010
6.531848963589849|138010
6.531848963589849|139010
6.531848963589849|140010
6.531848963589849|141010
6.531848963589849|142010
6.531848963589849|143010
6.531848963589849|144010
6.531848963589849|145010
6.531848963589849|146010
6.531848963589849|147010
6.531848963589849|148010
6.531848963589849|149010
6.531848963589849|150010
6.531848963589849|151010
6.531848963589849|152010
6.531848963589849|153010
6.531848963589849|154010
6.531848963589849|155010
6.531848963589849|156010
6.531848963589849|157010
6.531848963589849|158010
6.531848963589849|159010
6.531848963589849|160010
6.531848963589849|161010
6.531848963589849|162010
6.531848963589849|163010
6.531848963589849|164010
6.531848963589849|165010
6.531848963589849|166010
6.531848963589849|167010
6.531848963589849|168010
6.531848963589849|169010
6.531848963589849|170010
6.531848963589849|171010
6.531848963589849|172010
6.531848963589849|173010
6.531848963589849|174010
6.531848963589849|175010
6.531848963589849|176010
6.531848963589849|177010
6.531848963589849|178010
6.531848963589849|179010
6.531848963589849|180010
6.531848963589849|181010
6.531848963589849|182010
6.531848963589849|183010
6.531848963589849|184010
6.531848963589849|185010
6.531848963589849|186010
6.531848963589849|187010
6.531848963589849|188010
6.531848963589849|189010
6.531848963589849|190010
6.531848963589849|191010
6.531848963589849|192010
6.531848963589849|193010
6.531848963589849|194010
6.531848963589849|195010
6.531848963589849|196010
6.531848963589849|197010
6.531848963589849|198010
6.531848963589849|199010
6.531848963589849|200010
6.531848963589849|201010
6.531848963589849|202010
6.531848963589849|203010
6.531848963589849|204010
6.531848963589849|205010
6.531848963589849|206010
6.531848963589849|207010
6.531848963589849|208010
6.531848963589849|209010
6.531848963589849|210010
6.531848963589849|211010
6.531848963589849|212010
6.531848963589849|213010
6.531848963589849|214010
6.531848963589849|215010
6.531848963589849|216010
6.531848963589849|217010
6.531848963589849|218010
6.531848963589849|219010
6.531848963589849|220010
6.531848963589849|221010
6.531848963589849|222010
6.531848963589849|223010
6.531848963589849|224010
6.531848963589849|225010
6.531848963589849|226010
6.531848963589849|227010
6.531848963589849|228010
6.531848963589849|229010
6.531848963589849|230010
6.531848963589849|231010
6.531848963589849|232010
6.531848963589849|233010
6.531848963589849|234010
6.531848963589849|235010
6.531848963589849|236010
6.531848963589849|237010
6.531848963589849|238010
6.531848963589849|239010
6.531848963589849|240010
6.531848963589849|241010
6.531848963589849|242010
6.531848963589849|243010
6.531848963589849|244010
6.531848963589849|245010
6.531848963589849|246010
6.531848963589849|247010
6.531848963589849|248010
6.531848963589849|249010
6.531848963589849|250010
6.531848963589849|251010
6.531848963589849|252010
6.531848963589849|253010
6.531848963589849|254010
6.531848963589849|255010
6.531848963589849|256010
6.531848963589849|257010
6.531848963589849|258010
6.531848963589849|259010
6.531848963589849|260010
6.52918281608967|261010
6.52918281608967|262010
6.52918281608967|263010
6.52918281608967|264010
6.52918281608967|265010
6.529144108217674|266010
6.529144108217674|267010
6.5291441082176735|268010
6.5291441082176735|269010
6.5291441082176735|270010
6.5291441082176735|271010
6.5291441082176735|272010
6.5291441082176735|273010
6.5291441082176735|274010
6.5291441082176735|275010
6.5291441082176735|276010
6.5291441082176735|277010
6.5291441082176735|278010
6.5291441082176735|279010
6.5291441082176735|280010
6.5291441082176735|281010
6.5291441082176735|282010
6.5291441082176735|283010
6.5291441082176735|284010
6.5291441082176735|285010
6.5291441082176735|286010
6.5291441082176735|287010
6.5291441082176735|288010
6.5291441082176735|289010
6.5291441082176735|290010
6.5291441082176735|291010
6.5291441082176735|292010
6.5291441082176735|293010
6.5291441082176735|294010
6.5291441082176735|295010
6.5291441082176735|296010
6.5291441082176735|297010
6.5291441082176735|298010
6.5291441082176735|299010
6.5291441082176735|300010
6.5291441082176735|301010
6.5291441082176735|302010
6.5291441082176735|303010
6.5291441082176735|304010
6.5291441082176735|305010
6.5291441082176735|306010
6.5291441082176735|307010
6.5291441082176735|308010
6.5291441082176735|309010
6.5291441082176735|310010
6.5291441082176735|311010
6.5291441082176735|312010
6.5291441082176735|313010
6.5291441082176735|314010
6.5291441082176735|315010
6.5291441082176735|316010
6.5291441082176735|317010
6.5291441082176735|318010
6.5291441082176735|319010
6.5291441082176735|320010
6.5291441082176735|321010
6.5291441082176735|322010
6.5291441082176735|323010
6.5291441082176735|324010
6.5291441082176735|325010
6.5291441082176735|326010
6.5291441082176735|327010
6.5291441082176735|328010
6.5291441082176735|329010
6.5291441082176735|330010
6.5291441082176735|331010
6.5291441082176735|332010
6.5291441082176735|333010
6.5291441082176735|334010
6.5291441082176735|335010
6.5291441082176735|336010
6.5291441082176735|337010
6.5291441082176735|338010
6.5291441082176735|339010
6.5291441082176735|340010
6.5291441082176735|341010
6.5291441082176735|342010
6.5291441082176735|343010
6.5291441082176735|344010
6.5291441082176735|345010
6.5291441082176735|346010
6.5291441082176735|347010
6.5291441082176735|348010
6.5291441082176735|349010
6.5291441082176735|350010
6.5291441082176735|351010
6.5291441082176735|352010
6.5291441082176735|353010
6.5291441082176735|354010
6.5291441082176735|355010
6.5291441082176735|356010
6.5291441082176735|357010
6.5291441082176735|358010
6.5291441082176735|359010
6.5291441082176735|360010
6.5291441082176735|361010
6.5291441082176735|362010
6.5291441082176735|363010
6.5291441082176735|364010
6.5291441082176735|365010
6.5291441082176735|366010
6.5291441082176735|367010
6.5291441082176735|368010
6.5291441082176735|369010
6.5291441082176735|370010
6.5291441082176735|371010
6.5291441082176735|372010
6.5291441082176735|373010
6.5291441082176735|374010
6.5291441082176735|375010
6.5291441082176735|376010
6.5291441082176735|377010
6.5291441082176735|378010
6.5291441082176735|379010
6.5291441082176735|380010
6.5291441082176735|381010
6.5291441082176735|382010
6.5291441082176735|383010
6.5291441082176735|384010
6.5291441082176735|385010
6.5291441082176735|386010
6.5291441082176735|387010
6.5291441082176735|388010
6.5291441082176735|389010
6.5291441082176735|390010
6.5291441082176735|391010
6.5291441082176735|392010
6.5291441082176735|393010
6.5291441082176735|394010
6.5291441082176735|395010
6.5291441082176735|396010
6.5291441082176735|397010
6.5291441082176735|398010
6.5291441082176735|399010
6.5291441082176735|400010
6.5291441082176735|401010
6.5291441082176735|402010
6.5291441082176735|403010
6.5291441082176735|404010
6.5291441082176735|405010
6.5291441082176735|406010
6.5291441082176735|407010
6.5291441082176735|408010
6.5291441082176735|409010
6.5291441082176735|410010
6.5291441082176735|411010
6.5291441082176735|412010
6.5291441082176735|413010
6.5291441082176735|414010
6.5291441082176735|415010
6.5291441082176735|416010
6.5291441082176735|417010
6.5291441082176735|418010
6.5291441082176735|419010
6.5291441082176735|420010
6.5291441082176735|421010
6.5291441082176735|422010
6.5291441082176735|423010
6.5291441082176735|424010
6.5291441082176735|425010
6.5291441082176735|426010
6.5291441082176735|427010
6.5291441082176735|428010
6.5291441082176735|429010
6.5291441082176735|430010
6.5291441082176735|431010
6.5291441082176735|432010
6.5291441082176735|433010
6.5291441082176735|434010
6.5291441082176735|435010
6.5291441082176735|436010
6.5291441082176735|437010
6.5291441082176735|438010
6.5291441082176735|439010
6.5291441082176735|440010
6.5291441082176735|441010
6.5291441082176735|442010
6.5291441082176735|443010
6.5291441082176735|444010
6.5291441082176735|445010
6.5291441082176735|446010
6.5291441082176735|447010
6.5291441082176735|448010
6.5291441082176735|449010
6.5291441082176735|450010
6.5291441082176735|451010
6.5291441082176735|452010
6.5291441082176735|453010
6.5291441082176735|454010
6.5291441082176735|455010
6.5291441082176735|456010
6.5291441082176735|457010
6.5291441082176735|458010
6.5291441082176735|459010
6.5291441082176735|460010
6.5291441082176735|461010
6.5291441082176735|462010
6.5291441082176735|463010
6.5291441082176735|464010
6.5291441082176735|465010
6.5291441082176735|466010
6.5291441082176735|467010
6.5291441082176735|468010
6.5291441082176735|469010
6.5291441082176735|470010
6.5291441082176735|471010
6.5291441082176735|472010
6.5291441082176735|473010
6.5291441082176735|474010
6.5291441082176735|475010
6.5291441082176735|476010
6.5291441082176735|477010
6.5291441082176735|478010
6.5291441082176735|479010
6.5291441082176735|480010
6.5291441082176735|481010
6.5291441082176735|482010
6.5291441082176735|483010
6.5291441082176735|484010
6.5291441082176735|485010
6.5291441082176735|486010
6.5291441082176735|487010
6.5291441082176735|488010
6.5291441082176735|489010
6.5291441082176735|490010
6.5291441082176735|491010
6.5291441082176735|492010
6.5291441082176735|493010
6.5291441082176735|494010
6.5291441082176735|495010
6.5291441082176735|496010
6.5291441082176735|497010
6.5291441082176735|498010
6.5291441082176735|499010
6.5291441082176735|500010
6.5291441082176735|501010
6.5291441082176735|502010
6.5291441082176735|503010
6.5291441082176735|504010
6.5291441082176735|505010
6.5291441082176735|506010
6.5291441082176735|507010
6.5291441082176735|508010
6.5291441082176735|509010
6.5291441082176735|510010
6.5291441082176735|511010
6.5291441082176735|512010
6.5291441082176735|513010
6.5291441082176735|514010
6.5291441082176735|515010
6.5291441082176735|516010
6.5291441082176735|517010
6.5291441082176735|518010
6.5291441082176735|519010
6.5291441082176735|520010
6.5291441082176735|521010
6.5291441082176735|522010
6.5291441082176735|523010
6.5291441082176735|524010
6.5291441082176735|525010
6.5291441082176735|526010
6.5291441082176735|527010
6.5291441082176735|528010
6.5291441082176735|529010
6.5291441082176735|530010
6.5291441082176735|531010
6.5291441082176735|532010
6.5291441082176735|533010
6.5291441082176735|534010
6.5291441082176735|535010
6.5291441082176735|536010
6.5291441082176735|537010
6.5291441082176735|538010
6.5291441082176735|539010
6.5291441082176735|540010
6.5291441082176735|541010
6.5291441082176735|542010
6.5291441082176735|543010
6.5291441082176735|544010
6.5291441082176735|545010
6.5291441082176735|546010
6.5291441082176735|547010
6.5291441082176735|548010
6.5291441082176735|549010
6.5291441082176735|550010
6.5291441082176735|551010
6.5291441082176735|552010
6.5291441082176735|553010
6.5291441082176735|554010
6.5291441082176735|555010
6.5291441082176735|556010
6.5291441082176735|557010
6.5291441082176735|558010
6.5291441082176735|559010
6.5291441082176735|560010
6.5291441082176735|561010
6.5291441082176735|562010
6.5291441082176735|563010
6.5291441082176735|564010
6.5291441082176735|565010
6.5291441082176735|566010
6.5291441082176735|567010
6.5291441082176735|568010
6.5291441082176735|569010
6.5291441082176735|570010
6.5291441082176735|571010
6.5291441082176735|572010
6.5291441082176735|573010
6.5291441082176735|574010
6.5291441082176735|575010
6.5291441082176735|576010
6.5291441082176735|577010
6.5291441082176735|578010
6.5291441082176735|579010
6.5291441082176735|580010
6.5291441082176735|581010
6.5291441082176735|582010
6.5291441082176735|583010
6.5291441082176735|584010
6.5291441082176735|585010
6.5291441082176735|586010
6.5291441082176735|587010
6.5291441082176735|588010
6.5291441082176735|589010
6.5291441082176735|590010
6.5291441082176735|591010
6.5291441082176735|592010
6.5291441082176735|593010
6.5291441082176735|594010
6.5291441082176735|595010
6.5291441082176735|596010
6.5291441082176735|597010
6.5291441082176735|598010
6.5291441082176735|599010
6.5291441082176735|600010
6.5291441082176735|601010
6.5291441082176735|602010
6.5291441082176735|603010
6.5291441082176735|604010
6.5291441082176735|605010
6.5291441082176735|606010
6.5291441082176735|607010
6.5291441082176735|608010
6.5291441082176735|609010
6.5291441082176735|610010
6.5291441082176735|611010
6.5291441082176735|612010
6.5291441082176735|613010
6.5291441082176735|614010
6.5291441082176735|615010
6.5291441082176735|616010
6.5291441082176735|617010
6.5291441082176735|618010
6.5291441082176735|619010
6.5291441082176735|620010
6.5291441082176735|621010
6.5291441082176735|622010
6.5291441082176735|623010
6.5291441082176735|624010
6.5291441082176735|625010
6.5291441082176735|626010
6.5291441082176735|627010
6.5291441082176735|628010
6.5291441082176735|629010
6.5291441082176735|630010
6.5291441082176735|631010
6.5291441082176735|632010
6.5291441082176735|633010
6.5291441082176735|634010
6.5291441082176735|635010
6.5291441082176735|636010
6.5291441082176735|637010
6.5291441082176735|638010
6.5291441082176735|639010
6.5291441082176735|640010
6.5291441082176735|641010
6.5291441082176735|642010
6.5291441082176735|643010
6.5291441082176735|644010
6.5291441082176735|645010
6.5291441082176735|646010
6.5291441082176735|647010
6.5291441082176735|648010
6.5291441082176735|649010
6.5291441082176735|650010
6.5291441082176735|651010
6.5291441082176735|652010
6.5291441082176735|653010
6.5291441082176735|654010
6.5291441082176735|655010
6.5291441082176735|656010
6.5291441082176735|657010
6.5291441082176735|658010
6.5291441082176735|659010
6.5291441082176735|660010
6.5291441082176735|661010
6.5291441082176735|662010
6.5291441082176735|663010
6.5291441082176735|664010
6.5291441082176735|665010
6.5291441082176735|666010
6.5291441082176735|667010
6.5291441082176735|668010
6.5291441082176735|669010
6.5291441082176735|670010
6.5291441082176735|671010
6.5291441082176735|672010
6.5291441082176735|673010
6.5291441082176735|674010
6.5291441082176735|675010
6.5291441082176735|676010
6.5291441082176735|677010
6.5291441082176735|678010
6.5291441082176735|679010
6.5291441082176735|680010
6.5291441082176735|681010
6.5291441082176735|682010
6.5291441082176735|683010
6.5291441082176735|684010
6.5291441082176735|685010
6.5291441082176735|686010
6.5291441082176735|687010
6.5291441082176735|688010
6.5291441082176735|689010
6.5291441082176735|690010
6.5291441082176735|691010
6.5291441082176735|692010
6.5291441082176735|693010
6.5291441082176735|694010
6.5291441082176735|695010
6.5291441082176735|696010
6.5291441082176735|697010
6.5291441082176735|698010
6.5291441082176735|699010
6.5291441082176735|700010
6.5291441082176735|701010
6.5291441082176735|702010
6.5291441082176735|703010
6.5291441082176735|704010
6.5291441082176735|705010
6.5291441082176735|706010
6.5291441082176735|707010
6.5291441082176735|708010
6.5291441082176735|709010
6.5291441082176735|710010
6.5291441082176735|711010
6.5291441082176735|712010
6.5291441082176735|713010
6.5291441082176735|714010
6.5291441082176735|715010
6.5291441082176735|716010
6.5291441082176735|717010
6.5291441082176735|718010
6.5291441082176735|719010
6.5291441082176735|720010
6.5291441082176735|721010
6.5291441082176735|722010
6.5291441082176735|723010
6.5291441082176735|724010
6.5291441082176735|725010
6.5291441082176735|726010
6.5291441082176735|727010
6.5291441082176735|728010
6.5291441082176735|729010
6.5291441082176735|730010
6.5291441082176735|731010
6.5291441082176735|732010
6.5291441082176735|733010
6.5291441082176735|734010
6.5291441082176735|735010
6.5291441082176735|736010
6.5291441082176735|737010
6.5291441082176735|738010
6.5291441082176735|739010
6.5291441082176735|740010
6.5291441082176735|741010
6.5291441082176735|742010
6.5291441082176735|743010
6.5291441082176735|744010
6.5291441082176735|745010
6.5291441082176735|746010
6.5291441082176735|747010
6.5291441082176735|748010
6.5291441082176735|749010
6.5291441082176735|750010
6.5291441082176735|751010
6.5291441082176735|752010
6.5291441082176735|753010
6.5291441082176735|754010
6.5291441082176735|755010
6.5291441082176735|756010
6.5291441082176735|757010
6.5291441082176735|758010
6.5291441082176735|759010
6.5291441082176735|760010
6.5291441082176735|761010
6.5291441082176735|762010
6.5291441082176735|763010
6.5291441082176735|764010
6.5291441082176735|765010
6.5291441082176735|766010
6.5291441082176735|767010
6.5291441082176735|768010
6.5291441082176735|769010
6.5291441082176735|770010
6.5291441082176735|771010
6.5291441082176735|772010
6.5291441082176735|773010
6.5291441082176735|774010
6.5291441082176735|775010
6.5291441082176735|776010
6.5291441082176735|777010
6.5291441082176735|778010
6.525258740928338|779010
6.5235248153048175|780010
6.5235248153048175|781010
6.5235248153048175|782010
6.509629405377142|783010
6.509629405377141|784010
6.509629405377141|785010
6.509629405377141|786010
6.509629405377141|787010
6.509629405377141|788010
6.50962940537714|789010
6.50962940537714|790010
6.50962940537714|791010
6.50962940537714|792010
6.50962940537714|793010
6.50962940537714|794010
6.50962940537714|795010
6.50962940537714|796010
6.50962940537714|797010
6.50962940537714|798010
6.50962940537714|799010
6.50962940537714|800010
6.50962940537714|801010
6.50962940537714|802010
6.50962940537714|803010
6.50962940537714|804010
6.50962940537714|805010
6.50962940537714|806010
6.50962940537714|807010
6.50962940537714|808010
6.50962940537714|809010
6.50962940537714|810010
6.50962940537714|811010
6.50962940537714|812010
6.50962940537714|813010
6.50962940537714|814010
6.50962940537714|815010
6.50962940537714|816010
6.50962940537714|817010
6.50962940537714|818010
6.50962940537714|819010
6.50962940537714|820010
6.50962940537714|821010
6.50962940537714|822010
6.50962940537714|823010
6.50962940537714|824010
6.50962940537714|825010
6.50962940537714|826010
6.50962940537714|827010
6.50962940537714|828010
6.50962940537714|829010
6.50962940537714|830010
6.50962940537714|831010
6.50962940537714|832010
6.507363328145316|833010
6.507363328145316|834010
6.507363328145316|835010
6.482424585945213|836010
6.482424585945212|837010
6.482424585945212|838010
6.482424585945212|839010
6.482424585945212|840010
6.482424585945212|841010
6.482424585945212|842010
6.482424585945212|843010
6.482424585945212|844010
6.482424585945212|845010
6.482424585945212|846010
6.482424585945212|847010
6.482424585945212|848010
6.482424585945212|849010
6.482424585945212|850010
6.482424585945212|851010
6.482424585945212|852010
6.482424585945212|853010
6.482424585945212|854010
6.482424585945212|855010
6.482424585945212|856010
6.482424585945212|857010
6.482424585945212|858010
6.482424585945212|859010
6.482424585945212|860010
6.482424585945212|861010
6.482424585945212|862010
6.482424585945212|863010
6.482424585945212|864010
6.482424585945212|865010
6.482424585945212|866010
6.481613212962118|867010
6.481613212962118|868010
6.481613212962118|869010
6.481613212962118|870010
6.481613212962118|871010
6.481613212962118|872010
6.481613212962118|873010
6.481613212962118|874010
6.481613212962118|875010
6.481613212962118|876010
6.481613212962118|877010
6.481613212962118|878010
6.481613212962118|879010
6.481613212962118|880010
6.481613212962118|881010
6.481613212962118|882010
6.481613212962118|883010
6.481613212962118|884010
6.481613212962118|885010
6.481613212962118|886010
6.481613212962117|887010
6.481613212962117|888010
6.481613212962117|889010
6.481613212962117|890010
6.481613212962117|891010
6.481613212962117|892010
6.481613212962117|893010
6.481613212962117|894010
6.481613212962117|895010
6.481613212962117|896010
6.481613212962117|897010
6.481613212962117|898010
6.481613212962117|899010
6.481613212962117|900010
6.481613212962117|901010
6.481613212962117|902010
6.481613212962117|903010
6.481613212962117|904010
6.481613212962117|905010
6.481613212962117|906010
6.481613212962117|907010
6.481613212962117|908010
6.481613212962117|909010
6.481613212962117|910010
6.481613212962117|911010
6.481613212962117|912010
6.481613212962117|913010
6.481613212962117|914010
6.481613212962117|915010
6.481613212962117|916010
6.481613212962117|917010
6.481613212962117|918010
6.481613212962117|919010
6.481613212962117|920010
6.481613212962117|921010
6.481613212962117|922010
6.481613212962117|923010
6.481613212962117|924010
6.481613212962117|925010
6.481613212962117|926010
6.481613212962117|927010
6.481613212962117|928010
6.481613212962117|929010
6.481613212962117|930010
6.481613212962117|931010
6.464731573579101|932010
6.464731573579101|933010
6.464731573579101|934010
6.427789424108017|935010
6.427789424108017|936010
6.418508478005033|937010
6.291406956171998|938010
6.291406956171998|939010
6.291406956171998|940010
6.291406956171998|941010
6.291406956171998|942010
6.291406956171998|943010
6.291406956171998|944010
6.291406956171998|945010
6.291406956171998|946010
6.291406956171996|947010
6.291406956171996|948010
6.291406956171996|949010
6.291406956171996|950010
6.291406956171996|951010
6.291406956171996|952010
6.291406956171996|953010
6.291406956171996|954010
6.291406956171996|955010
6.291406956171996|956010
6.291406956171996|957010
6.291406956171996|958010
6.291406956171996|959010
6.291406956171996|960010
6.291406956171996|961010
6.291406956171996|962010
6.291406956171996|963010
6.291406956171996|964010
6.291406956171996|965010
6.291406956171996|966010
6.291406956171996|967010
6.291406956171996|968010
6.291406956171996|969010
6.291406956171996|970010
6.291406956171996|971010
6.291406956171996|972010
6.291406956171996|973010
6.291406956171996|974010
6.291406956171996|975010
6.291406956171996|976010
6.291406956171996|977010
6.291406956171996|978010
6.291406956171996|979010
6.291406956171996|980010
6.291406956171996|981010
6.291406956171996|982010
6.291406956171996|983010
6.291406956171996|984010
6.291406956171996|985010
6.291406956171996|986010
6.291406956171996|987010
6.291406956171996|988010
6.291406956171996|989010
6.291406956171996|990010
6.291406956171996|991010
6.291406956171996|992010
6.291406956171996|993010
6.291406956171996|994010
6.291406956171996|995010
6.291406956171996|996010
6.291406956171996|997010
6.291406956171996|998010
6.291406956171996|999010
6.291406956171996|1000010
