21.638518001802368|1100
18.024866929554015|2100
18.024866929554015|3100
17.066540316126122|4100
16.56139004738189|5100
14.662278340279448|6100
14.662278340279448|7100
14.662278340279448|8100
14.09123281992772|9100
12.747607940849432|10100
12.426070871662878|11100
12.426070871662878|12100
12.405656158754365|13100
11.910263961119528|14100
11.760606263728697|15100
10.945726894866517|16100
10.109038716439542|17100
10.109038716439542|18100
10.004008695469789|19100
9.587378484782027|20100
9.21391049803384|21100
8.80694063233595|22100
8.80694063233595|23100
8.80694063233595|24100
8.80694063233595|25100
8.634883811274834|26100
8.445743867972672|27100
8.445743867972672|28100
8.445743867972672|29100
8.441314291415294|30100
8.363315879665432|31100
8.14351834477498|32100
8.014841079217737|33100
7.935579158581932|34100
7.909186513228962|35100
7.820719477319903|36100
7.775147600897618|37100
7.775147600897618|38100
7.754963390748057|39100
7.740459389716107|40100
7.7139335921910925|41100
7.668816193594849|42100
7.668816193594849|43100
7.653747271817953|44100
7.632657018825806|45100
7.632657018825806|46100
7.51430836077131|47100
7.51430836077131|48100
7.49382266086615|49100
7.3792575194176235|50100
7.379257519417623|51100
7.370174107743818|52100
7.370174107743818|53100
7.370174107743818|54100
7.253102586801815|55100
7.253102586801815|56100
7.2528860198152625|57100
7.1742527173550865|58100
7.1742527173550865|59100
7.1742527173550865|60100
7.16681797244971|61100
7.145911278692741|62100
7.145911278692741|63100
7.14591127869274|64100
7.14591127869274|65100
7.14591127869274|66100
7.10211790883265|67100
7.10211790883265|68100
7.081185358786454|69100
7.081185358786454|70100
7.081185358786454|71100
7.081185358786454|72100
7.081185358786454|73100
7.081185358786453|74100
7.0633658736974425|75100
7.0633658736974425|76100
7.0633658736974425|77100
7.0633658736974425|78100
7.0633658736974425|79100
7.0633658736974425|80100
7.0633658736974425|81100
7.0633658736974425|82100
7.0633658736974425|83100
7.0633658736974425|84100
7.0633658736974425|85100
7.062911793331483|86100
7.062911793331483|87100
7.062911793331483|88100
7.062911793331483|89100
7.062911793331483|90100
7.062911793331483|91100
7.062911793331483|92100
7.062911793331483|93100
7.062911793331483|94100
7.062911793331483|95100
7.061631948073922|96100
7.061631948073922|97100
7.061631948073922|98100
7.061631948073922|99100
7.061631948073922|100100
7.061631948073922|101100
7.061631948073922|102100
7.061631948073922|103100
7.061631948073922|104100
7.061631948073922|105100
7.061631948073922|106100
7.061631948073922|107100
7.061631948073922|108100
7.061631948073922|109100
7.061631948073922|110100
7.061631948073922|111100
7.061631948073922|112100
7.061631948073922|113100
7.061631948073922|114100
7.061631948073922|115100
7.061631948073922|116100
7.061631948073922|117100
7.061631948073922|118100
7.061631948073922|119100
7.061631948073922|120100
7.061631948073922|121100
7.061631948073922|122100
7.061631948073922|123100
7.061631948073922|124100
7.061631948073922|125100
7.061631948073922|126100
7.061631948073922|127100
7.061631948073922|128100
7.061631948073922|129100
7.061631948073922|130100
7.061631948073922|131100
7.061631948073922|132100
7.061631948073922|133100
7.061631948073922|134100
7.061631948073922|135100
7.061631948073922|136100
7.061631948073922|137100
7.061631948073922|138100
7.061631948073922|139100
7.061631948073922|140100
7.061631948073922|141100
7.061631948073922|142100
7.061631948073922|143100
7.061631948073922|144100
7.061631948073922|145100
7.061631948073922|146100
7.061631948073922|147100
7.061631948073922|148100
7.061631948073922|149100
7.061631948073922|150100
7.061631948073922|151100
7.061631948073922|152100
7.061631948073922|153100
7.061631948073922|154100
7.061631948073922|155100
7.061631948073922|156100
7.061631948073922|157100
7.061631948073922|158100
7.061631948073922|159100
7.061631948073922|160100
7.061631948073922|161100
7.061631948073922|162100
7.061631948073922|163100
7.061631948073922|164100
7.061631948073922|165100
7.061631948073922|166100
7.061631948073922|167100
7.061631948073922|168100
7.061631948073922|169100
7.061631948073922|170100
7.061631948073922|171100
7.052034847548532|172100
7.052034847548532|173100
6.9856497010155625|174100
6.9856497010155625|175100
6.9856497010155625|176100
6.9856497010155625|177100
6.9856497010155625|178100
6.9856497010155625|179100
6.9856497010155625|180100
6.9856497010155625|181100
6.9856497010155625|182100
6.9856497010155625|183100
6.9856497010155625|184100
6.9856497010155625|185100
6.9856497010155625|186100
6.9856497010155625|187100
6.9856497010155625|188100
6.9856497010155625|189100
6.9856497010155625|190100
6.9856497010155625|191100
6.9856497010155625|192100
6.9856497010155625|193100
6.9856497010155625|194100
6.9856497010155625|195100
6.9856497010155625|196100
6.9856497010155625|197100
6.9856497010155625|198100
6.9856497010155625|199100
6.9856497010155625|200100
6.9856497010155625|201100
6.9856497010155625|202100
6.9856497010155625|203100
6.9856497010155625|204100
6.9856497010155625|205100
6.9856497010155625|206100
6.957970304300216|207100
6.957970304300216|208100
6.957970304300216|209100
6.957970304300216|210100
6.957970304300216|211100
6.957970304300216|212100
6.957970304300216|213100
6.957970304300216|214100
6.957970304300216|215100
6.957970304300216|216100
6.957970304300216|217100
6.957970304300216|218100
6.957970304300216|219100
6.957970304300216|220100
6.866045843472387|221100
6.866045843472387|222100
6.866045843472387|223100
6.866045843472387|224100
6.866045843472387|225100
6.866045843472387|226100
6.866045843472387|227100
6.866045843472387|228100
6.866045843472387|229100
6.866045843472387|230100
6.866045843472387|231100
6.866045843472387|232100
6.866045843472387|233100
6.866045843472387|234100
6.866045843472387|235100
6.866045843472387|236100
6.866045843472387|237100
6.866045843472387|238100
6.866045843472387|239100
6.866045843472387|240100
6.866045843472387|241100
6.866045843472387|242100
6.866045843472387|243100
6.866045843472387|244100
6.866045843472387|245100
6.866045843472387|246100
6.866045843472387|247100
6.866045843472387|248100
6.866045843472387|249100
6.866045843472387|250100
6.866045843472387|251100
6.866045843472387|252100
6.866045843472387|253100
6.866045843472387|254100
6.795516039804728|255100
6.795516039804728|256100
6.795516039804728|257100
6.795516039804728|258100
6.795516039804728|259100
6.795516039804728|260100
6.795516039804728|261100
6.795516039804728|262100
6.795516039804728|263100
6.795516039804727|264100
6.795516039804727|265100
6.795516039804727|266100
6.795516039804727|267100
6.795516039804727|268100
6.795516039804727|269100
6.795516039804727|270100
6.795516039804727|271100
6.795516039804727|272100
6.795516039804727|273100
6.795516039804727|274100
6.795516039804727|275100
6.795516039804727|276100
6.795516039804727|277100
6.795516039804727|278100
6.795516039804727|279100
6.795516039804727|280100
6.795516039804727|281100
6.795516039804727|282100
6.7657342592341285|283100
6.7657342592341285|284100
6.765734259234128|285100
6.765734259234128|286100
6.765734259234128|287100
6.765734259234128|288100
6.765734259234128|289100
6.765734259234128|290100
6.765734259234128|291100
6.765734259234128|292100
6.765734259234128|293100
6.765734259234128|294100
6.742137984263234|295100
6.742137984263234|296100
6.742137984263233|297100
6.742137984263233|298100
6.742137984263233|299100
6.742137984263233|300100
6.742137984263233|301100
6.742137984263233|302100
6.742137984263233|303100
6.742137984263233|304100
6.742137984263233|305100
6.742137984263233|306100
6.742137984263233|307100
6.742137984263233|308100
6.742137984263233|309100
6.742137984263233|310100
6.742137984263233|311100
6.742137984263233|312100
6.742137984263233|313100
6.742137984263233|314100
6.742137984263233|315100
6.742137984263233|316100
6.742137984263233|317100
6.742137984263233|318100
6.742137984263233|319100
6.742137984263233|320100
6.742137984263233|321100
6.742137984263233|322100
6.742137984263233|323100
6.742137984263233|324100
6.742137984263233|325100
6.742137984263233|326100
6.742137984263233|327100
6.742137984263233|328100
6.742137984263233|329100
6.742137984263233|330100
6.742137984263233|331100
6.742137984263233|332100
6.742137984263233|333100
6.742137984263233|334100
6.742137984263233|335100
6.742137984263233|336100
6.742137984263233|337100
6.742137984263233|338100
6.742137984263233|339100
6.742137984263233|340100
6.683740573266922|341100
6.683740573266922|342100
6.675186686962649|343100
6.675186686962649|344100
6.675186686962649|345100
6.675186686962649|346100
6.675186686962649|347100
6.675186686962649|348100
6.675186686962649|349100
6.675186686962649|350100
6.675186686962649|351100
6.675186686962649|352100
6.675186686962649|353100
6.675186686962649|354100
6.585702764416266|355100
6.585702764416266|356100
6.585702764416266|357100
6.585702764416266|358100
6.585702764416266|359100
6.585702764416266|360100
6.585702764416266|361100
6.585702764416266|362100
6.585702764416266|363100
6.585702764416266|364100
6.585702764416266|365100
6.585702764416266|366100
6.585702764416266|367100
6.585702764416266|368100
6.585702764416266|369100
6.585702764416266|370100
6.585702764416266|371100
6.585702764416266|372100
6.585702764416266|373100
6.585702764416266|374100
6.585702764416266|375100
6.585702764416266|376100
6.585702764416266|377100
6.585702764416266|378100
6.585702764416266|379100
6.585702764416266|380100
6.585702764416266|381100
6.585702764416266|382100
6.585702764416266|383100
6.585702764416266|384100
6.585702764416266|385100
6.585702764416266|386100
6.585702764416266|387100
6.585702764416266|388100
6.585702764416266|389100
6.585702764416266|390100
6.585702764416266|391100
6.585702764416266|392100
6.585702764416266|393100
6.585702764416266|394100
6.585702764416266|395100
6.585702764416266|396100
6.585702764416266|397100
6.585702764416266|398100
6.585702764416266|399100
6.585702764416266|400100
6.585702764416266|401100
6.585702764416266|402100
6.585702764416266|403100
6.585702764416266|404100
6.585702764416266|405100
6.585702764416266|406100
6.585702764416266|407100
6.585702764416266|408100
6.585702764416266|409100
6.585702764416266|410100
6.585702764416266|411100
6.585702764416266|412100
6.585702764416266|413100
6.585702764416266|414100
6.585702764416266|415100
6.585702764416266|416100
6.585702764416266|417100
6.585702764416266|418100
6.585702764416266|419100
6.585702764416266|420100
6.585702764416266|421100
6.585702764416266|422100
6.585702764416266|423100
6.585702764416266|424100
6.585702764416266|425100
6.585702764416266|426100
6.585702764416266|427100
6.585702764416266|428100
6.585702764416266|429100
6.585702764416266|430100
6.585702764416266|431100
6.585702764416266|432100
6.585702764416266|433100
6.585702764416266|434100
6.585702764416266|435100
6.585702764416266|436100
6.585702764416266|437100
6.585702764416266|438100
6.585702764416266|439100
6.585702764416266|440100
6.585702764416266|441100
6.585702764416266|442100
6.585702764416266|443100
6.585702764416266|444100
6.585702764416266|445100
6.539882403101287|446100
6.539882403101287|447100
6.539882403101287|448100
6.539882403101287|449100
6.539882403101287|450100
6.539882403101287|451100
6.539882403101285|452100
6.539882403101285|453100
6.539882403101285|454100
6.539882403101285|455100
6.539882403101285|456100
6.539882403101285|457100
6.539882403101285|458100
6.539882403101285|459100
6.539882403101285|460100
6.539882403101285|461100
6.539882403101285|462100
6.539882403101285|463100
6.539882403101285|464100
6.539882403101285|465100
6.539882403101285|466100
6.539882403101285|467100
6.539882403101285|468100
6.539882403101285|469100
6.539882403101285|470100
6.539882403101285|471100
6.539882403101285|472100
6.539882403101285|473100
6.539882403101285|474100
6.539882403101285|475100
6.539882403101285|476100
6.539882403101285|477100
6.539882403101285|478100
6.539882403101285|479100
6.539882403101285|480100
6.539882403101285|481100
6.539882403101285|482100
6.539882403101285|483100
6.539882403101285|484100
6.539882403101285|485100
6.539882403101285|486100
6.539882403101285|487100
6.539882403101285|488100
6.539882403101285|489100
6.539882403101285|490100
6.539882403101285|491100
6.539882403101285|492100
6.539882403101285|493100
6.539882403101285|494100
6.539882403101285|495100
6.539882403101285|496100
6.539882403101285|497100
6.539882403101285|498100
6.539882403101285|499100
6.539882403101285|500100
6.539882403101285|501100
6.539882403101285|502100
6.539882403101285|503100
6.539882403101285|504100
6.539882403101285|505100
6.539882403101285|506100
6.539882403101285|507100
6.539882403101285|508100
6.539882403101285|509100
6.539882403101285|510100
6.539882403101285|511100
6.539882403101285|512100
6.539882403101285|513100
6.539882403101285|514100
6.539882403101285|515100
6.539882403101285|516100
6.539882403101285|517100
6.539882403101285|518100
6.539882403101285|519100
6.539882403101285|520100
6.539882403101285|521100
6.539882403101285|522100
6.539882403101285|523100
6.539882403101285|524100
6.539882403101285|525100
6.539882403101285|526100
6.539882403101285|527100
6.539882403101285|528100
6.539882403101285|529100
6.539882403101285|530100
6.539882403101285|531100
6.539882403101285|532100
6.539882403101285|533100
6.539882403101285|534100
6.539882403101285|535100
6.539882403101285|536100
6.539882403101285|537100
6.539882403101285|538100
6.539882403101285|539100
6.539882403101285|540100
6.539882403101285|541100
6.539882403101285|542100
6.539882403101285|543100
6.539882403101285|544100
6.539882403101285|545100
6.539882403101285|546100
6.539882403101285|547100
6.539882403101285|548100
6.539882403101285|549100
6.539882403101285|550100
6.539882403101285|551100
6.539882403101285|552100
6.539882403101285|553100
6.539882403101285|554100
6.539882403101285|555100
6.539882403101285|556100
6.539882403101285|557100
6.539882403101285|558100
6.539882403101285|559100
6.539882403101285|560100
6.539882403101285|561100
6.539882403101285|562100
6.539882403101285|563100
6.539882403101285|564100
6.539882403101285|565100
6.539882403101285|566100
6.539882403101285|567100
6.539882403101285|568100
6.539882403101285|569100
6.539882403101285|570100
6.539882403101285|571100
6.539882403101285|572100
6.539882403101285|573100
6.539882403101285|574100
6.539882403101285|575100
6.539882403101285|576100
6.539882403101285|577100
6.539882403101285|578100
6.539882403101285|579100
6.539882403101285|580100
6.539882403101285|581100
6.539882403101285|582100
6.539882403101285|583100
6.539882403101285|584100
6.539882403101285|585100
6.539882403101285|586100
6.539882403101285|587100
6.539882403101285|588100
6.539882403101285|589100
6.539882403101285|590100
6.539882403101285|591100
6.539882403101285|592100
6.539882403101285|593100
6.539882403101285|594100
6.539882403101285|595100
6.539882403101285|596100
6.539882403101285|597100
6.539882403101285|598100
6.539882403101285|599100
6.539882403101285|600100
6.539882403101285|601100
6.539882403101285|602100
6.539882403101285|603100
6.539882403101285|604100
6.539882403101285|605100
6.539882403101285|606100
6.539882403101285|607100
6.539882403101285|608100
6.539882403101285|609100
6.539882403101285|610100
6.539882403101285|611100
6.539882403101285|612100
6.539882403101285|613100
6.539882403101285|614100
6.539882403101285|615100
6.539882403101285|616100
6.539882403101285|617100
6.539882403101285|618100
6.539882403101285|619100
6.539882403101285|620100
6.539882403101285|621100
6.539882403101285|622100
6.539882403101285|623100
6.539882403101285|624100
6.539882403101285|625100
6.539882403101285|626100
6.539882403101285|627100
6.539882403101285|628100
6.539882403101285|629100
6.539882403101285|630100
6.539882403101285|631100
6.539882403101285|632100
6.539882403101285|633100
6.539882403101285|634100
6.539882403101285|635100
6.539882403101285|636100
6.539882403101285|637100
6.539882403101285|638100
6.539882403101285|639100
6.539882403101285|640100
6.539882403101285|641100
6.539882403101285|642100
6.539882403101285|643100
6.539882403101285|644100
6.539882403101285|645100
6.539882403101285|646100
6.539882403101285|647100
6.539882403101285|648100
6.539882403101285|649100
6.539882403101285|650100
6.539882403101285|651100
6.539882403101285|652100
6.539882403101285|653100
6.539882403101285|654100
6.539882403101285|655100
6.539882403101285|656100
6.539882403101285|657100
6.539882403101285|658100
6.539882403101285|659100
6.539882403101285|660100
6.539882403101285|661100
6.539882403101285|662100
6.539882403101285|663100
6.539882403101285|664100
6.539882403101285|665100
6.539882403101285|666100
6.539882403101285|667100
6.539882403101285|668100
6.539882403101285|669100
6.539882403101285|670100
6.539882403101285|671100
6.539882403101285|672100
6.539882403101285|673100
6.539882403101285|674100
6.539882403101285|675100
6.539882403101285|676100
6.539882403101285|677100
6.539882403101285|678100
6.539882403101285|679100
6.539882403101285|680100
6.539882403101285|681100
6.539882403101285|682100
6.539882403101285|683100
6.539882403101285|684100
6.539882403101285|685100
6.539882403101285|686100
6.539882403101285|687100
6.539882403101285|688100
6.539882403101285|689100
6.539882403101285|690100
6.539882403101285|691100
6.539882403101285|692100
6.539882403101285|693100
6.539882403101285|694100
6.539882403101285|695100
6.539882403101285|696100
6.539882403101285|697100
6.539882403101285|698100
6.539882403101285|699100
6.539882403101285|700100
6.539882403101285|701100
6.539882403101285|702100
6.539882403101285|703100
6.539882403101285|704100
6.539882403101285|705100
6.539882403101285|706100
6.539882403101285|707100
6.539882403101285|708100
6.539882403101285|709100
6.539882403101285|710100
6.539882403101285|711100
6.539882403101285|712100
6.539882403101285|713100
6.539882403101285|714100
6.539882403101285|715100
6.539882403101285|716100
6.539882403101285|717100
6.539882403101285|718100
6.539882403101285|719100
6.539882403101285|720100
6.539882403101285|721100
6.539882403101285|722100
6.539882403101285|723100
6.539882403101285|724100
6.539882403101285|725100
6.539882403101285|726100
6.539882403101285|727100
6.539882403101285|728100
6.539882403101285|729100
6.539882403101285|730100
6.539882403101285|731100
6.539882403101285|732100
6.539882403101285|733100
6.539882403101285|734100
6.539882403101285|735100
6.539882403101285|736100
6.539882403101285|737100
6.539882403101285|738100
6.539882403101285|739100
6.539882403101285|740100
6.539882403101285|741100
6.539882403101285|742100
6.539882403101285|743100
6.539882403101285|744100
6.539882403101285|745100
6.539882403101285|746100
6.539882403101285|747100
6.539882403101285|748100
6.539882403101285|749100
6.539882403101285|750100
6.539882403101285|751100
6.539882403101285|752100
6.539882403101285|753100
6.539882403101285|754100
6.539882403101285|755100
6.539882403101285|756100
6.539882403101285|757100
6.539882403101285|758100
6.532376385444011|759100
6.532376385444011|760100
6.532376385444011|761100
6.506992881525671|762100
6.506992881525671|763100
6.506992881525671|764100
6.506992881525671|765100
6.506992881525671|766100
6.506992881525671|767100
6.506992881525671|768100
6.506992881525671|769100
6.506992881525671|770100
6.506992881525671|771100
6.506992881525671|772100
6.506992881525671|773100
6.506992881525671|774100
6.506992881525671|775100
6.506992881525671|776100
6.506992881525671|777100
6.506992881525671|778100
6.506992881525671|779100
6.506992881525671|780100
6.506992881525671|781100
6.506992881525671|782100
6.506992881525671|783100
6.506992881525671|784100
6.506992881525671|785100
6.506992881525671|786100
6.506992881525671|787100
6.506992881525671|788100
6.506992881525671|789100
6.506992881525671|790100
6.506992881525671|791100
6.506992881525671|792100
6.506992881525671|793100
6.506992881525671|794100
6.506992881525671|795100
6.506992881525671|796100
6.506992881525671|797100
6.506992881525671|798100
6.506992881525671|799100
6.506992881525671|800100
6.506992881525671|801100
6.506992881525671|802100
6.506992881525671|803100
6.506992881525671|804100
6.506992881525671|805100
6.506992881525671|806100
6.506992881525671|807100
6.506992881525671|808100
6.506992881525671|809100
6.506992881525671|810100
6.506992881525671|811100
6.506992881525671|812100
6.506992881525671|813100
6.506992881525671|814100
6.506992881525671|815100
6.506992881525671|816100
6.506992881525671|817100
6.506992881525671|818100
6.506992881525671|819100
6.506992881525671|820100
6.506992881525671|821100
6.506992881525671|822100
6.506992881525671|823100
6.506992881525671|824100
6.506992881525671|825100
6.506992881525671|826100
6.506992881525671|827100
6.506992881525671|828100
6.506992881525671|829100
6.506992881525671|830100
6.506992881525671|831100
6.506992881525671|832100
6.506992881525671|833100
6.506992881525671|834100
6.506992881525671|835100
6.506992881525671|836100
6.506992881525671|837100
6.506992881525671|838100
6.506992881525671|839100
6.506992881525671|840100
6.506992881525671|841100
6.506992881525671|842100
6.506992881525671|843100
6.506992881525671|844100
6.506992881525671|845100
6.506992881525671|846100
6.506992881525671|847100
6.506992881525671|848100
6.506992881525671|849100
6.506992881525671|850100
6.506992881525671|851100
6.506992881525671|852100
6.506992881525671|853100
6.506992881525671|854100
6.506992881525671|855100
6.506992881525671|856100
6.506992881525671|857100
6.506992881525671|858100
6.506992881525671|859100
6.506992881525671|860100
6.506992881525671|861100
6.506992881525671|862100
6.506992881525671|863100
6.506992881525671|864100
6.506992881525671|865100
6.506992881525671|866100
6.506992881525671|867100
6.506992881525671|868100
6.506992881525671|869100
6.506992881525671|870100
6.506992881525671|871100
6.506992881525671|872100
6.506992881525671|873100
6.506992881525671|874100
6.506992881525671|875100
6.506992881525671|876100
6.506992881525671|877100
6.506992881525671|878100
6.506992881525671|879100
6.506992881525671|880100
6.506992881525671|881100
6.506992881525671|882100
6.506992881525671|883100
6.506992881525671|884100
6.506992881525671|885100
6.506992881525671|886100
6.506992881525671|887100
6.506992881525671|888100
6.506992881525671|889100
6.506992881525671|890100
6.506992881525671|891100
6.506992881525671|892100
6.506992881525671|893100
6.506992881525671|894100
6.506992881525671|895100
6.506992881525671|896100
6.506992881525671|897100
6.506992881525671|898100
6.506992881525671|899100
6.506992881525671|900100
6.506992881525671|901100
6.506992881525671|902100
6.506992881525671|903100
6.506992881525671|904100
6.506992881525671|905100
6.506992881525671|906100
6.506992881525671|907100
6.506992881525671|908100
6.506992881525671|909100
6.506992881525671|910100
6.506992881525671|911100
6.506992881525671|912100
6.506992881525671|913100
6.506992881525671|914100
6.506992881525671|915100
6.506992881525671|916100
6.506992881525671|917100
6.506992881525671|918100
6.506992881525671|919100
6.506992881525671|920100
6.506992881525671|921100
6.506992881525671|922100
6.506992881525671|923100
6.506992881525671|924100
6.506992881525671|925100
6.506992881525671|926100
6.506992881525671|927100
6.506992881525671|928100
6.506992881525671|929100
6.506992881525671|930100
6.506992881525671|931100
6.506992881525671|932100
6.506992881525671|933100
6.506992881525671|934100
6.506992881525671|935100
6.506992881525671|936100
6.506992881525671|937100
6.506992881525671|938100
6.506992881525671|939100
6.506992881525671|940100
6.506992881525671|941100
6.506992881525671|942100
6.506992881525671|943100
6.506992881525671|944100
6.506992881525671|945100
6.506992881525671|946100
6.506992881525671|947100
6.506992881525671|948100
6.506992881525671|949100
6.506992881525671|950100
6.506992881525671|951100
6.506992881525671|952100
6.506992881525671|953100
6.506992881525671|954100
6.506992881525671|955100
6.506992881525671|956100
6.506992881525671|957100
6.506992881525671|958100
6.506992881525671|959100
6.506992881525671|960100
6.506992881525671|961100
6.506992881525671|962100
6.506992881525671|963100
6.506992881525671|964100
6.40914150307284|965100
6.40914150307284|966100
6.370480655036726|967100
6.370480655036726|968100
6.32749865815973|969100
6.304061337802171|970100
6.304061337802171|971100
6.304061337802171|972100
6.304061337802171|973100
6.304061337802171|974100
6.304061337802171|975100
6.304061337802171|976100
6.304061337802171|977100
6.304061337802171|978100
6.304061337802171|979100
6.304061337802171|980100
6.304061337802171|981100
6.304061337802171|982100
6.304061337802171|983100
6.304061337802171|984100
6.304061337802171|985100
6.304061337802171|986100
6.304061337802171|987100
6.248175385388194|988100
6.248175385388194|989100
6.248175385388194|990100
6.248175385388194|991100
6.248175385388194|992100
6.248175385388194|993100
6.248175385388194|994100
6.248175385388194|995100
6.248175385388194|996100
6.248175385388194|997100
6.248175385388194|998100
6.248175385388194|999100
6.248175385388194|1000100
