22.9370593087841|1100
19.47960522848254|2100
18.358640198297344|3100
17.734538679610992|4100
16.419340455218375|5100
15.332181632043442|6100
13.666400652811163|7100
13.250794522857907|8100
12.806049998780495|9100
12.771093926594023|10100
12.331552652859429|11100
11.680643956070183|12100
11.680643956070183|13100
11.373513194911595|14100
11.160902217763503|15100
10.761387296643912|16100
10.574139699964867|17100
10.1965897977631|18100
10.117051945246837|19100
9.61379346602481|20100
9.420003296737745|21100
9.098511895607318|22100
8.90527301954817|23100
8.704498875075785|24100
8.58403964212945|25100
8.566562603198419|26100
8.49625359445647|27100
8.296251909163457|28100
8.208465861490476|29100
8.163212942342353|30100
8.087257290272476|31100
8.045844311559629|32100
7.80321541152553|33100
7.757962492377407|34100
7.757962492377406|35100
7.757962492377406|36100
7.757962492377406|37100
7.757962492377406|38100
7.757962492377406|39100
7.730551280267842|40100
7.730551280267842|41100
7.730551280267842|42100
7.730551280267841|43100
7.669588599953758|44100
7.5648858232035945|45100
7.5648858232035945|46100
7.543907882609066|47100
7.499787405934801|48100
7.499787405934801|49100
7.499787405934801|50100
7.499787405934801|51100
7.499787405934801|52100
7.499787405934801|53100
7.499787405934801|54100
7.499787405934801|55100
7.499128227402831|56100
7.499128227402831|57100
7.499128227402831|58100
7.499128227402831|59100
7.467811007611478|60100
7.428706615277057|61100
7.393914641708149|62100
7.393914641708149|63100
7.393914641708149|64100
7.393914641708149|65100
7.393914641708149|66100
7.393914641708149|67100
7.393914641708149|68100
7.393914641708149|69100
7.293750853877531|70100
7.293750853877531|71100
7.29375085387753|72100
7.266932107508358|73100
7.266932107508358|74100
7.266932107508358|75100
7.266932107508358|76100
7.266932107508358|77100
7.266932107508358|78100
7.266932107508358|79100
7.266932107508358|80100
7.266932107508358|81100
7.2669321075083575|82100
7.266932107508357|83100
7.266932107508357|84100
7.266932107508357|85100
7.266932107508357|86100
7.266932107508357|87100
7.266932107508357|88100
7.266932107508357|89100
7.266932107508357|90100
7.266932107508357|91100
7.266932107508357|92100
7.266932107508357|93100
7.225812089476013|94100
7.225812089476013|95100
7.225812089476013|96100
7.225812089476013|97100
7.225812089476013|98100
7.225812089476013|99100
7.225812089476013|100100
7.225812089476013|101100
7.225812089476013|102100
7.225812089476013|103100
7.160928466623775|104100
7.160928466623775|105100
7.160928466623775|106100
7.160928466623775|107100
7.160928466623775|108100
7.160928466623775|109100
7.160928466623775|110100
7.160928466623775|111100
7.160928466623775|112100
7.160928466623775|113100
7.160928466623775|114100
7.160928466623775|115100
7.160928466623775|116100
7.160928466623775|117100
7.160928466623775|118100
7.160928466623775|119100
7.160928466623775|120100
7.160928466623775|121100
7.160928466623775|122100
7.160928466623775|123100
7.160928466623775|124100
7.160928466623775|125100
7.160928466623775|126100
7.160928466623775|127100
7.160928466623775|128100
7.160928466623775|129100
7.160928466623775|130100
7.160928466623775|131100
7.160928466623775|132100
7.160928466623775|133100
7.160928466623775|134100
7.160928466623775|135100
7.160928466623775|136100
7.160928466623775|137100
7.160928466623775|138100
7.160928466623775|139100
7.160928466623775|140100
7.160928466623775|141100
7.160928466623775|142100
7.160928466623775|143100
7.160928466623775|144100
7.160928466623775|145100
7.160928466623775|146100
7.160928466623775|147100
7.160928466623775|148100
7.160928466623775|149100
7.160928466623775|150100
7.160928466623775|151100
7.160928466623775|152100
7.160928466623775|153100
7.160928466623775|154100
7.160928466623775|155100
7.160928466623775|156100
7.160928466623775|157100
7.160928466623775|158100
7.160928466623775|159100
7.160928466623775|160100
7.160928466623775|161100
7.160928466623775|162100
7.160928466623775|163100
7.160928466623775|164100
7.160928466623775|165100
7.160928466623775|166100
7.160928466623775|167100
7.160928466623775|168100
7.160928466623775|169100
7.160928466623775|170100
7.160928466623775|171100
7.160928466623775|172100
7.160928466623775|173100
7.160928466623775|174100
7.160928466623775|175100
7.160928466623775|176100
7.160928466623775|177100
7.160928466623775|178100
7.160928466623775|179100
7.160928466623775|180100
7.160928466623775|181100
7.160928466623775|182100
7.160928466623775|183100
7.160928466623775|184100
7.160928466623775|185100
7.160928466623775|186100
7.160928466623775|187100
7.160928466623775|188100
7.160928466623775|189100
7.160928466623775|190100
7.160928466623775|191100
7.160928466623775|192100
7.160928466623775|193100
7.160928466623775|194100
7.160928466623775|195100
7.160928466623775|196100
7.160928466623775|197100
7.160928466623775|198100
7.160928466623775|199100
7.160928466623775|200100
7.160928466623775|201100
7.160928466623775|202100
7.160928466623775|203100
7.160928466623775|204100
7.160928466623775|205100
7.160928466623775|206100
7.160928466623775|207100
7.160928466623775|208100
7.160928466623775|209100
7.160928466623775|210100
7.160928466623775|211100
7.160928466623775|212100
7.160928466623775|213100
7.160928466623775|214100
7.160928466623775|215100
7.160928466623775|216100
7.160928466623775|217100
7.160928466623775|218100
7.160928466623775|219100
7.160928466623775|220100
7.1550018111087885|221100
7.1550018111087885|222100
7.1550018111087885|223100
7.136812753613391|224100
7.136812753613391|225100
7.136812753613391|226100
7.136812753613391|227100
7.136812753613391|228100
7.136812753613391|229100
7.136812753613391|230100
7.136812753613391|231100
7.136812753613391|232100
7.136812753613391|233100
7.136812753613391|234100
7.136812753613391|235100
7.136812753613391|236100
7.136812753613391|237100
7.136812753613391|238100
7.136812753613391|239100
7.136812753613391|240100
7.136812753613391|241100
7.136812753613391|242100
7.136812753613391|243100
7.136812753613391|244100
7.136812753613391|245100
7.136812753613391|246100
7.136812753613391|247100
7.136812753613391|248100
7.136812753613391|249100
7.136812753613391|250100
7.136812753613391|251100
7.136812753613391|252100
7.136812753613391|253100
7.136812753613391|254100
7.136812753613391|255100
7.136812753613391|256100
7.136812753613391|257100
7.136812753613391|258100
7.136812753613391|259100
7.136812753613391|260100
7.136812753613391|261100
7.136812753613391|262100
7.136812753613391|263100
7.136812753613391|264100
7.136812753613391|265100
7.136812753613391|266100
7.136812753613391|267100
7.136812753613391|268100
7.136812753613391|269100
7.136812753613391|270100
7.136812753613391|271100
7.136812753613391|272100
7.136812753613391|273100
7.136812753613391|274100
7.136812753613391|275100
7.136812753613391|276100
7.136812753613391|277100
7.136812753613391|278100
7.136812753613391|279100
7.136812753613391|280100
7.136812753613391|281100
7.136812753613391|282100
7.136812753613391|283100
7.0519930065189165|284100
7.0519930065189165|285100
7.0519930065189165|286100
7.0519930065189165|287100
7.0519930065189165|288100
7.0519930065189165|289100
7.0519930065189165|290100
7.0519930065189165|291100
7.0519930065189165|292100
7.0519930065189165|293100
7.0519930065189165|294100
7.0519930065189165|295100
7.0519930065189165|296100
7.0519930065189165|297100
7.0519930065189165|298100
7.0519930065189165|299100
7.0519930065189165|300100
7.0519930065189165|301100
7.0519930065189165|302100
7.0519930065189165|303100
7.0519930065189165|304100
7.0519930065189165|305100
7.0519930065189165|306100
7.0519930065189165|307100
7.0519930065189165|308100
7.0519930065189165|309100
7.0519930065189165|310100
7.0519930065189165|311100
7.0519930065189165|312100
7.0519930065189165|313100
7.0519930065189165|314100
7.0519930065189165|315100
7.0519930065189165|316100
7.0519930065189165|317100
7.0519930065189165|318100
7.0519930065189165|319100
7.0519930065189165|320100
7.0519930065189165|321100
7.0519930065189165|322100
7.0519930065189165|323100
7.0519930065189165|324100
7.0519930065189165|325100
7.051993006518916|326100
7.051993006518916|327100
7.051993006518916|328100
7.051993006518916|329100
7.051993006518916|330100
7.051993006518916|331100
7.051993006518916|332100
7.051993006518916|333100
7.051993006518916|334100
7.051993006518916|335100
7.051993006518916|336100
7.051993006518916|337100
7.051993006518916|338100
7.051993006518916|339100
7.051993006518916|340100
7.051993006518916|341100
7.051993006518916|342100
7.051993006518916|343100
7.051993006518916|344100
7.051993006518916|345100
7.051993006518916|346100
7.051993006518916|347100
7.051993006518916|348100
7.051993006518916|349100
7.036278397116252|350100
7.036278397116252|351100
7.036278397116252|352100
7.036278397116252|353100
7.036278397116252|354100
7.036278397116252|355100
7.036278397116252|356100
7.036278397116252|357100
7.036278397116252|358100
7.036278397116252|359100
7.036278397116252|360100
7.036278397116252|361100
7.036278397116252|362100
7.036278397116252|363100
7.036278397116252|364100
7.036278397116252|365100
7.036278397116252|366100
7.036278397116252|367100
7.036278397116252|368100
7.036278397116252|369100
6.998540309397126|370100
6.998540309397126|371100
6.987372197284694|372100
6.987372197284694|373100
6.987372197284694|374100
6.987372197284694|375100
6.987372197284694|376100
6.987372197284694|377100
6.955731006949113|378100
6.955731006949113|379100
6.955731006949113|380100
6.955731006949113|381100
6.955731006949113|382100
6.955731006949113|383100
6.955731006949113|384100
6.955731006949113|385100
6.955731006949113|386100
6.955731006949113|387100
6.955731006949113|388100
6.955731006949113|389100
6.955731006949113|390100
6.955731006949113|391100
6.955731006949113|392100
6.955731006949113|393100
6.955731006949113|394100
6.955731006949113|395100
6.8119315704571495|396100
6.773145737121394|397100
6.752055484129246|398100
6.752055484129246|399100
6.752055484129246|400100
6.752055484129246|401100
6.752055484129246|402100
6.752055484129246|403100
6.751244111146151|404100
6.751244111146151|405100
6.751244111146151|406100
6.751244111146151|407100
6.751244111146151|408100
6.751244111146151|409100
6.751244111146151|410100
6.751244111146151|411100
6.751244111146151|412100
6.751244111146151|413100
6.751244111146151|414100
6.751244111146151|415100
6.751244111146151|416100
6.751244111146151|417100
6.751244111146151|418100
6.751244111146151|419100
6.751244111146151|420100
6.751244111146151|421100
6.751244111146151|422100
6.751244111146151|423100
6.751244111146151|424100
6.751244111146151|425100
6.751244111146151|426100
6.751244111146151|427100
6.751244111146151|428100
6.751244111146151|429100
6.751244111146151|430100
6.751244111146151|431100
6.751244111146151|432100
6.751244111146151|433100
6.751244111146151|434100
6.751244111146151|435100
6.751244111146151|436100
6.751244111146151|437100
6.751244111146151|438100
6.751244111146151|439100
6.751244111146151|440100
6.751244111146151|441100
6.751244111146151|442100
6.751244111146151|443100
6.751244111146151|444100
6.751244111146151|445100
6.751244111146151|446100
6.751244111146151|447100
6.751244111146151|448100
6.751244111146151|449100
6.751244111146151|450100
6.751244111146151|451100
6.751244111146151|452100
6.751244111146151|453100
6.751244111146151|454100
6.751244111146151|455100
6.751244111146151|456100
6.751244111146151|457100
6.751244111146151|458100
6.751244111146151|459100
6.751244111146151|460100
6.751244111146151|461100
6.751244111146151|462100
6.75124411114615|463100
6.75124411114615|464100
6.75124411114615|465100
6.75124411114615|466100
6.75124411114615|467100
6.75124411114615|468100
6.75124411114615|469100
6.75124411114615|470100
6.75124411114615|471100
6.75124411114615|472100
6.75124411114615|473100
6.75124411114615|474100
6.75124411114615|475100
6.75124411114615|476100
6.75124411114615|477100
6.75124411114615|478100
6.75124411114615|479100
6.75124411114615|480100
6.75124411114615|481100
6.75124411114615|482100
6.75124411114615|483100
6.75124411114615|484100
6.75124411114615|485100
6.75124411114615|486100
6.75124411114615|487100
6.75124411114615|488100
6.75124411114615|489100
6.75124411114615|490100
6.75124411114615|491100
6.75124411114615|492100
6.75124411114615|493100
6.75124411114615|494100
6.75124411114615|495100
6.75124411114615|496100
6.75124411114615|497100
6.75124411114615|498100
6.75124411114615|499100
6.75124411114615|500100
6.75124411114615|501100
6.75124411114615|502100
6.75124411114615|503100
6.75124411114615|504100
6.75124411114615|505100
6.75124411114615|506100
6.75124411114615|507100
6.75124411114615|508100
6.75124411114615|509100
6.75124411114615|510100
6.75124411114615|511100
6.75124411114615|512100
6.75124411114615|513100
6.75124411114615|514100
6.75124411114615|515100
6.75124411114615|516100
6.75124411114615|517100
6.75124411114615|518100
6.75124411114615|519100
6.75124411114615|520100
6.75124411114615|521100
6.75124411114615|522100
6.75124411114615|523100
6.75124411114615|524100
6.75124411114615|525100
6.75124411114615|526100
6.75124411114615|527100
6.75124411114615|528100
6.75124411114615|529100
6.75124411114615|530100
6.75124411114615|531100
6.75124411114615|532100
6.75124411114615|533100
6.75124411114615|534100
6.75124411114615|535100
6.75124411114615|536100
6.75124411114615|537100
6.75124411114615|538100
6.75124411114615|539100
6.75124411114615|540100
6.75124411114615|541100
6.75124411114615|542100
6.75124411114615|543100
6.75124411114615|544100
6.75124411114615|545100
6.75124411114615|546100
6.75124411114615|547100
6.75124411114615|548100
6.75124411114615|549100
6.75124411114615|550100
6.75124411114615|551100
6.75124411114615|552100
6.75124411114615|553100
6.75124411114615|554100
6.75124411114615|555100
6.75124411114615|556100
6.75124411114615|557100
6.75124411114615|558100
6.75124411114615|559100
6.75124411114615|560100
6.75124411114615|561100
6.75124411114615|562100
6.75124411114615|563100
6.75124411114615|564100
6.75124411114615|565100
6.75124411114615|566100
6.75124411114615|567100
6.75124411114615|568100
6.75124411114615|569100
6.75124411114615|570100
6.75124411114615|571100
6.75124411114615|572100
6.75124411114615|573100
6.75124411114615|574100
6.75124411114615|575100
6.75124411114615|576100
6.75124411114615|577100
6.75124411114615|578100
6.75124411114615|579100
6.75124411114615|580100
6.75124411114615|581100
6.75124411114615|582100
6.75124411114615|583100
6.75124411114615|584100
6.75124411114615|585100
6.75124411114615|586100
6.75124411114615|587100
6.75124411114615|588100
6.75124411114615|589100
6.75124411114615|590100
6.75124411114615|591100
6.75124411114615|592100
6.75124411114615|593100
6.75124411114615|594100
6.75124411114615|595100
6.75124411114615|596100
6.75124411114615|597100
6.75124411114615|598100
6.75124411114615|599100
6.75124411114615|600100
6.75124411114615|601100
6.75124411114615|602100
6.75124411114615|603100
6.75124411114615|604100
6.75124411114615|605100
6.75124411114615|606100
6.75124411114615|607100
6.75124411114615|608100
6.75124411114615|609100
6.75124411114615|610100
6.75124411114615|611100
6.75124411114615|612100
6.75124411114615|613100
6.75124411114615|614100
6.75124411114615|615100
6.75124411114615|616100
6.75124411114615|617100
6.75124411114615|618100
6.75124411114615|619100
6.75124411114615|620100
6.73589931718263|621100
6.73589931718263|622100
6.73461947192507|623100
6.73461947192507|624100
6.73461947192507|625100
6.73461947192507|626100
6.73461947192507|627100
6.73461947192507|628100
6.73461947192507|629100
6.73461947192507|630100
6.73461947192507|631100
6.73461947192507|632100
6.73461947192507|633100
6.73461947192507|634100
6.73461947192507|635100
6.73461947192507|636100
6.73461947192507|637100
6.73461947192507|638100
6.73461947192507|639100
6.73461947192507|640100
6.73461947192507|641100
6.73461947192507|642100
6.73461947192507|643100
6.73461947192507|644100
6.73461947192507|645100
6.73461947192507|646100
6.73461947192507|647100
6.73461947192507|648100
6.73461947192507|649100
6.73461947192507|650100
6.73461947192507|651100
6.73461947192507|652100
6.73461947192507|653100
6.73461947192507|654100
6.73461947192507|655100
6.73461947192507|656100
6.73461947192507|657100
6.73461947192507|658100
6.73461947192507|659100
6.73461947192507|660100
6.73461947192507|661100
6.73461947192507|662100
6.73461947192507|663100
6.73461947192507|664100
6.73461947192507|665100
6.73461947192507|666100
6.73461947192507|667100
6.73461947192507|668100
6.73461947192507|669100
6.73461947192507|670100
6.73461947192507|671100
6.73461947192507|672100
6.73461947192507|673100
6.73461947192507|674100
6.73461947192507|675100
6.73461947192507|676100
6.73461947192507|677100
6.73461947192507|678100
6.73461947192507|679100
6.73461947192507|680100
6.73461947192507|681100
6.73461947192507|682100
6.73461947192507|683100
6.73461947192507|684100
6.73461947192507|685100
6.73461947192507|686100
6.73461947192507|687100
6.73461947192507|688100
6.73461947192507|689100
6.73461947192507|690100
6.73461947192507|691100
6.73461947192507|692100
6.73461947192507|693100
6.73461947192507|694100
6.73461947192507|695100
6.73461947192507|696100
6.73461947192507|697100
6.73461947192507|698100
6.73461947192507|699100
6.73461947192507|700100
6.73461947192507|701100
6.73461947192507|702100
6.73461947192507|703100
6.73461947192507|704100
6.73461947192507|705100
6.73461947192507|706100
6.73461947192507|707100
6.73461947192507|708100
6.73461947192507|709100
6.73461947192507|710100
6.73461947192507|711100
6.73461947192507|712100
6.73461947192507|713100
6.73461947192507|714100
6.73461947192507|715100
6.73461947192507|716100
6.73461947192507|717100
6.73461947192507|718100
6.73461947192507|719100
6.73461947192507|720100
6.73461947192507|721100
6.73461947192507|722100
6.73461947192507|723100
6.73461947192507|724100
6.73461947192507|725100
6.73461947192507|726100
6.73461947192507|727100
6.73461947192507|728100
6.73461947192507|729100
6.73461947192507|730100
6.73461947192507|731100
6.73461947192507|732100
6.73461947192507|733100
6.73461947192507|734100
6.73461947192507|735100
6.73461947192507|736100
6.73461947192507|737100
6.73461947192507|738100
6.73461947192507|739100
6.73461947192507|740100
6.73461947192507|741100
6.73461947192507|742100
6.73461947192507|743100
6.73461947192507|744100
6.73461947192507|745100
6.73461947192507|746100
6.73461947192507|747100
6.73461947192507|748100
6.73461947192507|749100
6.73461947192507|750100
6.73461947192507|751100
6.73461947192507|752100
6.7219813925749925|753100
6.7219813925749925|754100
6.7219813925749925|755100
6.7219813925749925|756100
6.7219813925749925|757100
6.7219813925749925|758100
6.7219813925749925|759100
6.7219813925749925|760100
6.721981392574992|761100
6.721981392574992|762100
6.721981392574992|763100
6.678075946465364|764100
6.678075946465364|765100
6.678075946465364|766100
6.678075946465364|767100
6.678075946465364|768100
6.678075946465364|769100
6.606244413803253|770100
6.606244413803253|771100
6.606244413803252|772100
6.606244413803252|773100
6.606244413803252|774100
6.606244413803252|775100
6.606244413803252|776100
6.606244413803252|777100
6.606244413803252|778100
6.606244413803252|779100
6.606244413803252|780100
6.606244413803252|781100
6.606244413803252|782100
6.606244413803252|783100
6.606244413803252|784100
6.606244413803252|785100
6.606244413803252|786100
6.606244413803252|787100
6.606244413803252|788100
6.606244413803252|789100
6.606244413803252|790100
6.606244413803252|791100
6.606244413803252|792100
6.606244413803252|793100
6.606244413803252|794100
6.606244413803252|795100
6.606244413803252|796100
6.606244413803252|797100
6.606244413803252|798100
6.606244413803252|799100
6.606244413803252|800100
6.606244413803252|801100
6.606244413803252|802100
6.606244413803252|803100
6.606244413803252|804100
6.606244413803252|805100
6.606244413803252|806100
6.606244413803252|807100
6.606244413803252|808100
6.606244413803252|809100
6.606244413803252|810100
6.606244413803252|811100
6.606244413803252|812100
6.606244413803252|813100
6.606244413803252|814100
6.606244413803252|815100
6.606244413803252|816100
6.606244413803252|817100
6.606244413803252|818100
6.606244413803252|819100
6.606244413803252|820100
6.606244413803252|821100
6.606244413803252|822100
6.606244413803252|823100
6.606244413803252|824100
6.606244413803252|825100
6.606244413803252|826100
6.606244413803252|827100
6.606244413803252|828100
6.606244413803252|829100
6.606244413803252|830100
6.606244413803252|831100
6.606244413803252|832100
6.606244413803252|833100
6.606244413803252|834100
6.606244413803252|835100
6.606244413803252|836100
6.606244413803252|837100
6.606244413803252|838100
6.606244413803252|839100
6.606244413803252|840100
6.606244413803252|841100
6.606244413803252|842100
6.606244413803252|843100
6.606244413803252|844100
6.606244413803252|845100
6.606244413803252|846100
6.606244413803252|847100
6.606244413803252|848100
6.606244413803252|849100
6.606244413803252|850100
6.606244413803252|851100
6.606244413803252|852100
6.606244413803252|853100
6.606244413803252|854100
6.606244413803252|855100
6.606244413803252|856100
6.606244413803252|857100
6.606244413803252|858100
6.606244413803252|859100
6.606244413803252|860100
6.606244413803252|861100
6.606244413803252|862100
6.606244413803252|863100
6.606244413803252|864100
6.606244413803252|865100
6.606244413803252|866100
6.606244413803252|867100
6.606244413803252|868100
6.606244413803252|869100
6.606244413803252|870100
6.606244413803252|871100
6.606244413803252|872100
6.606244413803252|873100
6.606244413803252|874100
6.606244413803252|875100
6.606244413803252|876100
6.606244413803252|877100
6.606244413803252|878100
6.606244413803252|879100
6.606244413803252|880100
6.606244413803252|881100
6.606244413803252|882100
6.606244413803252|883100
6.606244413803252|884100
6.606244413803252|885100
6.606244413803252|886100
6.606244413803252|887100
6.606244413803252|888100
6.606244413803252|889100
6.606244413803252|890100
6.606244413803252|891100
6.606244413803252|892100
6.606244413803252|893100
6.606244413803252|894100
6.606244413803252|895100
6.606244413803252|896100
6.606244413803252|897100
6.606244413803252|898100
6.606244413803252|899100
6.606244413803252|900100
6.606244413803252|901100
6.606244413803252|902100
6.606244413803252|903100
6.606244413803252|904100
6.606244413803252|905100
6.606244413803252|906100
6.606244413803252|907100
6.606244413803252|908100
6.606244413803252|909100
6.606244413803252|910100
6.606244413803252|911100
6.606244413803252|912100
6.606244413803252|913100
6.606244413803252|914100
6.606244413803252|915100
6.606244413803252|916100
6.606244413803252|917100
6.606244413803252|918100
6.606244413803252|919100
6.606244413803252|920100
6.606244413803252|921100
6.606244413803252|922100
6.606244413803252|923100
6.606244413803252|924100
6.606244413803252|925100
6.606244413803252|926100
6.606244413803252|927100
6.606244413803252|928100
6.606244413803252|929100
6.606244413803252|930100
6.606244413803252|931100
6.606244413803252|932100
6.606244413803252|933100
6.606244413803252|934100
6.606244413803252|935100
6.606244413803252|936100
6.606244413803252|937100
6.606244413803252|938100
6.606244413803252|939100
6.606244413803252|940100
6.606244413803252|941100
6.606244413803252|942100
6.606244413803252|943100
6.606244413803252|944100
6.606244413803252|945100
6.606244413803252|946100
6.606244413803252|947100
6.606244413803252|948100
6.606244413803252|949100
6.606244413803252|950100
6.606244413803252|951100
6.606244413803252|952100
6.606244413803252|953100
6.606244413803252|954100
6.606244413803252|955100
6.606244413803252|956100
6.606244413803252|957100
6.606244413803252|958100
6.606244413803252|959100
6.606244413803252|960100
6.606244413803252|961100
6.606244413803252|962100
6.606244413803252|963100
6.606244413803252|964100
6.606244413803252|965100
6.606244413803252|966100
6.606244413803252|967100
6.606244413803252|968100
6.606244413803252|969100
6.606244413803252|970100
6.606244413803252|971100
6.606244413803252|972100
6.606244413803252|973100
6.606244413803252|974100
6.606244413803252|975100
6.606244413803252|976100
6.606244413803252|977100
6.606244413803252|978100
6.606244413803252|979100
6.606244413803252|980100
6.606244413803252|981100
6.606244413803252|982100
6.606244413803252|983100
6.606244413803252|984100
6.606244413803252|985100
6.606244413803252|986100
6.606244413803252|987100
6.606244413803252|988100
6.606244413803252|989100
6.606244413803252|990100
6.606244413803252|991100
6.606244413803252|992100
6.606244413803252|993100
6.606244413803252|994100
6.606244413803252|995100
6.606244413803252|996100
6.606244413803252|997100
6.606244413803252|998100
6.606244413803252|999100
6.606244413803252|1000100
