21.721853758340213|2000
21.721853758340213|3000
20.480859769103805|4000
20.14352290821335|5000
19.38782089502739|6000
19.38782089502739|7000
19.38782089502739|8000
18.698969083208503|9000
18.6386792828675|10000
18.6386792828675|11000
18.466201619176793|12000
18.466201619176793|13000
17.481550181020896|14000
17.481550181020896|15000
17.481550181020896|16000
17.481550181020896|17000
17.481550181020896|18000
17.481550181020896|19000
17.002668137956405|20000
17.002668137956405|21000
17.002668137956405|22000
17.002668137956405|23000
17.002668137956405|24000
17.002668137956405|25000
16.988547294465135|26000
16.988547294465135|27000
16.988547294465135|28000
16.988547294465135|29000
16.988547294465135|30000
16.90339296151565|31000
16.59281627420203|32000
16.54712464314066|33000
16.54712464314066|34000
16.328156243984033|35000
16.328156243984033|36000
16.328156243984033|37000
16.328156243984033|38000
16.328156243984033|39000
16.328156243984033|40000
16.328156243984033|41000
16.328156243984033|42000
16.328156243984033|43000
16.30069672673504|44000
16.30069672673504|45000
16.30069672673504|46000
16.30069672673504|47000
16.30069672673504|48000
16.30069672673504|49000
16.30069672673504|50000
16.30069672673504|51000
16.30069672673504|52000
16.30069672673504|53000
16.30069672673504|54000
15.992402121001165|55000
15.992402121001165|56000
15.934204798757072|57000
15.934204798757072|58000
15.934204798757072|59000
15.934204798757072|60000
15.801205990185458|61000
15.801205990185458|62000
15.788674618164741|63000
15.788674618164741|64000
15.474211568058553|65000
15.474211568058553|66000
15.474211568058553|67000
15.474211568058553|68000
15.474211568058553|69000
15.474211568058553|70000
15.474211568058553|71000
15.474211568058553|72000
15.474211568058553|73000
14.796406988292404|74000
14.796406988292404|75000
14.796406988292404|76000
14.796406988292404|77000
14.796406988292404|78000
14.796406988292404|79000
14.143408621872426|80000
14.143408621872426|81000
14.143408621872426|82000
14.143408621872426|83000
14.143408621872426|84000
14.143408621872426|85000
14.143408621872426|86000
14.143408621872426|87000
14.143408621872426|88000
14.143408621872426|89000
14.143408621872426|90000
14.143408621872426|91000
14.143408621872426|92000
14.143408621872426|93000
14.143408621872426|94000
14.143408621872426|95000
14.143408621872426|96000
14.143408621872426|97000
14.143408621872426|98000
14.143408621872426|99000
14.143408621872426|100000
14.143408621872426|101000
14.143408621872426|102000
14.143408621872426|103000
14.143408621872426|104000
14.143408621872426|105000
14.143408621872426|106000
14.143408621872426|107000
14.143408621872426|108000
14.083367951429437|109000
14.083367951429437|110000
14.083367951429437|111000
14.083367951429437|112000
13.697680427637895|113000
13.697680427637895|114000
13.697680427637895|115000
13.697680427637895|116000
13.697680427637895|117000
13.697680427637895|118000
13.697680427637895|119000
13.697680427637895|120000
13.697680427637895|121000
13.697680427637895|122000
13.697680427637895|123000
13.697680427637895|124000
13.697680427637895|125000
13.697680427637895|126000
13.697680427637895|127000
13.697680427637895|128000
13.697680427637895|129000
13.697680427637895|130000
13.697680427637895|131000
13.697680427637895|132000
13.697680427637895|133000
13.697680427637895|134000
13.697680427637895|135000
13.697680427637895|136000
13.697680427637895|137000
13.697680427637895|138000
13.697680427637895|139000
13.697680427637895|140000
13.697680427637895|141000
13.697680427637895|142000
13.697680427637895|143000
13.697680427637895|144000
13.49046423999962|145000
13.49046423999962|146000
13.49046423999962|147000
13.49046423999962|148000
13.49046423999962|149000
13.49046423999962|150000
13.49046423999962|151000
13.49046423999962|152000
13.49046423999962|153000
13.49046423999962|154000
13.49046423999962|155000
13.49046423999962|156000
13.49046423999962|157000
13.49046423999962|158000
13.49046423999962|159000
13.49046423999962|160000
13.49046423999962|161000
13.38945191255717|162000
13.38945191255717|163000
13.38945191255717|164000
13.38945191255717|165000
13.38945191255717|166000
13.38945191255717|167000
13.38945191255717|168000
13.38945191255717|169000
13.38945191255717|170000
13.38945191255717|171000
13.38945191255717|172000
13.38945191255717|173000
13.38945191255717|174000
13.38945191255717|175000
13.38945191255717|176000
12.889642365840468|177000
12.889642365840468|178000
12.889642365840468|179000
12.889642365840468|180000
12.889642365840468|181000
12.889642365840468|182000
12.889642365840468|183000
12.889642365840468|184000
12.889642365840468|185000
12.889642365840468|186000
12.889642365840468|187000
12.889642365840468|188000
12.889642365840468|189000
12.889642365840468|190000
12.889642365840468|191000
12.889642365840468|192000
12.889642365840468|193000
12.889642365840468|194000
12.889642365840468|195000
12.889642365840468|196000
12.889642365840468|197000
12.889642365840468|198000
12.889642365840468|199000
12.889642365840468|200000
12.889642365840468|201000
12.889642365840468|202000
12.889642365840468|203000
12.889642365840468|204000
12.532698539322338|205000
12.532698539322338|206000
12.532698539322338|207000
12.532698539322338|208000
12.532698539322338|209000
12.532698539322338|210000
12.532698539322338|211000
12.369587628583963|212000
12.369587628583963|213000
12.369587628583963|214000
12.369587628583963|215000
12.369587628583963|216000
12.369587628583963|217000
12.369587628583963|218000
12.369587628583963|219000
12.369587628583963|220000
12.369587628583963|221000
12.369587628583963|222000
12.369587628583963|223000
12.185880783937973|224000
12.185880783937973|225000
12.185880783937973|226000
12.185880783937973|227000
12.185880783937973|228000
12.185880783937973|229000
12.185880783937973|230000
12.185880783937973|231000
12.185880783937973|232000
12.185880783937973|233000
12.185880783937973|234000
12.185880783937973|235000
12.185880783937973|236000
12.185880783937973|237000
11.889143111609192|238000
11.889143111609192|239000
11.889143111609192|240000
11.889143111609192|241000
11.889143111609192|242000
11.889143111609192|243000
11.889143111609192|244000
11.487250595348131|245000
11.487250595348131|246000
11.487250595348131|247000
11.487250595348131|248000
11.487250595348131|249000
11.487250595348131|250000
11.487250595348131|251000
11.487250595348131|252000
11.487250595348131|253000
11.487250595348131|254000
11.487250595348131|255000
11.487250595348131|256000
11.487250595348131|257000
11.487250595348131|258000
11.345861763395739|259000
11.345861763395739|260000
11.345861763395739|261000
11.345861763395739|262000
11.345861763395739|263000
11.345861763395739|264000
11.345861763395739|265000
11.345861763395739|266000
11.203130100839221|267000
11.203130100839221|268000
11.203130100839221|269000
11.203130100839221|270000
11.203130100839221|271000
11.203130100839221|272000
11.203130100839221|273000
11.203130100839221|274000
11.203130100839221|275000
11.203130100839221|276000
11.203130100839221|277000
11.203130100839221|278000
11.203130100839221|279000
10.895014151147171|280000
10.895014151147171|281000
10.895014151147171|282000
10.895014151147171|283000
10.829278097075573|284000
10.829278097075573|285000
10.829278097075573|286000
10.829278097075573|287000
10.829278097075573|288000
10.727282011413998|289000
10.727282011413998|290000
10.727282011413998|291000
10.727282011413998|292000
10.597833841801155|293000
10.597833841801155|294000
10.597833841801155|295000
10.597833841801155|296000
10.597833841801155|297000
10.597833841801155|298000
10.26059258881186|299000
10.26059258881186|300000
10.26059258881186|301000
10.26059258881186|302000
10.26059258881186|303000
10.26059258881186|304000
10.26059258881186|305000
10.26059258881186|306000
10.26059258881186|307000
10.26059258881186|308000
10.26059258881186|309000
10.120681112062172|310000
10.106305870096703|311000
10.106305870096703|312000
10.106305870096703|313000
10.106305870096703|314000
10.106305870096703|315000
10.106305870096703|316000
10.106305870096703|317000
10.106305870096703|318000
10.106305870096703|319000
10.106305870096703|320000
10.074169367710684|321000
10.074169367710684|322000
9.797000701686693|323000
9.797000701686693|324000
9.797000701686693|325000
9.797000701686693|326000
9.455411660692755|327000
9.455411660692755|328000
9.455411660692755|329000
9.455411660692755|330000
9.455411660692755|331000
9.455411660692755|332000
9.455411660692755|333000
9.455411660692755|334000
9.455411660692755|335000
9.455411660692755|336000
9.27609901105211|337000
9.27609901105211|338000
9.27609901105211|339000
9.27609901105211|340000
9.27609901105211|341000
9.066477521119706|342000
9.066477521119706|343000
9.066477521119706|344000
9.066477521119706|345000
9.066477521119706|346000
9.066477521119706|347000
9.066477521119706|348000
9.066477521119706|349000
9.066477521119706|350000
9.066477521119706|351000
9.066477521119706|352000
9.066477521119706|353000
9.066477521119706|354000
9.066477521119706|355000
9.066477521119706|356000
9.066477521119706|357000
9.066477521119706|358000
9.066477521119706|359000
9.066477521119706|360000
9.066477521119706|361000
9.066477521119706|362000
9.066477521119706|363000
9.066477521119706|364000
9.066477521119706|365000
9.016928982589139|366000
8.616819229989256|367000
8.616819229989256|368000
8.616819229989256|369000
8.616819229989256|370000
8.607321557178942|371000
8.607321557178942|372000
8.607321557178942|373000
8.607321557178942|374000
8.607321557178942|375000
8.607321557178942|376000
8.607321557178942|377000
8.607321557178942|378000
8.607321557178942|379000
8.532947329401214|380000
8.490475136165728|381000
8.490475136165728|382000
8.490475136165728|383000
8.490475136165728|384000
8.490475136165728|385000
8.490475136165728|386000
8.490475136165728|387000
8.490475136165728|388000
8.490475136165728|389000
8.490475136165728|390000
8.490475136165728|391000
8.208071372471789|392000
8.208071372471789|393000
8.208071372471789|394000
8.208071372471789|395000
8.208071372471789|396000
8.208071372471789|397000
8.208071372471789|398000
8.208071372471789|399000
8.208071372471789|400000
8.208071372471789|401000
8.208071372471789|402000
8.208071372471789|403000
8.208071372471789|404000
8.208071372471789|405000
8.208071372471789|406000
8.208071372471789|407000
8.208071372471789|408000
8.208071372471789|409000
8.208071372471789|410000
8.208071372471789|411000
8.208071372471789|412000
8.208071372471789|413000
8.208071372471789|414000
8.208071372471789|415000
8.208071372471789|416000
8.208071372471789|417000
8.208071372471789|418000
8.208071372471789|419000
8.208071372471789|420000
8.177519036907112|421000
8.177519036907112|422000
8.030297060030097|423000
8.030297060030097|424000
8.00547357164389|425000
8.00547357164389|426000
8.00547357164389|427000
8.00547357164389|428000
8.00547357164389|429000
8.00547357164389|430000
8.00547357164389|431000
8.00547357164389|432000
8.00547357164389|433000
7.977343405005207|434000
7.977343405005207|435000
7.940355345372064|436000
7.810944245288777|437000
7.810944245288777|438000
7.810944245288777|439000
7.810944245288777|440000
7.782645973995835|441000
7.782645973995835|442000
7.65084763891097|443000
7.65084763891097|444000
7.633853307175292|445000
7.56477028866537|446000
7.56477028866537|447000
7.56477028866537|448000
7.56477028866537|449000
7.437410095803221|450000
7.437410095803221|451000
7.437410095803221|452000
7.437410095803221|453000
7.259302362174243|454000
7.259302362174243|455000
7.259302362174243|456000
7.259302362174243|457000
7.259302362174243|458000
7.259302362174243|459000
7.241862775068544|460000
7.241862775068544|461000
7.241862775068544|462000
7.1118580941970535|463000
7.1118580941970535|464000
7.1118580941970535|465000
7.1118580941970535|466000
7.1118580941970535|467000
7.1118580941970535|468000
7.1118580941970535|469000
7.1118580941970535|470000
7.1118580941970535|471000
7.007990910555922|472000
6.975018463164015|473000
6.975018463164015|474000
6.975018463164015|475000
6.975018463164015|476000
6.975018463164015|477000
6.8450137822925265|478000
6.8450137822925265|479000
6.8450137822925265|480000
6.8450137822925265|481000
6.8450137822925265|482000
6.8450137822925265|483000
6.845013782292525|484000
6.776736244976092|485000
6.75987451025384|486000
6.75987451025384|487000
6.75987451025384|488000
6.75987451025384|489000
6.75987451025384|490000
6.75987451025384|491000
6.75987451025384|492000
6.691596972937407|493000
6.691596972937407|494000
6.691596972937407|495000
6.661655947221487|496000
6.661655947221487|497000
6.629257631497602|498000
6.629257631497602|499000
6.629257631497602|500000
6.629257631497602|501000
6.629257631497602|502000
6.629257631497602|503000
6.629257631497602|504000
6.629257631497602|505000
6.544118359458915|506000
6.544118359458915|507000
6.544118359458915|508000
6.544118359458915|509000
6.544118359458915|510000
6.544118359458915|511000
6.522757523021027|512000
6.522757523021027|513000
6.522757523021027|514000
6.514177333742995|515000
6.514177333742995|516000
6.514177333742995|517000
6.514177333742995|518000
6.514177333742995|519000
6.514177333742995|520000
6.46755927669826|521000
6.46755927669826|522000
6.46755927669826|523000
6.46755927669826|524000
6.46755927669826|525000
6.433068334617289|526000
6.433068334617289|527000
6.433068334617289|528000
6.433068334617289|529000
6.433068334617289|530000
6.356509251856634|531000
6.356509251856634|532000
6.356509251856634|533000
6.326568226140714|534000
6.326568226140714|535000
6.326568226140714|536000
6.326568226140714|537000
6.326568226140714|538000
6.326568226140714|539000
6.326568226140714|540000
6.326568226140714|541000
6.326568226140714|542000
6.326568226140714|543000
6.326568226140714|544000
6.326568226140714|545000
6.326568226140714|546000
6.269906843396766|547000
6.269906843396766|548000
6.269906843396766|549000
6.269906843396766|550000
6.269906843396766|551000
6.251035209496737|552000
6.193347760636112|553000
6.193347760636112|554000
6.193347760636112|555000
6.193347760636112|556000
6.193347760636112|557000
6.193347760636112|558000
6.193347760636112|559000
6.193347760636112|560000
6.193347760636112|561000
6.193347760636112|562000
6.119094589249696|563000
6.117814743992135|564000
6.117814743992135|565000
6.117814743992135|566000
6.117814743992135|567000
6.117814743992135|568000
6.1070941616474475|569000
6.1070941616474475|570000
6.1070941616474475|571000
6.1070941616474475|572000
6.1070941616474475|573000
6.1070941616474475|574000
6.06226005600428|575000
6.06226005600428|576000
6.06226005600428|577000
6.06226005600428|578000
6.06226005600428|579000
6.06226005600428|580000
6.06226005600428|581000
6.06226005600428|582000
6.053706169700008|583000
6.053706169700008|584000
6.053706169700008|585000
6.053706169700008|586000
6.053706169700008|587000
6.053706169700008|588000
6.051539473659593|589000
6.051539473659593|590000
6.051539473659593|591000
6.051539473659593|592000
6.051539473659593|593000
6.051539473659593|594000
6.051539473659593|595000
6.051539473659593|596000
6.051539473659593|597000
6.042985587355321|598000
6.042985587355321|599000
6.042985587355321|600000
6.042985587355321|601000
6.042985587355321|602000
6.042985587355321|603000
6.042985587355321|604000
6.042985587355321|605000
6.042985587355321|606000
6.042985587355321|607000
6.042985587355321|608000
6.042985587355321|609000
6.042985587355321|610000
6.042985587355321|611000
6.042985587355321|612000
6.042985587355321|613000
6.032794584259086|614000
6.032794584259086|615000
6.032794584259086|616000
6.032794584259086|617000
6.032794584259086|618000
6.032794584259086|619000
6.032794584259086|620000
6.032794584259086|621000
5.953933295399132|622000
5.953933295399132|623000
5.953933295399132|624000
5.943742292302897|625000
5.943742292302897|626000
5.943742292302897|627000
5.943742292302897|628000
5.943742292302897|629000
5.943742292302897|630000
5.943742292302897|631000
5.943742292302897|632000
5.943742292302897|633000
5.943742292302897|634000
5.943742292302897|635000
5.943742292302897|636000
5.943742292302897|637000
5.943742292302897|638000
5.943742292302897|639000
5.943742292302897|640000
5.943742292302897|641000
5.943742292302897|642000
5.943742292302897|643000
5.943742292302897|644000
5.943742292302897|645000
5.943742292302897|646000
5.943742292302897|647000
5.943742292302897|648000
5.943742292302897|649000
5.943742292302897|650000
5.943742292302897|651000
5.943742292302897|652000
5.943742292302897|653000
5.943742292302897|654000
5.943742292302897|655000
5.943742292302897|656000
5.943742292302897|657000
5.943742292302897|658000
5.943742292302897|659000
5.943742292302897|660000
5.943742292302897|661000
5.943742292302897|662000
5.943742292302897|663000
5.943742292302897|664000
5.943742292302897|665000
5.943742292302897|666000
5.943742292302897|667000
5.943742292302897|668000
5.943742292302897|669000
5.943742292302897|670000
5.943742292302897|671000
5.943742292302897|672000
5.943742292302897|673000
5.943742292302897|674000
5.943742292302897|675000
5.943742292302897|676000
5.943742292302897|677000
5.943742292302897|678000
5.943742292302897|679000
5.943742292302897|680000
5.943742292302897|681000
5.943742292302897|682000
5.943742292302897|683000
5.943742292302897|684000
5.943742292302897|685000
5.943742292302897|686000
5.943742292302897|687000
5.943742292302897|688000
5.943742292302897|689000
5.943742292302897|690000
5.943742292302897|691000
5.943742292302897|692000
5.943742292302897|693000
5.943742292302897|694000
5.943742292302897|695000
5.943742292302897|696000
5.943742292302897|697000
5.943742292302897|698000
5.943742292302897|699000
5.943742292302897|700000
5.943742292302897|701000
5.943742292302897|702000
5.943742292302897|703000
5.943742292302897|704000
5.943742292302897|705000
5.943742292302897|706000
5.943742292302897|707000
5.943742292302897|708000
5.943742292302897|709000
5.943742292302897|710000
5.943742292302897|711000
5.943742292302897|712000
5.943742292302897|713000
5.943742292302897|714000
5.943742292302897|715000
5.943742292302897|716000
5.943742292302897|717000
5.943742292302897|718000
5.943742292302897|719000
5.943742292302897|720000
5.943742292302897|721000
5.943742292302897|722000
5.943742292302897|723000
5.943742292302897|724000
5.943742292302897|725000
5.943742292302897|726000
5.943742292302897|727000
5.943742292302897|728000
5.943742292302897|729000
5.943742292302897|730000
5.943742292302897|731000
5.943742292302897|732000
5.943742292302897|733000
5.943742292302897|734000
5.943742292302897|735000
5.943742292302897|736000
5.943742292302897|737000
5.943742292302897|738000
5.943742292302897|739000
5.943742292302897|740000
5.943742292302897|741000
5.943742292302897|742000
5.943742292302897|743000
5.943742292302897|744000
5.943742292302897|745000
5.943742292302897|746000
5.943742292302897|747000
5.943742292302897|748000
5.943742292302897|749000
5.943742292302897|750000
5.943742292302897|751000
5.943742292302897|752000
5.943742292302897|753000
5.943742292302897|754000
5.943742292302897|755000
5.943742292302897|756000
5.943742292302897|757000
5.943742292302897|758000
5.943742292302897|759000
5.943742292302897|760000
5.943742292302897|761000
5.943742292302897|762000
5.943742292302897|763000
5.943742292302897|764000
5.943742292302897|765000
5.943742292302897|766000
5.943742292302897|767000
5.943742292302897|768000
5.943742292302897|769000
5.943742292302897|770000
5.943742292302897|771000
5.943742292302897|772000
5.943742292302897|773000
5.943742292302897|774000
5.943742292302897|775000
5.943742292302897|776000
5.943742292302897|777000
5.943742292302897|778000
5.943742292302897|779000
5.943742292302897|780000
5.943742292302897|781000
5.943742292302897|782000
5.943742292302897|783000
5.943742292302897|784000
5.943742292302897|785000
5.943742292302897|786000
5.943742292302897|787000
5.943742292302897|788000
5.943742292302897|789000
5.943742292302897|790000
5.943742292302897|791000
5.943742292302897|792000
5.943742292302897|793000
5.943742292302897|794000
5.943742292302897|795000
5.943742292302897|796000
5.943742292302897|797000
5.943742292302897|798000
5.943742292302897|799000
5.943742292302897|800000
5.943742292302897|801000
5.943742292302897|802000
5.943742292302897|803000
5.943742292302897|804000
5.943742292302897|805000
5.943742292302897|806000
5.943742292302897|807000
5.943742292302897|808000
5.943742292302897|809000
5.943742292302897|810000
5.943742292302897|811000
5.943742292302897|812000
5.943742292302897|813000
5.943742292302897|814000
5.943742292302897|815000
5.943742292302897|816000
5.943742292302897|817000
5.943742292302897|818000
5.943742292302897|819000
5.943742292302897|820000
5.943742292302897|821000
5.943742292302897|822000
5.943742292302897|823000
5.943742292302897|824000
5.943742292302897|825000
5.943742292302897|826000
5.943742292302897|827000
5.943742292302897|828000
5.943742292302897|829000
5.943742292302897|830000
5.943742292302897|831000
5.943742292302897|832000
5.943742292302897|833000
5.943742292302897|834000
5.943742292302897|835000
5.943742292302897|836000
5.943742292302897|837000
5.943742292302897|838000
5.943742292302897|839000
5.943742292302897|840000
5.943742292302897|841000
5.943742292302897|842000
5.943742292302897|843000
5.943742292302897|844000
5.943742292302897|845000
5.943742292302897|846000
5.943742292302897|847000
5.943742292302897|848000
5.943742292302897|849000
5.943742292302897|850000
5.943742292302897|851000
5.943742292302897|852000
5.943742292302897|853000
5.943742292302897|854000
5.943742292302897|855000
5.943742292302897|856000
5.943742292302897|857000
5.943742292302897|858000
5.943742292302897|859000
5.943742292302897|860000
5.943742292302897|861000
5.943742292302897|862000
5.943742292302897|863000
5.943742292302897|864000
5.943742292302897|865000
5.943742292302897|866000
5.943742292302897|867000
5.943742292302897|868000
5.943742292302897|869000
5.943742292302897|870000
5.943742292302897|871000
5.943742292302897|872000
5.943742292302897|873000
5.943742292302897|874000
5.943742292302897|875000
5.943742292302897|876000
5.943742292302897|877000
5.943742292302897|878000
5.943742292302897|879000
5.943742292302897|880000
5.943742292302897|881000
5.943742292302897|882000
5.943742292302897|883000
5.943742292302897|884000
5.943742292302897|885000
5.943742292302897|886000
5.943742292302897|887000
5.943742292302897|888000
5.943742292302897|889000
5.943742292302897|890000
5.943742292302897|891000
5.943742292302897|892000
5.943742292302897|893000
5.943742292302897|894000
5.943742292302897|895000
5.943742292302897|896000
5.943742292302897|897000
5.943742292302897|898000
5.943742292302897|899000
5.943742292302897|900000
5.943742292302897|901000
5.943742292302897|902000
5.943742292302897|903000
5.943742292302897|904000
5.943742292302897|905000
5.943742292302897|906000
5.943742292302897|907000
5.943742292302897|908000
5.943742292302897|909000
5.943742292302897|910000
5.943742292302897|911000
5.943742292302897|912000
5.943742292302897|913000
5.943742292302897|914000
5.943742292302897|915000
5.943742292302897|916000
5.943742292302897|917000
5.943742292302897|918000
5.943742292302897|919000
5.943742292302897|920000
5.943742292302897|921000
5.943742292302897|922000
5.943742292302897|923000
5.943742292302897|924000
5.943742292302897|925000
5.943742292302897|926000
5.943742292302897|927000
5.943742292302897|928000
5.943742292302897|929000
5.943742292302897|930000
5.943742292302897|931000
5.943742292302897|932000
5.943742292302897|933000
5.943742292302897|934000
5.943742292302897|935000
5.943742292302897|936000
5.943742292302897|937000
5.943742292302897|938000
5.943742292302897|939000
5.943742292302897|940000
5.943742292302897|941000
5.943742292302897|942000
5.943742292302897|943000
5.943742292302897|944000
5.943742292302897|945000
5.943742292302897|946000
5.943742292302897|947000
5.943742292302897|948000
5.943742292302897|949000
5.943742292302897|950000
5.943742292302897|951000
5.943742292302897|952000
5.943742292302897|953000
5.943742292302897|954000
5.943742292302897|955000
5.943742292302897|956000
5.943742292302897|957000
5.943742292302897|958000
5.943742292302897|959000
5.943742292302897|960000
5.943742292302897|961000
5.943742292302897|962000
5.943742292302897|963000
5.943742292302897|964000
5.943742292302897|965000
5.943742292302897|966000
5.943742292302897|967000
5.943742292302897|968000
5.943742292302897|969000
5.943742292302897|970000
5.943742292302897|971000
5.943742292302897|972000
5.943742292302897|973000
5.943742292302897|974000
5.943742292302897|975000
5.943742292302897|976000
5.943742292302897|977000
5.943742292302897|978000
5.943742292302897|979000
5.943742292302897|980000
5.943742292302897|981000
5.943742292302897|982000
5.943742292302897|983000
5.943742292302897|984000
5.943742292302897|985000
5.943742292302897|986000
5.943742292302897|987000
5.943742292302897|988000
5.943742292302897|989000
5.943742292302897|990000
5.943742292302897|991000
5.943742292302897|992000
5.943742292302897|993000
5.943742292302897|994000
5.943742292302897|995000
5.943742292302897|996000
5.943742292302897|997000
5.943742292302897|998000
5.943742292302897|999000
5.943742292302897|1000000
