23.56533331567817|1100
19.620840894108895|2100
18.140526194756323|3100
17.342638961711785|4100
15.186413111091591|5100
14.443809438295668|6100
12.752491965007259|7100
12.334265026333842|8100
10.612165097784956|9100
9.742845584763591|10100
9.44835253886495|11100
9.178467898740063|12100
8.927095855138708|13100
8.679345064312265|14100
8.391186407411128|15100
8.171719943621518|16100
7.951180408095394|17100
7.869732027876149|18100
7.521504102884863|19100
7.46863416358731|20100
7.338342726191436|21100
7.338342726191436|22100
7.323142756148427|23100
7.323142756148427|24100
7.294994443986279|25100
7.244817092487609|26100
7.176891190983386|27100
7.138265442976794|28100
7.070339541472571|29100
7.070339541472571|30100
6.985889097966818|31100
6.949625005517107|32100
6.940368114565898|33100
6.940368114565898|34100
6.940368114565898|35100
6.940368114565897|36100
6.919331270490208|37100
6.919331270490208|38100
6.919331270490208|39100
6.889870990009841|40100
6.889870990009841|41100
6.889870990009841|42100
6.852118302024147|43100
6.820742414003946|44100
6.820742414003946|45100
6.820742414003946|46100
6.820742414003946|47100
6.820742414003946|48100
6.820742414003946|49100
6.820742414003946|50100
6.820742414003945|51100
6.820742414003945|52100
6.820742414003945|53100
6.798592564628752|54100
6.798592564628752|55100
6.798592564628752|56100
6.786405154310603|57100
6.775508068347437|58100
6.775508068347437|59100
6.735199423298188|60100
6.728316247381096|61100
6.70886079922037|62100
6.707225994388948|63100
6.707225994388948|64100
6.707225994388948|65100
6.707225994388948|66100
6.707225994388948|67100
6.707225994388948|68100
6.707225994388948|69100
6.707225994388948|70100
6.707225994388948|71100
6.707225994388948|72100
6.707225994388948|73100
6.707225994388948|74100
6.707225994388948|75100
6.707225994388948|76100
6.707225994388948|77100
6.707225994388948|78100
6.670315800445951|79100
6.670315800445951|80100
6.670315800445951|81100
6.670315800445951|82100
6.670315800445951|83100
6.67031580044595|84100
6.67031580044595|85100
6.67031580044595|86100
6.67031580044595|87100
6.67031580044595|88100
6.67031580044595|89100
6.67031580044595|90100
6.67031580044595|91100
6.67031580044595|92100
6.67031580044595|93100
6.67031580044595|94100
6.67031580044595|95100
6.67031580044595|96100
6.67031580044595|97100
6.67031580044595|98100
6.67031580044595|99100
6.67031580044595|100100
6.67031580044595|101100
6.67031580044595|102100
6.67031580044595|103100
6.67031580044595|104100
6.67031580044595|105100
6.67031580044595|106100
6.67031580044595|107100
6.67031580044595|108100
6.67031580044595|109100
6.67031580044595|110100
6.67031580044595|111100
6.67031580044595|112100
6.67031580044595|113100
6.67031580044595|114100
6.67031580044595|115100
6.67031580044595|116100
6.67031580044595|117100
6.67031580044595|118100
6.67031580044595|119100
6.67031580044595|120100
6.67031580044595|121100
6.67031580044595|122100
6.67031580044595|123100
6.67031580044595|124100
6.67031580044595|125100
6.67031580044595|126100
6.67031580044595|127100
6.67031580044595|128100
6.67031580044595|129100
6.67031580044595|130100
6.67031580044595|131100
6.67031580044595|132100
6.67031580044595|133100
6.67031580044595|134100
6.67031580044595|135100
6.67031580044595|136100
6.67031580044595|137100
6.67031580044595|138100
6.67031580044595|139100
6.67031580044595|140100
6.67031580044595|141100
6.67031580044595|142100
6.67031580044595|143100
6.67031580044595|144100
6.67031580044595|145100
6.67031580044595|146100
6.67031580044595|147100
6.67031580044595|148100
6.67031580044595|149100
6.67031580044595|150100
6.67031580044595|151100
6.67031580044595|152100
6.67031580044595|153100
6.67031580044595|154100
6.67031580044595|155100
6.67031580044595|156100
6.67031580044595|157100
6.67031580044595|158100
6.67031580044595|159100
6.67031580044595|160100
6.67031580044595|161100
6.67031580044595|162100
6.67031580044595|163100
6.67031580044595|164100
6.67031580044595|165100
6.67031580044595|166100
6.67031580044595|167100
6.67031580044595|168100
6.67031580044595|169100
6.67031580044595|170100
6.67031580044595|171100
6.67031580044595|172100
6.67031580044595|173100
6.67031580044595|174100
6.67031580044595|175100
6.67031580044595|176100
6.67031580044595|177100
6.67031580044595|178100
6.67031580044595|179100
6.67031580044595|180100
6.67031580044595|181100
6.67031580044595|182100
6.67031580044595|183100
6.67031580044595|184100
6.67031580044595|185100
6.67031580044595|186100
6.67031580044595|187100
6.67031580044595|188100
6.67031580044595|189100
6.67031580044595|190100
6.67031580044595|191100
6.67031580044595|192100
6.67031580044595|193100
6.67031580044595|194100
6.629810193512158|195100
6.629810193512158|196100
6.629810193512158|197100
6.629810193512158|198100
6.629810193512158|199100
6.629810193512158|200100
6.629810193512158|201100
6.629810193512158|202100
6.629810193512158|203100
6.629810193512158|204100
6.628051933791645|205100
6.628051933791645|206100
6.628051933791645|207100
6.628051933791645|208100
6.628051933791645|209100
6.628051933791645|210100
6.628051933791645|211100
6.628051933791645|212100
6.628051933791645|213100
6.628051933791645|214100
6.628051933791645|215100
6.628051933791645|216100
6.628051933791645|217100
6.628051933791645|218100
6.628051933791645|219100
6.628051933791645|220100
6.628051933791645|221100
6.628051933791645|222100
6.618904063680639|223100
6.618904063680639|224100
6.618904063680639|225100
6.618904063680639|226100
6.6103501773763655|227100
6.610350177376365|228100
6.610350177376365|229100
6.610350177376365|230100
6.610350177376365|231100
6.610350177376365|232100
6.610350177376365|233100
6.610350177376365|234100
6.610350177376365|235100
6.610350177376365|236100
6.610350177376365|237100
6.610350177376365|238100
6.610350177376365|239100
6.610350177376365|240100
6.610350177376365|241100
6.610350177376365|242100
6.610350177376365|243100
6.610350177376365|244100
6.610350177376365|245100
6.610350177376365|246100
6.610350177376365|247100
6.610350177376365|248100
6.610350177376365|249100
6.610350177376365|250100
6.610350177376365|251100
6.610350177376365|252100
6.610350177376365|253100
6.610350177376365|254100
6.610350177376365|255100
6.610350177376365|256100
6.610350177376365|257100
6.610350177376365|258100
6.610350177376365|259100
6.610350177376365|260100
6.610350177376365|261100
6.610350177376365|262100
6.582232399567512|263100
6.582232399567512|264100
6.582232399567512|265100
6.582232399567512|266100
6.582232399567512|267100
6.582232399567512|268100
6.582232399567512|269100
6.582232399567512|270100
6.582232399567512|271100
6.582232399567512|272100
6.582232399567512|273100
6.582232399567512|274100
6.582232399567512|275100
6.582232399567512|276100
6.582232399567512|277100
6.582232399567512|278100
6.582232399567512|279100
6.582232399567512|280100
6.582232399567512|281100
6.582232399567512|282100
6.582232399567512|283100
6.582232399567512|284100
6.582232399567512|285100
6.582232399567512|286100
6.582232399567512|287100
6.582232399567512|288100
6.582232399567512|289100
6.582232399567512|290100
6.582232399567512|291100
6.582232399567512|292100
6.582232399567512|293100
6.582232399567512|294100
6.582232399567512|295100
6.582232399567512|296100
6.582232399567512|297100
6.582232399567512|298100
6.582232399567512|299100
6.582232399567512|300100
6.582232399567512|301100
6.582232399567512|302100
6.582232399567512|303100
6.582232399567512|304100
6.582232399567512|305100
6.582232399567512|306100
6.582232399567512|307100
6.582232399567512|308100
6.582232399567512|309100
6.582232399567512|310100
6.582232399567512|311100
6.582232399567512|312100
6.582232399567512|313100
6.582232399567512|314100
6.582232399567512|315100
6.582232399567512|316100
6.582232399567512|317100
6.582232399567512|318100
6.582232399567512|319100
6.582232399567512|320100
6.582232399567512|321100
6.582232399567512|322100
6.582232399567512|323100
6.582232399567512|324100
6.582232399567512|325100
6.582232399567512|326100
6.582232399567512|327100
6.582232399567512|328100
6.582232399567512|329100
6.582232399567512|330100
6.582232399567512|331100
6.582232399567512|332100
6.582232399567512|333100
6.582232399567512|334100
6.582232399567512|335100
6.582232399567512|336100
6.582232399567512|337100
6.582232399567512|338100
6.582232399567512|339100
6.582232399567512|340100
6.582232399567512|341100
6.582232399567512|342100
6.582232399567512|343100
6.582232399567512|344100
6.582232399567512|345100
6.582232399567512|346100
6.582232399567512|347100
6.582232399567512|348100
6.582232399567512|349100
6.582232399567512|350100
6.582232399567512|351100
6.582232399567512|352100
6.582232399567512|353100
6.582232399567512|354100
6.582232399567512|355100
6.582232399567512|356100
6.582232399567512|357100
6.582232399567512|358100
6.582232399567512|359100
6.582232399567512|360100
6.582232399567512|361100
6.582232399567512|362100
6.582232399567512|363100
6.582232399567512|364100
6.582232399567512|365100
6.582232399567512|366100
6.582232399567512|367100
6.582232399567512|368100
6.582232399567512|369100
6.582232399567512|370100
6.582232399567512|371100
6.582232399567512|372100
6.582232399567512|373100
6.582232399567512|374100
6.582232399567512|375100
6.582232399567512|376100
6.582232399567512|377100
6.582232399567512|378100
6.582232399567512|379100
6.582232399567512|380100
6.582232399567512|381100
6.582232399567512|382100
6.582232399567512|383100
6.582232399567512|384100
6.582232399567512|385100
6.582232399567512|386100
6.582232399567512|387100
6.582232399567512|388100
6.582232399567512|389100
6.582232399567512|390100
6.582232399567512|391100
6.582232399567512|392100
6.582232399567512|393100
6.582232399567512|394100
6.582232399567512|395100
6.582232399567512|396100
6.582232399567512|397100
6.582232399567512|398100
6.582232399567512|399100
6.5098902478310015|400100
6.5098902478310015|401100
6.5098902478310015|402100
6.5098902478310015|403100
6.509890247831001|404100
6.4403378630822905|405100
6.4403378630822905|406100
6.4403378630822905|407100
6.4403378630822905|408100
6.4403378630822905|409100
6.4403378630822905|410100
6.4403378630822905|411100
6.4403378630822905|412100
6.4403378630822905|413100
6.4403378630822905|414100
6.4403378630822905|415100
6.44033786308229|416100
6.44033786308229|417100
6.44033786308229|418100
6.44033786308229|419100
6.44033786308229|420100
6.44033786308229|421100
6.44033786308229|422100
6.44033786308229|423100
6.44033786308229|424100
6.44033786308229|425100
6.44033786308229|426100
6.44033786308229|427100
6.44033786308229|428100
6.44033786308229|429100
6.44033786308229|430100
6.44033786308229|431100
6.44033786308229|432100
6.44033786308229|433100
6.44033786308229|434100
6.44033786308229|435100
6.44033786308229|436100
6.44033786308229|437100
6.44033786308229|438100
6.44033786308229|439100
6.44033786308229|440100
6.44033786308229|441100
6.44033786308229|442100
6.44033786308229|443100
6.44033786308229|444100
6.44033786308229|445100
6.44033786308229|446100
6.44033786308229|447100
6.44033786308229|448100
6.44033786308229|449100
6.44033786308229|450100
6.44033786308229|451100
6.44033786308229|452100
6.44033786308229|453100
6.44033786308229|454100
6.44033786308229|455100
6.44033786308229|456100
6.44033786308229|457100
6.44033786308229|458100
6.44033786308229|459100
6.44033786308229|460100
6.44033786308229|461100
6.44033786308229|462100
6.44033786308229|463100
6.44033786308229|464100
6.44033786308229|465100
6.44033786308229|466100
6.44033786308229|467100
6.44033786308229|468100
6.44033786308229|469100
6.44033786308229|470100
6.44033786308229|471100
6.44033786308229|472100
6.44033786308229|473100
6.44033786308229|474100
6.44033786308229|475100
6.44033786308229|476100
6.44033786308229|477100
6.44033786308229|478100
6.44033786308229|479100
6.44033786308229|480100
6.44033786308229|481100
6.44033786308229|482100
6.44033786308229|483100
6.44033786308229|484100
6.44033786308229|485100
6.44033786308229|486100
6.44033786308229|487100
6.44033786308229|488100
6.44033786308229|489100
6.44033786308229|490100
6.44033786308229|491100
6.44033786308229|492100
6.44033786308229|493100
6.44033786308229|494100
6.44033786308229|495100
6.44033786308229|496100
6.44033786308229|497100
6.44033786308229|498100
6.44033786308229|499100
6.44033786308229|500100
6.44033786308229|501100
6.44033786308229|502100
6.44033786308229|503100
6.44033786308229|504100
6.44033786308229|505100
6.44033786308229|506100
6.44033786308229|507100
6.44033786308229|508100
6.44033786308229|509100
6.44033786308229|510100
6.44033786308229|511100
6.44033786308229|512100
6.44033786308229|513100
6.44033786308229|514100
6.44033786308229|515100
6.44033786308229|516100
6.44033786308229|517100
6.44033786308229|518100
6.44033786308229|519100
6.44033786308229|520100
6.44033786308229|521100
6.44033786308229|522100
6.44033786308229|523100
6.44033786308229|524100
6.44033786308229|525100
6.44033786308229|526100
6.44033786308229|527100
6.44033786308229|528100
6.44033786308229|529100
6.44033786308229|530100
6.44033786308229|531100
6.44033786308229|532100
6.44033786308229|533100
6.44033786308229|534100
6.44033786308229|535100
6.44033786308229|536100
6.44033786308229|537100
6.44033786308229|538100
6.44033786308229|539100
6.44033786308229|540100
6.44033786308229|541100
6.44033786308229|542100
6.44033786308229|543100
6.44033786308229|544100
6.44033786308229|545100
6.44033786308229|546100
6.44033786308229|547100
6.44033786308229|548100
6.44033786308229|549100
6.44033786308229|550100
6.44033786308229|551100
6.44033786308229|552100
6.44033786308229|553100
6.44033786308229|554100
6.44033786308229|555100
6.44033786308229|556100
6.44033786308229|557100
6.44033786308229|558100
6.44033786308229|559100
6.44033786308229|560100
6.44033786308229|561100
6.44033786308229|562100
6.44033786308229|563100
6.44033786308229|564100
6.44033786308229|565100
6.44033786308229|566100
6.44033786308229|567100
6.44033786308229|568100
6.44033786308229|569100
6.44033786308229|570100
6.44033786308229|571100
6.44033786308229|572100
6.44033786308229|573100
6.44033786308229|574100
6.44033786308229|575100
6.44033786308229|576100
6.44033786308229|577100
6.44033786308229|578100
6.44033786308229|579100
6.44033786308229|580100
6.44033786308229|581100
6.44033786308229|582100
6.44033786308229|583100
6.44033786308229|584100
6.44033786308229|585100
6.44033786308229|586100
6.44033786308229|587100
6.44033786308229|588100
6.44033786308229|589100
6.44033786308229|590100
6.44033786308229|591100
6.44033786308229|592100
6.44033786308229|593100
6.44033786308229|594100
6.44033786308229|595100
6.44033786308229|596100
6.44033786308229|597100
6.44033786308229|598100
6.44033786308229|599100
6.44033786308229|600100
6.44033786308229|601100
6.44033786308229|602100
6.44033786308229|603100
6.44033786308229|604100
6.44033786308229|605100
6.44033786308229|606100
6.44033786308229|607100
6.44033786308229|608100
6.44033786308229|609100
6.44033786308229|610100
6.44033786308229|611100
6.44033786308229|612100
6.44033786308229|613100
6.44033786308229|614100
6.44033786308229|615100
6.44033786308229|616100
6.44033786308229|617100
6.44033786308229|618100
6.44033786308229|619100
6.44033786308229|620100
6.44033786308229|621100
6.44033786308229|622100
6.44033786308229|623100
6.44033786308229|624100
6.44033786308229|625100
6.44033786308229|626100
6.44033786308229|627100
6.44033786308229|628100
6.44033786308229|629100
6.44033786308229|630100
6.44033786308229|631100
6.44033786308229|632100
6.44033786308229|633100
6.44033786308229|634100
6.44033786308229|635100
6.44033786308229|636100
6.44033786308229|637100
6.44033786308229|638100
6.44033786308229|639100
6.44033786308229|640100
6.44033786308229|641100
6.44033786308229|642100
6.44033786308229|643100
6.44033786308229|644100
6.44033786308229|645100
6.44033786308229|646100
6.44033786308229|647100
6.44033786308229|648100
6.44033786308229|649100
6.44033786308229|650100
6.44033786308229|651100
6.44033786308229|652100
6.44033786308229|653100
6.44033786308229|654100
6.44033786308229|655100
6.44033786308229|656100
6.44033786308229|657100
6.44033786308229|658100
6.44033786308229|659100
6.44033786308229|660100
6.44033786308229|661100
6.44033786308229|662100
6.44033786308229|663100
6.44033786308229|664100
6.44033786308229|665100
6.44033786308229|666100
6.44033786308229|667100
6.44033786308229|668100
6.44033786308229|669100
6.44033786308229|670100
6.44033786308229|671100
6.44033786308229|672100
6.44033786308229|673100
6.44033786308229|674100
6.44033786308229|675100
6.44033786308229|676100
6.44033786308229|677100
6.44033786308229|678100
6.44033786308229|679100
6.44033786308229|680100
6.44033786308229|681100
6.44033786308229|682100
6.44033786308229|683100
6.44033786308229|684100
6.44033786308229|685100
6.44033786308229|686100
6.44033786308229|687100
6.44033786308229|688100
6.44033786308229|689100
6.44033786308229|690100
6.44033786308229|691100
6.44033786308229|692100
6.44033786308229|693100
6.44033786308229|694100
6.44033786308229|695100
6.44033786308229|696100
6.44033786308229|697100
6.44033786308229|698100
6.44033786308229|699100
6.44033786308229|700100
6.44033786308229|701100
6.44033786308229|702100
6.44033786308229|703100
6.44033786308229|704100
6.44033786308229|705100
6.44033786308229|706100
6.44033786308229|707100
6.44033786308229|708100
6.44033786308229|709100
6.44033786308229|710100
6.44033786308229|711100
6.44033786308229|712100
6.44033786308229|713100
6.44033786308229|714100
6.44033786308229|715100
6.44033786308229|716100
6.44033786308229|717100
6.44033786308229|718100
6.44033786308229|719100
6.44033786308229|720100
6.44033786308229|721100
6.44033786308229|722100
6.44033786308229|723100
6.44033786308229|724100
6.44033786308229|725100
6.44033786308229|726100
6.44033786308229|727100
6.44033786308229|728100
6.44033786308229|729100
6.44033786308229|730100
6.44033786308229|731100
6.44033786308229|732100
6.44033786308229|733100
6.44033786308229|734100
6.44033786308229|735100
6.44033786308229|736100
6.44033786308229|737100
6.44033786308229|738100
6.44033786308229|739100
6.44033786308229|740100
6.44033786308229|741100
6.44033786308229|742100
6.44033786308229|743100
6.44033786308229|744100
6.44033786308229|745100
6.44033786308229|746100
6.44033786308229|747100
6.44033786308229|748100
6.44033786308229|749100
6.44033786308229|750100
6.44033786308229|751100
6.44033786308229|752100
6.44033786308229|753100
6.44033786308229|754100
6.44033786308229|755100
6.44033786308229|756100
6.44033786308229|757100
6.44033786308229|758100
6.44033786308229|759100
6.44033786308229|760100
6.44033786308229|761100
6.44033786308229|762100
6.44033786308229|763100
6.44033786308229|764100
6.44033786308229|765100
6.44033786308229|766100
6.44033786308229|767100
6.44033786308229|768100
6.44033786308229|769100
6.44033786308229|770100
6.44033786308229|771100
6.44033786308229|772100
6.44033786308229|773100
6.44033786308229|774100
6.44033786308229|775100
6.44033786308229|776100
6.44033786308229|777100
6.44033786308229|778100
6.44033786308229|779100
6.44033786308229|780100
6.44033786308229|781100
6.44033786308229|782100
6.44033786308229|783100
6.44033786308229|784100
6.44033786308229|785100
6.44033786308229|786100
6.44033786308229|787100
6.44033786308229|788100
6.44033786308229|789100
6.44033786308229|790100
6.44033786308229|791100
6.44033786308229|792100
6.44033786308229|793100
6.44033786308229|794100
6.44033786308229|795100
6.44033786308229|796100
6.44033786308229|797100
6.44033786308229|798100
6.44033786308229|799100
6.44033786308229|800100
6.44033786308229|801100
6.44033786308229|802100
6.44033786308229|803100
6.44033786308229|804100
6.44033786308229|805100
6.44033786308229|806100
6.44033786308229|807100
6.44033786308229|808100
6.44033786308229|809100
6.44033786308229|810100
6.44033786308229|811100
6.44033786308229|812100
6.44033786308229|813100
6.44033786308229|814100
6.44033786308229|815100
6.44033786308229|816100
6.44033786308229|817100
6.44033786308229|818100
6.44033786308229|819100
6.44033786308229|820100
6.44033786308229|821100
6.44033786308229|822100
6.44033786308229|823100
6.44033786308229|824100
6.44033786308229|825100
6.44033786308229|826100
6.44033786308229|827100
6.44033786308229|828100
6.44033786308229|829100
6.44033786308229|830100
6.44033786308229|831100
6.44033786308229|832100
6.44033786308229|833100
6.44033786308229|834100
6.44033786308229|835100
6.44033786308229|836100
6.44033786308229|837100
6.44033786308229|838100
6.44033786308229|839100
6.44033786308229|840100
6.44033786308229|841100
6.44033786308229|842100
6.44033786308229|843100
6.44033786308229|844100
6.44033786308229|845100
6.44033786308229|846100
6.44033786308229|847100
6.44033786308229|848100
6.44033786308229|849100
6.44033786308229|850100
6.44033786308229|851100
6.44033786308229|852100
6.44033786308229|853100
6.44033786308229|854100
6.44033786308229|855100
6.44033786308229|856100
6.44033786308229|857100
6.44033786308229|858100
6.44033786308229|859100
6.44033786308229|860100
6.44033786308229|861100
6.44033786308229|862100
6.44033786308229|863100
6.44033786308229|864100
6.44033786308229|865100
6.44033786308229|866100
6.44033786308229|867100
6.44033786308229|868100
6.44033786308229|869100
6.44033786308229|870100
6.44033786308229|871100
6.44033786308229|872100
6.44033786308229|873100
6.44033786308229|874100
6.44033786308229|875100
6.44033786308229|876100
6.44033786308229|877100
6.44033786308229|878100
6.44033786308229|879100
6.44033786308229|880100
6.44033786308229|881100
6.44033786308229|882100
6.44033786308229|883100
6.44033786308229|884100
6.44033786308229|885100
6.44033786308229|886100
6.44033786308229|887100
6.44033786308229|888100
6.44033786308229|889100
6.44033786308229|890100
6.44033786308229|891100
6.44033786308229|892100
6.44033786308229|893100
6.44033786308229|894100
6.44033786308229|895100
6.44033786308229|896100
6.44033786308229|897100
6.44033786308229|898100
6.44033786308229|899100
6.44033786308229|900100
6.44033786308229|901100
6.44033786308229|902100
6.44033786308229|903100
6.44033786308229|904100
6.44033786308229|905100
6.44033786308229|906100
6.44033786308229|907100
6.44033786308229|908100
6.44033786308229|909100
6.44033786308229|910100
6.44033786308229|911100
6.44033786308229|912100
6.44033786308229|913100
6.44033786308229|914100
6.44033786308229|915100
6.44033786308229|916100
6.44033786308229|917100
6.44033786308229|918100
6.44033786308229|919100
6.44033786308229|920100
6.44033786308229|921100
6.44033786308229|922100
6.44033786308229|923100
6.44033786308229|924100
6.44033786308229|925100
6.44033786308229|926100
6.44033786308229|927100
6.44033786308229|928100
6.44033786308229|929100
6.44033786308229|930100
6.44033786308229|931100
6.44033786308229|932100
6.44033786308229|933100
6.44033786308229|934100
6.44033786308229|935100
6.44033786308229|936100
6.44033786308229|937100
6.44033786308229|938100
6.44033786308229|939100
6.44033786308229|940100
6.44033786308229|941100
6.44033786308229|942100
6.44033786308229|943100
6.44033786308229|944100
6.44033786308229|945100
6.44033786308229|946100
6.44033786308229|947100
6.44033786308229|948100
6.44033786308229|949100
6.44033786308229|950100
6.44033786308229|951100
6.44033786308229|952100
6.44033786308229|953100
6.44033786308229|954100
6.44033786308229|955100
6.44033786308229|956100
6.44033786308229|957100
6.44033786308229|958100
6.44033786308229|959100
6.44033786308229|960100
6.44033786308229|961100
6.44033786308229|962100
6.44033786308229|963100
6.44033786308229|964100
6.44033786308229|965100
6.44033786308229|966100
6.44033786308229|967100
6.44033786308229|968100
6.44033786308229|969100
6.347575658226947|970100
6.347575658226947|971100
6.347575658226947|972100
6.347575658226947|973100
6.347575658226947|974100
6.347575658226947|975100
6.347575658226947|976100
6.347575658226947|977100
6.347575658226947|978100
6.347575658226947|979100
6.347575658226947|980100
6.347575658226947|981100
6.347575658226947|982100
6.347575658226947|983100
6.347575658226947|984100
6.347575658226947|985100
6.347575658226947|986100
6.347575658226947|987100
6.347575658226947|988100
6.347575658226947|989100
6.347575658226947|990100
6.347575658226947|991100
6.347575658226947|992100
6.347575658226947|993100
6.347575658226947|994100
6.347575658226947|995100
6.347575658226947|996100
6.347575658226947|997100
6.347575658226947|998100
6.347575658226947|999100
6.347575658226947|1000100
