22.307491485760256|2000
20.926496924989138|3000
20.68808147315151|4000
19.016383974901196|5000
19.016383974901196|6000
19.016383974901196|7000
19.016383974901196|8000
19.016383974901196|9000
19.016383974901196|10000
18.445675004076683|11000
18.445675004076683|12000
18.445675004076683|13000
17.543551451213446|14000
16.454359397412574|15000
16.454359397412574|16000
16.454359397412574|17000
16.454359397412574|18000
16.454359397412574|19000
16.454359397412574|20000
16.454359397412574|21000
16.454359397412574|22000
16.454359397412574|23000
16.454359397412574|24000
16.454359397412574|25000
16.454359397412574|26000
16.454359397412574|27000
16.454359397412574|28000
15.403546579715197|29000
15.403546579715197|30000
15.403546579715197|31000
15.403546579715197|32000
15.403546579715197|33000
15.403546579715197|34000
15.403546579715197|35000
15.403546579715197|36000
15.403546579715197|37000
15.403546579715197|38000
15.403546579715197|39000
15.403546579715197|40000
15.403546579715197|41000
15.403546579715197|42000
15.403546579715197|43000
15.307077141141459|44000
15.307077141141459|45000
15.307077141141459|46000
15.307077141141459|47000
15.307077141141459|48000
15.307077141141459|49000
15.307077141141459|50000
15.307077141141459|51000
15.307077141141459|52000
15.307077141141459|53000
15.307077141141459|54000
15.307077141141459|55000
15.307077141141459|56000
15.307077141141459|57000
15.307077141141459|58000
15.307077141141459|59000
15.307077141141459|60000
15.307077141141459|61000
15.307077141141459|62000
15.307077141141459|63000
15.307077141141459|64000
15.307077141141459|65000
15.307077141141459|66000
14.755877860970369|67000
14.755877860970369|68000
14.755877860970369|69000
14.755877860970369|70000
14.755877860970369|71000
14.755877860970369|72000
14.755877860970369|73000
14.755877860970369|74000
14.755877860970369|75000
14.755877860970369|76000
14.755877860970369|77000
14.755877860970369|78000
14.755877860970369|79000
14.347696961019862|80000
14.347696961019862|81000
14.347696961019862|82000
14.347696961019862|83000
14.347696961019862|84000
14.347696961019862|85000
14.347696961019862|86000
14.347696961019862|87000
14.347696961019862|88000
14.347696961019862|89000
14.347696961019862|90000
14.347696961019862|91000
14.347696961019862|92000
14.347696961019862|93000
14.347696961019862|94000
14.085343365116161|95000
13.960101197564404|96000
13.960101197564404|97000
13.960101197564404|98000
13.960101197564404|99000
13.960101197564404|100000
13.960101197564404|101000
13.91141312089227|102000
13.91141312089227|103000
13.91141312089227|104000
13.91141312089227|105000
13.91141312089227|106000
13.91141312089227|107000
13.836581419886318|108000
13.36246497060011|109000
13.36246497060011|110000
13.36246497060011|111000
13.36246497060011|112000
13.36246497060011|113000
13.36246497060011|114000
13.36246497060011|115000
13.36246497060011|116000
13.36246497060011|117000
13.36246497060011|118000
13.36246497060011|119000
13.36246497060011|120000
13.36246497060011|121000
13.36246497060011|122000
13.36246497060011|123000
13.36246497060011|124000
13.36246497060011|125000
13.329645693004363|126000
13.329645693004363|127000
13.329645693004363|128000
13.329645693004363|129000
13.329645693004363|130000
13.143690107441495|131000
13.143690107441495|132000
13.143690107441495|133000
12.772336259769896|134000
12.772336259769896|135000
12.772336259769896|136000
12.772336259769896|137000
12.772336259769896|138000
12.772336259769896|139000
12.772336259769896|140000
12.772336259769896|141000
12.772336259769896|142000
12.772336259769896|143000
12.772336259769896|144000
12.772336259769896|145000
12.772336259769896|146000
12.772336259769896|147000
12.772336259769896|148000
12.772336259769896|149000
12.772336259769896|150000
12.772336259769896|151000
12.772336259769896|152000
12.500705433264482|153000
12.500705433264482|154000
12.500705433264482|155000
12.500705433264482|156000
12.404392707772923|157000
12.404392707772923|158000
12.404392707772923|159000
12.404392707772923|160000
12.404392707772923|161000
12.404392707772923|162000
12.404392707772923|163000
12.404392707772923|164000
12.404392707772923|165000
12.404392707772923|166000
12.404392707772923|167000
12.404392707772923|168000
12.404392707772923|169000
12.404392707772923|170000
12.404392707772923|171000
12.404392707772923|172000
12.404392707772923|173000
12.404392707772923|174000
12.404392707772923|175000
12.404392707772923|176000
12.404392707772923|177000
12.404392707772923|178000
12.404392707772923|179000
12.404392707772923|180000
12.404392707772923|181000
12.30750640577529|182000
12.30750640577529|183000
12.30750640577529|184000
12.30750640577529|185000
12.30750640577529|186000
12.30750640577529|187000
12.119344244287172|188000
12.119344244287172|189000
12.087519126858057|190000
12.087519126858057|191000
12.087519126858057|192000
12.087519126858057|193000
12.087519126858057|194000
12.087519126858057|195000
11.150554852403813|196000
11.150554852403813|197000
11.150554852403813|198000
11.150554852403813|199000
11.150554852403813|200000
11.150554852403813|201000
11.150554852403813|202000
11.150554852403813|203000
11.150554852403813|204000
11.106538591540929|205000
11.106538591540929|206000
11.106538591540929|207000
11.106538591540929|208000
11.106538591540929|209000
11.106538591540929|210000
11.106538591540929|211000
11.106538591540929|212000
11.106538591540929|213000
11.106538591540929|214000
11.106538591540929|215000
11.106538591540929|216000
11.106538591540929|217000
11.106538591540929|218000
11.106538591540929|219000
11.106538591540929|220000
11.106538591540929|221000
11.106538591540929|222000
11.106538591540929|223000
11.106538591540929|224000
11.106538591540929|225000
11.060878327449506|226000
11.060878327449506|227000
11.060878327449506|228000
11.036508980193597|229000
11.036508980193597|230000
11.036508980193597|231000
10.891697716260259|232000
10.864272527063072|233000
10.864272527063072|234000
10.864272527063072|235000
10.864272527063072|236000
10.530644313140755|237000
10.530644313140755|238000
10.530644313140755|239000
10.353781377385623|240000
10.353781377385623|241000
10.320287695954512|242000
10.320287695954512|243000
10.320287695954512|244000
10.320287695954512|245000
10.291103411557168|246000
10.291103411557168|247000
10.070659684972338|248000
10.070659684972338|249000
10.070659684972338|250000
10.070659684972338|251000
9.698125161352339|252000
9.698125161352339|253000
9.698125161352339|254000
9.698125161352339|255000
9.698125161352339|256000
9.698125161352339|257000
9.698125161352339|258000
9.623383812931054|259000
9.623383812931054|260000
9.623383812931054|261000
9.623383812931054|262000
9.623383812931054|263000
9.623383812931054|264000
9.623383812931054|265000
9.623383812931054|266000
9.25767100749917|267000
9.25767100749917|268000
9.25767100749917|269000
9.25767100749917|270000
9.19385616775003|271000
9.19385616775003|272000
9.19385616775003|273000
9.19385616775003|274000
9.19385616775003|275000
9.19385616775003|276000
9.19385616775003|277000
9.180074907064354|278000
8.58269345561569|279000
8.58269345561569|280000
8.58269345561569|281000
8.58269345561569|282000
8.58269345561569|283000
8.58269345561569|284000
8.58269345561569|285000
8.58269345561569|286000
8.58269345561569|287000
8.58269345561569|288000
8.58269345561569|289000
8.58269345561569|290000
8.58269345561569|291000
8.58269345561569|292000
8.58269345561569|293000
8.58269345561569|294000
8.58269345561569|295000
8.200537663914602|296000
8.200537663914602|297000
8.200537663914602|298000
8.200537663914602|299000
8.200537663914602|300000
8.200537663914602|301000
8.200537663914602|302000
8.099157097272618|303000
8.099157097272618|304000
8.099157097272618|305000
8.099157097272618|306000
8.099157097272618|307000
8.099157097272618|308000
8.099157097272618|309000
8.099157097272618|310000
8.099157097272618|311000
8.099157097272618|312000
8.099157097272618|313000
8.099157097272618|314000
8.099157097272618|315000
8.099157097272618|316000
8.099157097272618|317000
8.049233452669984|318000
8.049233452669984|319000
7.965084892892694|320000
7.965084892892694|321000
7.965084892892694|322000
7.965084892892694|323000
7.965084892892694|324000
7.7166115435769935|325000
7.7166115435769935|326000
7.7166115435769935|327000
7.7166115435769935|328000
7.7166115435769935|329000
7.7166115435769935|330000
7.7166115435769935|331000
7.7166115435769935|332000
7.443252795385851|333000
7.443252795385851|334000
7.443252795385851|335000
7.443252795385851|336000
7.443252795385851|337000
7.443252795385851|338000
7.032039289739822|339000
7.032039289739822|340000
7.032039289739822|341000
7.032039289739822|342000
7.032039289739822|343000
7.032039289739822|344000
7.032039289739822|345000
7.032039289739822|346000
7.032039289739822|347000
7.032039289739822|348000
7.032039289739822|349000
7.032039289739822|350000
7.032039289739822|351000
7.032039289739822|352000
6.877510393728605|353000
6.877510393728605|354000
6.877510393728605|355000
6.877510393728605|356000
6.877510393728605|357000
6.877510393728605|358000
6.877510393728605|359000
6.877510393728605|360000
6.877510393728605|361000
6.877510393728605|362000
6.877510393728605|363000
6.877510393728605|364000
6.877510393728605|365000
6.877510393728605|366000
6.877510393728605|367000
6.7579864926601605|368000
6.7579864926601605|369000
6.7579864926601605|370000
6.7579864926601605|371000
6.7579864926601605|372000
6.7579864926601605|373000
6.7579864926601605|374000
6.7579864926601605|375000
6.7579864926601605|376000
6.7579864926601605|377000
6.7579864926601605|378000
6.755639425294748|379000
6.755639425294748|380000
6.755639425294748|381000
6.755639425294748|382000
6.755639425294748|383000
6.755639425294748|384000
6.677677709404734|385000
6.677677709404734|386000
6.677677709404734|387000
6.677677709404734|388000
6.677677709404734|389000
6.677677709404734|390000
6.677677709404734|391000
6.677677709404734|392000
6.651363596311787|393000
6.651363596311787|394000
6.603982533509793|395000
6.601635466144381|396000
6.601635466144381|397000
6.601635466144381|398000
6.601635466144381|399000
6.601635466144381|400000
6.601635466144381|401000
6.572485441503248|402000
6.572485441503248|403000
6.572485441503247|404000
6.572485441503247|405000
6.572485441503247|406000
6.5523012313536855|407000
6.5523012313536855|408000
6.5523012313536855|409000
6.5523012313536855|410000
6.552301231353685|411000
6.552301231353685|412000
6.552301231353685|413000
6.552229984516125|414000
6.552229984516125|415000
6.552229984516125|416000
6.522360205637766|417000
6.522360205637766|418000
6.496443198242893|419000
6.476258988093332|420000
6.476258988093332|421000
6.476258988093331|422000
6.476258988093331|423000
6.476258988093331|424000
6.476258988093331|425000
6.476258988093331|426000
6.476258988093331|427000
6.446317962377411|428000
6.446317962377411|429000
6.446317962377411|430000
6.446317962377411|431000
6.446317962377411|432000
6.446317962377411|433000
6.446317962377411|434000
6.446317962377411|435000
6.437764076073139|436000
6.437764076073139|437000
6.437764076073139|438000
6.437764076073139|439000
6.437764076073139|440000
6.437764076073139|441000
6.437764076073139|442000
6.437764076073139|443000
6.437764076073139|444000
6.437764076073139|445000
6.437764076073139|446000
6.437764076073139|447000
6.437764076073139|448000
6.437764076073139|449000
6.437764076073139|450000
6.437764076073139|451000
6.437764076073139|452000
6.437764076073139|453000
6.437764076073139|454000
6.437764076073139|455000
6.437764076073139|456000
6.437764076073139|457000
6.437764076073139|458000
6.437764076073139|459000
6.437764076073139|460000
6.437764076073139|461000
6.4377640760731385|462000
6.4377640760731385|463000
6.4377640760731385|464000
6.4377640760731385|465000
6.4377640760731385|466000
6.4377640760731385|467000
6.4377640760731385|468000
6.4377640760731385|469000
6.4377640760731385|470000
6.4377640760731385|471000
6.4377640760731385|472000
6.4377640760731385|473000
6.4377640760731385|474000
6.4377640760731385|475000
6.4377640760731385|476000
6.4377640760731385|477000
6.4377640760731385|478000
6.4377640760731385|479000
6.4377640760731385|480000
6.4377640760731385|481000
6.4377640760731385|482000
6.4377640760731385|483000
6.4377640760731385|484000
6.4377640760731385|485000
6.4377640760731385|486000
6.4377640760731385|487000
6.4377640760731385|488000
6.4377640760731385|489000
6.437764076073138|490000
6.437764076073138|491000
6.437764076073138|492000
6.437764076073138|493000
6.437764076073138|494000
6.437764076073138|495000
6.437764076073138|496000
6.437764076073138|497000
6.437764076073138|498000
6.437764076073138|499000
6.437764076073138|500000
6.437764076073138|501000
6.414758902691628|502000
6.38314373924981|503000
6.38314373924981|504000
6.38314373924981|505000
6.38314373924981|506000
6.38314373924981|507000
6.38314373924981|508000
6.38314373924981|509000
6.38314373924981|510000
6.38314373924981|511000
6.38314373924981|512000
6.38314373924981|513000
6.38314373924981|514000
6.38314373924981|515000
6.38314373924981|516000
6.38314373924981|517000
6.38314373924981|518000
6.38314373924981|519000
6.38314373924981|520000
6.38314373924981|521000
6.38314373924981|522000
6.38314373924981|523000
6.38314373924981|524000
6.38314373924981|525000
6.38314373924981|526000
6.38314373924981|527000
6.38314373924981|528000
6.38314373924981|529000
6.38314373924981|530000
6.38314373924981|531000
6.38314373924981|532000
6.38314373924981|533000
6.38314373924981|534000
6.38314373924981|535000
6.38314373924981|536000
6.38314373924981|537000
6.38314373924981|538000
6.38314373924981|539000
6.38314373924981|540000
6.38314373924981|541000
6.38314373924981|542000
6.38314373924981|543000
6.38314373924981|544000
6.38314373924981|545000
6.38314373924981|546000
6.38314373924981|547000
6.38314373924981|548000
6.38314373924981|549000
6.38314373924981|550000
6.38314373924981|551000
6.38314373924981|552000
6.38314373924981|553000
6.38314373924981|554000
6.38314373924981|555000
6.38314373924981|556000
6.38314373924981|557000
6.38314373924981|558000
6.38314373924981|559000
6.38314373924981|560000
6.38314373924981|561000
6.38314373924981|562000
6.38314373924981|563000
6.38314373924981|564000
6.38314373924981|565000
6.38314373924981|566000
6.38314373924981|567000
6.38314373924981|568000
6.38314373924981|569000
6.38314373924981|570000
6.38314373924981|571000
6.38314373924981|572000
6.38314373924981|573000
6.38314373924981|574000
6.38314373924981|575000
6.38314373924981|576000
6.38314373924981|577000
6.38314373924981|578000
6.38314373924981|579000
6.38314373924981|580000
6.38314373924981|581000
6.38314373924981|582000
6.38314373924981|583000
6.38314373924981|584000
6.38314373924981|585000
6.38314373924981|586000
6.38314373924981|587000
6.38314373924981|588000
6.38314373924981|589000
6.38314373924981|590000
6.38314373924981|591000
6.38314373924981|592000
6.38314373924981|593000
6.38314373924981|594000
6.38314373924981|595000
6.38314373924981|596000
6.38314373924981|597000
6.38314373924981|598000
6.38314373924981|599000
6.38314373924981|600000
6.38314373924981|601000
6.38314373924981|602000
6.38314373924981|603000
6.38314373924981|604000
6.38314373924981|605000
6.38314373924981|606000
6.38314373924981|607000
6.38314373924981|608000
6.38314373924981|609000
6.38314373924981|610000
6.38314373924981|611000
6.38314373924981|612000
6.38314373924981|613000
6.38314373924981|614000
6.38314373924981|615000
6.38314373924981|616000
6.38314373924981|617000
6.38314373924981|618000
6.38314373924981|619000
6.38314373924981|620000
6.38314373924981|621000
6.38314373924981|622000
6.38314373924981|623000
6.38314373924981|624000
6.38314373924981|625000
6.38314373924981|626000
6.38314373924981|627000
6.38314373924981|628000
6.38314373924981|629000
6.38314373924981|630000
6.38314373924981|631000
6.38314373924981|632000
6.38314373924981|633000
6.38314373924981|634000
6.38314373924981|635000
6.38314373924981|636000
6.38314373924981|637000
6.38314373924981|638000
6.38314373924981|639000
6.38314373924981|640000
6.38314373924981|641000
6.38314373924981|642000
6.38314373924981|643000
6.38314373924981|644000
6.38314373924981|645000
6.38314373924981|646000
6.38314373924981|647000
6.38314373924981|648000
6.38314373924981|649000
6.38314373924981|650000
6.38314373924981|651000
6.38314373924981|652000
6.38314373924981|653000
6.38314373924981|654000
6.38314373924981|655000
6.38314373924981|656000
6.38314373924981|657000
6.38314373924981|658000
6.38314373924981|659000
6.38314373924981|660000
6.38314373924981|661000
6.38314373924981|662000
6.38314373924981|663000
6.38314373924981|664000
6.38314373924981|665000
6.38314373924981|666000
6.38314373924981|667000
6.38314373924981|668000
6.38314373924981|669000
6.38314373924981|670000
6.38314373924981|671000
6.38314373924981|672000
6.38314373924981|673000
6.38314373924981|674000
6.38314373924981|675000
6.38314373924981|676000
6.38314373924981|677000
6.38314373924981|678000
6.38314373924981|679000
6.38314373924981|680000
6.38314373924981|681000
6.38314373924981|682000
6.38314373924981|683000
6.38314373924981|684000
6.38314373924981|685000
6.38314373924981|686000
6.38314373924981|687000
6.38314373924981|688000
6.38314373924981|689000
6.38314373924981|690000
6.38314373924981|691000
6.38314373924981|692000
6.38314373924981|693000
6.38314373924981|694000
6.38314373924981|695000
6.38314373924981|696000
6.38314373924981|697000
6.38314373924981|698000
6.38314373924981|699000
6.38314373924981|700000
6.38314373924981|701000
6.38314373924981|702000
6.3373233779348315|703000
6.3373233779348315|704000
6.3373233779348315|705000
6.3373233779348315|706000
6.3373233779348315|707000
6.3373233779348315|708000
6.3373233779348315|709000
6.3373233779348315|710000
6.3373233779348315|711000
6.3373233779348315|712000
6.3373233779348315|713000
6.3373233779348315|714000
6.3373233779348315|715000
6.3373233779348315|716000
6.3373233779348315|717000
6.3373233779348315|718000
6.3373233779348315|719000
6.3373233779348315|720000
6.3373233779348315|721000
6.3373233779348315|722000
6.3373233779348315|723000
6.3373233779348315|724000
6.3373233779348315|725000
6.3373233779348315|726000
6.3373233779348315|727000
6.3373233779348315|728000
6.3373233779348315|729000
6.3373233779348315|730000
6.3373233779348315|731000
6.3373233779348315|732000
6.3373233779348315|733000
6.3373233779348315|734000
6.3373233779348315|735000
6.3373233779348315|736000
6.3373233779348315|737000
6.3373233779348315|738000
6.3373233779348315|739000
6.3373233779348315|740000
6.3373233779348315|741000
6.3373233779348315|742000
6.3373233779348315|743000
6.3373233779348315|744000
6.3373233779348315|745000
6.3373233779348315|746000
6.3373233779348315|747000
6.3373233779348315|748000
6.3373233779348315|749000
6.3373233779348315|750000
6.3373233779348315|751000
6.3373233779348315|752000
6.3373233779348315|753000
6.3373233779348315|754000
6.3373233779348315|755000
6.3373233779348315|756000
6.3373233779348315|757000
6.3373233779348315|758000
6.3373233779348315|759000
6.3373233779348315|760000
6.3373233779348315|761000
6.3373233779348315|762000
6.3373233779348315|763000
6.3373233779348315|764000
6.3373233779348315|765000
6.3373233779348315|766000
6.3373233779348315|767000
6.3373233779348315|768000
6.3373233779348315|769000
6.3373233779348315|770000
6.3373233779348315|771000
6.3373233779348315|772000
6.3373233779348315|773000
6.3373233779348315|774000
6.3373233779348315|775000
6.3373233779348315|776000
6.3373233779348315|777000
6.3373233779348315|778000
6.3373233779348315|779000
6.3373233779348315|780000
6.3373233779348315|781000
6.3373233779348315|782000
6.3373233779348315|783000
6.3373233779348315|784000
6.3373233779348315|785000
6.3373233779348315|786000
6.3373233779348315|787000
6.3373233779348315|788000
6.3373233779348315|789000
6.3373233779348315|790000
6.3373233779348315|791000
6.3373233779348315|792000
6.3373233779348315|793000
6.3373233779348315|794000
6.3373233779348315|795000
6.3373233779348315|796000
6.3373233779348315|797000
6.3373233779348315|798000
6.3373233779348315|799000
6.3373233779348315|800000
6.3373233779348315|801000
6.3373233779348315|802000
6.3373233779348315|803000
6.3373233779348315|804000
6.3373233779348315|805000
6.3373233779348315|806000
6.3373233779348315|807000
6.3373233779348315|808000
6.3373233779348315|809000
6.3373233779348315|810000
6.3373233779348315|811000
6.3373233779348315|812000
6.3373233779348315|813000
6.3373233779348315|814000
6.3373233779348315|815000
6.3373233779348315|816000
6.3373233779348315|817000
6.3373233779348315|818000
6.3373233779348315|819000
6.3373233779348315|820000
6.3373233779348315|821000
6.3373233779348315|822000
6.3373233779348315|823000
6.3373233779348315|824000
6.3373233779348315|825000
6.3373233779348315|826000
6.3373233779348315|827000
6.3373233779348315|828000
6.3373233779348315|829000
6.3373233779348315|830000
6.3373233779348315|831000
6.3373233779348315|832000
6.3373233779348315|833000
6.3373233779348315|834000
6.3373233779348315|835000
6.3373233779348315|836000
6.3373233779348315|837000
6.3373233779348315|838000
6.3373233779348315|839000
6.3373233779348315|840000
6.3373233779348315|841000
6.3373233779348315|842000
6.3373233779348315|843000
6.3373233779348315|844000
6.3373233779348315|845000
6.3373233779348315|846000
6.3373233779348315|847000
6.3373233779348315|848000
6.3373233779348315|849000
6.3373233779348315|850000
6.3373233779348315|851000
6.3373233779348315|852000
6.3373233779348315|853000
6.3373233779348315|854000
6.3373233779348315|855000
6.3373233779348315|856000
6.3373233779348315|857000
6.3373233779348315|858000
6.3373233779348315|859000
6.3373233779348315|860000
6.3373233779348315|861000
6.3373233779348315|862000
6.3373233779348315|863000
6.3373233779348315|864000
6.3373233779348315|865000
6.3373233779348315|866000
6.3373233779348315|867000
6.3373233779348315|868000
6.3373233779348315|869000
6.3373233779348315|870000
6.3373233779348315|871000
6.3373233779348315|872000
6.3373233779348315|873000
6.3373233779348315|874000
6.3373233779348315|875000
6.3373233779348315|876000
6.3373233779348315|877000
6.3373233779348315|878000
6.3373233779348315|879000
6.3373233779348315|880000
6.3373233779348315|881000
6.3373233779348315|882000
6.3373233779348315|883000
6.3373233779348315|884000
6.3373233779348315|885000
6.3373233779348315|886000
6.3373233779348315|887000
6.3373233779348315|888000
6.3373233779348315|889000
6.3373233779348315|890000
6.3373233779348315|891000
6.3373233779348315|892000
6.3373233779348315|893000
6.3373233779348315|894000
6.3373233779348315|895000
6.3373233779348315|896000
6.3373233779348315|897000
6.3373233779348315|898000
6.3373233779348315|899000
6.3373233779348315|900000
6.3373233779348315|901000
6.3373233779348315|902000
6.3373233779348315|903000
6.3373233779348315|904000
6.3373233779348315|905000
6.3373233779348315|906000
6.3373233779348315|907000
6.3373233779348315|908000
6.3373233779348315|909000
6.3373233779348315|910000
6.3373233779348315|911000
6.3373233779348315|912000
6.3373233779348315|913000
6.3373233779348315|914000
6.3373233779348315|915000
6.3373233779348315|916000
6.3373233779348315|917000
6.3373233779348315|918000
6.3373233779348315|919000
6.3373233779348315|920000
6.3373233779348315|921000
6.3373233779348315|922000
6.3373233779348315|923000
6.3373233779348315|924000
6.3373233779348315|925000
6.3373233779348315|926000
6.3373233779348315|927000
6.3373233779348315|928000
6.3373233779348315|929000
6.3373233779348315|930000
6.3373233779348315|931000
6.3373233779348315|932000
6.3373233779348315|933000
6.3373233779348315|934000
6.3373233779348315|935000
6.3373233779348315|936000
6.3373233779348315|937000
6.3373233779348315|938000
6.3373233779348315|939000
6.3373233779348315|940000
6.3373233779348315|941000
6.3373233779348315|942000
6.3373233779348315|943000
6.3373233779348315|944000
6.3373233779348315|945000
6.3373233779348315|946000
6.3373233779348315|947000
6.3373233779348315|948000
6.3373233779348315|949000
6.3373233779348315|950000
6.3373233779348315|951000
6.3373233779348315|952000
6.3373233779348315|953000
6.3373233779348315|954000
6.3373233779348315|955000
6.3373233779348315|956000
6.3373233779348315|957000
6.3373233779348315|958000
6.3373233779348315|959000
6.3373233779348315|960000
6.3373233779348315|961000
6.3373233779348315|962000
6.3373233779348315|963000
6.3373233779348315|964000
6.3373233779348315|965000
6.29801126713714|966000
6.29801126713714|967000
6.29801126713714|968000
6.29801126713714|969000
6.29801126713714|970000
6.29801126713714|971000
6.29801126713714|972000
6.29801126713714|973000
6.29801126713714|974000
6.29801126713714|975000
6.29801126713714|976000
6.29801126713714|977000
6.29801126713714|978000
6.29801126713714|979000
6.29801126713714|980000
6.29801126713714|981000
6.29801126713714|982000
6.29801126713714|983000
6.29801126713714|984000
6.29801126713714|985000
6.29801126713714|986000
6.29801126713714|987000
6.29801126713714|988000
6.29801126713714|989000
6.29801126713714|990000
6.29801126713714|991000
6.29801126713714|992000
6.29801126713714|993000
6.29801126713714|994000
6.29801126713714|995000
6.29801126713714|996000
6.29801126713714|997000
6.29801126713714|998000
6.29801126713714|999000
6.29801126713714|1000000
