4.41|1010
3.542|2010
2.9400000000000004|3010
2.7200000000000006|4010
2.6799999999999993|5010
2.574|6010
2.4799999999999995|7010
2.467999999999999|8010
2.3059999999999987|9010
2.0860000000000003|10010
2.0080000000000005|11010
2.0080000000000005|12010
2.008|13010
2.0079999999999996|14010
1.9199999999999995|15010
1.9099999999999984|16010
1.9099999999999984|17010
1.9099999999999984|18010
1.9099999999999984|19010
1.9099999999999984|20010
1.9099999999999984|21010
1.9099999999999984|22010
1.9099999999999984|23010
1.9099999999999984|24010
1.9099999999999984|25010
1.9099999999999984|26010
1.9099999999999984|27010
1.9099999999999984|28010
1.9099999999999984|29010
1.9099999999999984|30010
1.9099999999999984|31010
1.9099999999999984|32010
1.9099999999999984|33010
1.9099999999999984|34010
1.9099999999999984|35010
1.9099999999999984|36010
1.9099999999999984|37010
1.9099999999999984|38010
1.9099999999999984|39010
1.9099999999999984|40010
1.9099999999999984|41010
1.9099999999999984|42010
1.9099999999999984|43010
1.9099999999999984|44010
1.9099999999999984|45010
1.9099999999999984|46010
1.9099999999999984|47010
1.9099999999999984|48010
1.9099999999999984|49010
1.9099999999999984|50010
1.9099999999999984|51010
1.9099999999999984|52010
1.9099999999999984|53010
1.9099999999999984|54010
1.9099999999999984|55010
1.9099999999999984|56010
1.9099999999999984|57010
1.9099999999999984|58010
1.9099999999999984|59010
1.9099999999999984|60010
1.9099999999999984|61010
1.9099999999999984|62010
1.9099999999999984|63010
1.9099999999999984|64010
1.9099999999999984|65010
1.9099999999999984|66010
1.9099999999999984|67010
1.9099999999999984|68010
1.9099999999999984|69010
1.9099999999999984|70010
1.9099999999999984|71010
1.9099999999999984|72010
1.9099999999999984|73010
1.9099999999999984|74010
1.9099999999999984|75010
1.9099999999999984|76010
1.9099999999999984|77010
1.9099999999999984|78010
1.9099999999999984|79010
1.9099999999999984|80010
1.9099999999999984|81010
1.9099999999999984|82010
1.9099999999999984|83010
1.9099999999999984|84010
1.9099999999999984|85010
1.9099999999999984|86010
1.9099999999999984|87010
1.9099999999999984|88010
1.9099999999999984|89010
1.9099999999999984|90010
1.9099999999999984|91010
1.9099999999999984|92010
1.9099999999999984|93010
1.9099999999999984|94010
1.9099999999999984|95010
1.9099999999999984|96010
1.9099999999999984|97010
1.9099999999999984|98010
1.9099999999999984|99010
1.9099999999999984|100010
1.9099999999999984|101010
1.9099999999999984|102010
1.9099999999999984|103010
1.9099999999999984|104010
1.9099999999999984|105010
1.9099999999999984|106010
1.9099999999999984|107010
1.9099999999999984|108010
1.9099999999999984|109010
1.9099999999999984|110010
1.9099999999999984|111010
1.9099999999999984|112010
1.9099999999999984|113010
1.9099999999999984|114010
1.9099999999999984|115010
1.9099999999999984|116010
1.9099999999999984|117010
1.9099999999999984|118010
1.9099999999999984|119010
1.9099999999999984|120010
1.9099999999999984|121010
1.9099999999999984|122010
1.9099999999999984|123010
1.9099999999999984|124010
1.9099999999999984|125010
1.9099999999999984|126010
1.9099999999999984|127010
1.9099999999999984|128010
1.9099999999999984|129010
1.9099999999999984|130010
1.9099999999999984|131010
1.9099999999999984|132010
1.9099999999999984|133010
1.9099999999999984|134010
1.9099999999999984|135010
1.9099999999999984|136010
1.9099999999999984|137010
1.9099999999999984|138010
1.9099999999999984|139010
1.9099999999999984|140010
1.9099999999999984|141010
1.9099999999999984|142010
1.9099999999999984|143010
1.9099999999999984|144010
1.9099999999999984|145010
1.9099999999999984|146010
1.9099999999999984|147010
1.9099999999999984|148010
1.9099999999999984|149010
1.9099999999999984|150010
1.9099999999999984|151010
1.9099999999999984|152010
1.9099999999999984|153010
1.9099999999999984|154010
1.9099999999999984|155010
1.9099999999999984|156010
1.9099999999999984|157010
1.9099999999999984|158010
1.9099999999999984|159010
1.9099999999999984|160010
1.9099999999999984|161010
1.9099999999999984|162010
1.9099999999999984|163010
1.9099999999999984|164010
1.9099999999999984|165010
1.9099999999999984|166010
1.9099999999999984|167010
1.9099999999999984|168010
1.9099999999999984|169010
1.9099999999999984|170010
1.9099999999999984|171010
1.9099999999999984|172010
1.9099999999999984|173010
1.9099999999999984|174010
1.9099999999999984|175010
1.9099999999999984|176010
1.9099999999999984|177010
1.9099999999999984|178010
1.9099999999999984|179010
1.9099999999999984|180010
1.9099999999999984|181010
1.9099999999999984|182010
1.9099999999999984|183010
1.9099999999999984|184010
1.9099999999999984|185010
1.9099999999999984|186010
1.9099999999999984|187010
1.9099999999999984|188010
1.9099999999999984|189010
1.9099999999999984|190010
1.9099999999999984|191010
1.9099999999999984|192010
1.9099999999999984|193010
1.9099999999999984|194010
1.9099999999999984|195010
1.9099999999999984|196010
1.9099999999999984|197010
1.9099999999999984|198010
1.9099999999999984|199010
1.9099999999999984|200010
1.9099999999999984|201010
1.9099999999999984|202010
1.9099999999999984|203010
1.9099999999999984|204010
1.9099999999999984|205010
1.9099999999999984|206010
1.9099999999999984|207010
1.9099999999999984|208010
1.9099999999999984|209010
1.9099999999999984|210010
1.9099999999999984|211010
1.9099999999999984|212010
1.9099999999999984|213010
1.9099999999999984|214010
1.9099999999999984|215010
1.9099999999999984|216010
1.9099999999999984|217010
1.9099999999999984|218010
1.9099999999999984|219010
1.9099999999999984|220010
1.9099999999999984|221010
1.9099999999999984|222010
1.9099999999999984|223010
1.9099999999999984|224010
1.9099999999999984|225010
1.9099999999999984|226010
1.9099999999999984|227010
1.9099999999999984|228010
1.9099999999999984|229010
1.9099999999999984|230010
1.9099999999999984|231010
1.9099999999999984|232010
1.9099999999999984|233010
1.9099999999999984|234010
1.9099999999999984|235010
1.9099999999999984|236010
1.9099999999999984|237010
1.9099999999999984|238010
1.9099999999999984|239010
1.9099999999999984|240010
1.9099999999999984|241010
1.9099999999999984|242010
1.9099999999999984|243010
1.9099999999999984|244010
1.9099999999999984|245010
1.9099999999999984|246010
1.9099999999999984|247010
1.9099999999999984|248010
1.9099999999999984|249010
1.9099999999999984|250010
1.9099999999999984|251010
1.9099999999999984|252010
1.9099999999999984|253010
1.9099999999999984|254010
1.9099999999999984|255010
1.9099999999999984|256010
1.9099999999999984|257010
1.9099999999999984|258010
1.9099999999999984|259010
1.9099999999999984|260010
1.9099999999999984|261010
1.9099999999999984|262010
1.9099999999999984|263010
1.9099999999999984|264010
1.9099999999999984|265010
1.9099999999999984|266010
1.9099999999999984|267010
1.9099999999999984|268010
1.9099999999999984|269010
1.9099999999999984|270010
1.9099999999999984|271010
1.9099999999999984|272010
1.9099999999999984|273010
1.9099999999999984|274010
1.9099999999999984|275010
1.9099999999999984|276010
1.9099999999999984|277010
1.9099999999999984|278010
1.9099999999999984|279010
1.9099999999999984|280010
1.9099999999999984|281010
1.9099999999999984|282010
1.9099999999999984|283010
1.9099999999999984|284010
1.9099999999999984|285010
1.9099999999999984|286010
1.9099999999999984|287010
1.9099999999999984|288010
1.9099999999999984|289010
1.9099999999999984|290010
1.9099999999999984|291010
1.9099999999999984|292010
1.9099999999999984|293010
1.9099999999999984|294010
1.9099999999999984|295010
1.9099999999999984|296010
1.9099999999999984|297010
1.9099999999999984|298010
1.9099999999999984|299010
1.9099999999999984|300010
1.9099999999999984|301010
1.9099999999999984|302010
1.9099999999999984|303010
1.9099999999999984|304010
1.9099999999999984|305010
1.9099999999999984|306010
1.9099999999999984|307010
1.9099999999999984|308010
1.9099999999999984|309010
1.9099999999999984|310010
1.9099999999999984|311010
1.9099999999999984|312010
1.9099999999999984|313010
1.9099999999999984|314010
1.9099999999999984|315010
1.9099999999999984|316010
1.9099999999999984|317010
1.9099999999999984|318010
1.9099999999999984|319010
1.9099999999999984|320010
1.9099999999999984|321010
1.9099999999999984|322010
1.9099999999999984|323010
1.9099999999999984|324010
1.9099999999999984|325010
1.9099999999999984|326010
1.9099999999999984|327010
1.9099999999999984|328010
1.9099999999999984|329010
1.9099999999999984|330010
1.9099999999999984|331010
1.9099999999999984|332010
1.9099999999999984|333010
1.9099999999999984|334010
1.9099999999999984|335010
1.9099999999999984|336010
1.9099999999999984|337010
1.9099999999999984|338010
1.9099999999999984|339010
1.9099999999999984|340010
1.9099999999999984|341010
1.9099999999999984|342010
1.9099999999999984|343010
1.9099999999999984|344010
1.9099999999999984|345010
1.9099999999999984|346010
1.9099999999999984|347010
1.9099999999999984|348010
1.9099999999999984|349010
1.9099999999999984|350010
1.9099999999999984|351010
1.9099999999999984|352010
1.9099999999999984|353010
1.9099999999999984|354010
1.9099999999999984|355010
1.9099999999999984|356010
1.9099999999999984|357010
1.9099999999999984|358010
1.9099999999999984|359010
1.9099999999999984|360010
1.9099999999999984|361010
1.9099999999999984|362010
1.9099999999999984|363010
1.9099999999999984|364010
1.9099999999999984|365010
1.9099999999999984|366010
1.9099999999999984|367010
1.9099999999999984|368010
1.9099999999999984|369010
1.9099999999999984|370010
1.9099999999999984|371010
1.9099999999999984|372010
1.9099999999999984|373010
1.9099999999999984|374010
1.9099999999999984|375010
1.9099999999999984|376010
1.9099999999999984|377010
1.9099999999999984|378010
1.9099999999999984|379010
1.9099999999999984|380010
1.9099999999999984|381010
1.9099999999999984|382010
1.9099999999999984|383010
1.9099999999999984|384010
1.9099999999999984|385010
1.9099999999999984|386010
1.9099999999999984|387010
1.9099999999999984|388010
1.9099999999999984|389010
1.9099999999999984|390010
1.9099999999999984|391010
1.9099999999999984|392010
1.9099999999999984|393010
1.9099999999999984|394010
1.9099999999999984|395010
1.9099999999999984|396010
1.9099999999999984|397010
1.9099999999999984|398010
1.9099999999999984|399010
1.9099999999999984|400010
1.9099999999999984|401010
1.9099999999999984|402010
1.9099999999999984|403010
1.9099999999999984|404010
1.9099999999999984|405010
1.9099999999999984|406010
1.9099999999999984|407010
1.9099999999999984|408010
1.9099999999999984|409010
1.9099999999999984|410010
1.9099999999999984|411010
1.9099999999999984|412010
1.9099999999999984|413010
1.9099999999999984|414010
1.9099999999999984|415010
1.9099999999999984|416010
1.9099999999999984|417010
1.9099999999999984|418010
1.9099999999999984|419010
1.9099999999999984|420010
1.9099999999999984|421010
1.9099999999999984|422010
1.9099999999999984|423010
1.9099999999999984|424010
1.9099999999999984|425010
1.9099999999999984|426010
1.9099999999999984|427010
1.9099999999999984|428010
1.9099999999999984|429010
1.9099999999999984|430010
1.9099999999999984|431010
1.9099999999999984|432010
1.9099999999999984|433010
1.9099999999999984|434010
1.9099999999999984|435010
1.9099999999999984|436010
1.9099999999999984|437010
1.9099999999999984|438010
1.9099999999999984|439010
1.9099999999999984|440010
1.9099999999999984|441010
1.9099999999999984|442010
1.9099999999999984|443010
1.9099999999999984|444010
1.9099999999999984|445010
1.9099999999999984|446010
1.9099999999999984|447010
1.9099999999999984|448010
1.9099999999999984|449010
1.9099999999999984|450010
1.9099999999999984|451010
1.9099999999999984|452010
1.9099999999999984|453010
1.9099999999999984|454010
1.9099999999999984|455010
1.9099999999999984|456010
1.9099999999999984|457010
1.9099999999999984|458010
1.9099999999999984|459010
1.9099999999999984|460010
1.9099999999999984|461010
1.9099999999999984|462010
1.9099999999999984|463010
1.9099999999999984|464010
1.9099999999999984|465010
1.9099999999999984|466010
1.9099999999999984|467010
1.9099999999999984|468010
1.9099999999999984|469010
1.9099999999999984|470010
1.9099999999999984|471010
1.9099999999999984|472010
1.9099999999999984|473010
1.9099999999999984|474010
1.9099999999999984|475010
1.9099999999999984|476010
1.9099999999999984|477010
1.9099999999999984|478010
1.9099999999999984|479010
1.9099999999999984|480010
1.9099999999999984|481010
1.9099999999999984|482010
1.9099999999999984|483010
1.9099999999999984|484010
1.9099999999999984|485010
1.9099999999999984|486010
1.9099999999999984|487010
1.9099999999999984|488010
1.9099999999999984|489010
1.9099999999999984|490010
1.9099999999999984|491010
1.9099999999999984|492010
1.9099999999999984|493010
1.9099999999999984|494010
1.9099999999999984|495010
1.9099999999999984|496010
1.9099999999999984|497010
1.9099999999999984|498010
1.9099999999999984|499010
1.9099999999999984|500010
1.9099999999999984|501010
1.9099999999999984|502010
1.9099999999999984|503010
1.9099999999999984|504010
1.9099999999999984|505010
1.9099999999999984|506010
1.9099999999999984|507010
1.9099999999999984|508010
1.9099999999999984|509010
1.9099999999999984|510010
1.9099999999999984|511010
1.9099999999999984|512010
1.9099999999999984|513010
1.9099999999999984|514010
1.9099999999999984|515010
1.9099999999999984|516010
1.9099999999999984|517010
1.9099999999999984|518010
1.9099999999999984|519010
1.9099999999999984|520010
1.9099999999999984|521010
1.9099999999999984|522010
1.9099999999999984|523010
1.9099999999999984|524010
1.9099999999999984|525010
1.9099999999999984|526010
1.9099999999999984|527010
1.9099999999999984|528010
1.9099999999999984|529010
1.9099999999999984|530010
1.9099999999999984|531010
1.9099999999999984|532010
1.9099999999999984|533010
1.9099999999999984|534010
1.9099999999999984|535010
1.9099999999999984|536010
1.9099999999999984|537010
1.9099999999999984|538010
1.9099999999999984|539010
1.9099999999999984|540010
1.9099999999999984|541010
1.9099999999999984|542010
1.9099999999999984|543010
1.9099999999999984|544010
1.9099999999999984|545010
1.9099999999999984|546010
1.9099999999999984|547010
1.9099999999999984|548010
1.9099999999999984|549010
1.9099999999999984|550010
1.9099999999999984|551010
1.9099999999999984|552010
1.9099999999999984|553010
1.9099999999999984|554010
1.9099999999999984|555010
1.9099999999999984|556010
1.9099999999999984|557010
1.9099999999999984|558010
1.9099999999999984|559010
1.9099999999999984|560010
1.9099999999999984|561010
1.9099999999999984|562010
1.9099999999999984|563010
1.9099999999999984|564010
1.9099999999999984|565010
1.9099999999999984|566010
1.9099999999999984|567010
1.9099999999999984|568010
1.9099999999999984|569010
1.9099999999999984|570010
1.9099999999999984|571010
1.9099999999999984|572010
1.9099999999999984|573010
1.9099999999999984|574010
1.9099999999999984|575010
1.9099999999999984|576010
1.9099999999999984|577010
1.9099999999999984|578010
1.9099999999999984|579010
1.9099999999999984|580010
1.9099999999999984|581010
1.9099999999999984|582010
1.9099999999999984|583010
1.9099999999999984|584010
1.9099999999999984|585010
1.9099999999999984|586010
1.9099999999999984|587010
1.9099999999999984|588010
1.9099999999999984|589010
1.9099999999999984|590010
1.9099999999999984|591010
1.9099999999999984|592010
1.9099999999999984|593010
1.9099999999999984|594010
1.9099999999999984|595010
1.9099999999999984|596010
1.9099999999999984|597010
1.9099999999999984|598010
1.9099999999999984|599010
1.9099999999999984|600010
1.9099999999999984|601010
1.9099999999999984|602010
1.9099999999999984|603010
1.9099999999999984|604010
1.9099999999999984|605010
1.9099999999999984|606010
1.9099999999999984|607010
1.9099999999999984|608010
1.9099999999999984|609010
1.9099999999999984|610010
1.9099999999999984|611010
1.9099999999999984|612010
1.9099999999999984|613010
1.9099999999999984|614010
1.9099999999999984|615010
1.9099999999999984|616010
1.9099999999999984|617010
1.9099999999999984|618010
1.9099999999999984|619010
1.9099999999999984|620010
1.9099999999999984|621010
1.9099999999999984|622010
1.9099999999999984|623010
1.9099999999999984|624010
1.9099999999999984|625010
1.9099999999999984|626010
1.9099999999999984|627010
1.9099999999999984|628010
1.9099999999999984|629010
1.9099999999999984|630010
1.9099999999999984|631010
1.9099999999999984|632010
1.9099999999999984|633010
1.9099999999999984|634010
1.9099999999999984|635010
1.9099999999999984|636010
1.9099999999999984|637010
1.9099999999999984|638010
1.9099999999999984|639010
1.9099999999999984|640010
1.9099999999999984|641010
1.9099999999999984|642010
1.9099999999999984|643010
1.9099999999999984|644010
1.9099999999999984|645010
1.9099999999999984|646010
1.9099999999999984|647010
1.9099999999999984|648010
1.9099999999999984|649010
1.9099999999999984|650010
1.9099999999999984|651010
1.9099999999999984|652010
1.9099999999999984|653010
1.9099999999999984|654010
1.9099999999999984|655010
1.9099999999999984|656010
1.9099999999999984|657010
1.9099999999999984|658010
1.9099999999999984|659010
1.9099999999999984|660010
1.9099999999999984|661010
1.9099999999999984|662010
1.9099999999999984|663010
1.9099999999999984|664010
1.9099999999999984|665010
1.9099999999999984|666010
1.9099999999999984|667010
1.9099999999999984|668010
1.9099999999999984|669010
1.9099999999999984|670010
1.9099999999999984|671010
1.9099999999999984|672010
1.9099999999999984|673010
1.9099999999999984|674010
1.9099999999999984|675010
1.9099999999999984|676010
1.9099999999999984|677010
1.9099999999999984|678010
1.9099999999999984|679010
1.9099999999999984|680010
1.9099999999999984|681010
1.9099999999999984|682010
1.9099999999999984|683010
1.9099999999999984|684010
1.9099999999999984|685010
1.9099999999999984|686010
1.9099999999999984|687010
1.9099999999999984|688010
1.9099999999999984|689010
1.9099999999999984|690010
1.9099999999999984|691010
1.9099999999999984|692010
1.9099999999999984|693010
1.9099999999999984|694010
1.9099999999999984|695010
1.9099999999999984|696010
1.9099999999999984|697010
1.9099999999999984|698010
1.9099999999999984|699010
1.9099999999999984|700010
1.9099999999999984|701010
1.9099999999999984|702010
1.9099999999999984|703010
1.9099999999999984|704010
1.9099999999999984|705010
1.9099999999999984|706010
1.9099999999999984|707010
1.9099999999999984|708010
1.9099999999999984|709010
1.9099999999999984|710010
1.9099999999999984|711010
1.9099999999999984|712010
1.9099999999999984|713010
1.9099999999999984|714010
1.9099999999999984|715010
1.9099999999999984|716010
1.9099999999999984|717010
1.9099999999999984|718010
1.9099999999999984|719010
1.9099999999999984|720010
1.9099999999999984|721010
1.9099999999999984|722010
1.9099999999999984|723010
1.9099999999999984|724010
1.9099999999999984|725010
1.9099999999999984|726010
1.9099999999999984|727010
1.9099999999999984|728010
1.9099999999999984|729010
1.9099999999999984|730010
1.9099999999999984|731010
1.9099999999999984|732010
1.9099999999999984|733010
1.9099999999999984|734010
1.9099999999999984|735010
1.9099999999999984|736010
1.9099999999999984|737010
1.9099999999999984|738010
1.9099999999999984|739010
1.9099999999999984|740010
1.9099999999999984|741010
1.9099999999999984|742010
1.9099999999999984|743010
1.9099999999999984|744010
1.9099999999999984|745010
1.9099999999999984|746010
1.9099999999999984|747010
1.9099999999999984|748010
1.9099999999999984|749010
1.9099999999999984|750010
1.9099999999999984|751010
1.9099999999999984|752010
1.9099999999999984|753010
1.9099999999999984|754010
1.9099999999999984|755010
1.9099999999999984|756010
1.9099999999999984|757010
1.9099999999999984|758010
1.9099999999999984|759010
1.9099999999999984|760010
1.9099999999999984|761010
1.9099999999999984|762010
1.9099999999999984|763010
1.9099999999999984|764010
1.9099999999999984|765010
1.9099999999999984|766010
1.9099999999999984|767010
1.9099999999999984|768010
1.9099999999999984|769010
1.9099999999999984|770010
1.9099999999999984|771010
1.9099999999999984|772010
1.9099999999999984|773010
1.9099999999999984|774010
1.9099999999999984|775010
1.9099999999999984|776010
1.9099999999999984|777010
1.9099999999999984|778010
1.9099999999999984|779010
1.9099999999999984|780010
1.9099999999999984|781010
1.9099999999999984|782010
1.9099999999999984|783010
1.9099999999999984|784010
1.9099999999999984|785010
1.9099999999999984|786010
1.9099999999999984|787010
1.9099999999999984|788010
1.9099999999999984|789010
1.9099999999999984|790010
1.9099999999999984|791010
1.9099999999999984|792010
1.9099999999999984|793010
1.9099999999999984|794010
1.9099999999999984|795010
1.9099999999999984|796010
1.9099999999999984|797010
1.9099999999999984|798010
1.9099999999999984|799010
1.9099999999999984|800010
1.9099999999999984|801010
1.9099999999999984|802010
1.9099999999999984|803010
1.9099999999999984|804010
1.9099999999999984|805010
1.9099999999999984|806010
1.9099999999999984|807010
1.9099999999999984|808010
1.9099999999999984|809010
1.9099999999999984|810010
1.9099999999999981|811010
1.9099999999999981|812010
1.9099999999999981|813010
1.9099999999999981|814010
1.9099999999999981|815010
1.9099999999999981|816010
1.9099999999999981|817010
1.9099999999999981|818010
1.9099999999999981|819010
1.9099999999999981|820010
1.9099999999999981|821010
1.9099999999999981|822010
1.9099999999999981|823010
1.9099999999999981|824010
1.9099999999999981|825010
1.9099999999999981|826010
1.9099999999999981|827010
1.9099999999999981|828010
1.9099999999999981|829010
1.9099999999999981|830010
1.9099999999999981|831010
1.9099999999999981|832010
1.9099999999999981|833010
1.9099999999999981|834010
1.9099999999999981|835010
1.9099999999999981|836010
1.9099999999999981|837010
1.9099999999999981|838010
1.9099999999999981|839010
1.9099999999999981|840010
1.9099999999999981|841010
1.9099999999999981|842010
1.9099999999999981|843010
1.9099999999999981|844010
1.9099999999999981|845010
1.9099999999999981|846010
1.9099999999999981|847010
1.9099999999999981|848010
1.9099999999999981|849010
1.9099999999999981|850010
1.9099999999999981|851010
1.9099999999999981|852010
1.9099999999999981|853010
1.9099999999999981|854010
1.9099999999999981|855010
1.9099999999999981|856010
1.9099999999999981|857010
1.9099999999999981|858010
1.9099999999999981|859010
1.9099999999999981|860010
1.9099999999999981|861010
1.9099999999999981|862010
1.9099999999999981|863010
1.9099999999999981|864010
1.9099999999999981|865010
1.9099999999999981|866010
1.9099999999999981|867010
1.9099999999999981|868010
1.9099999999999981|869010
1.9099999999999981|870010
1.9099999999999981|871010
1.9099999999999981|872010
1.9099999999999981|873010
1.9099999999999981|874010
1.9099999999999981|875010
1.9099999999999981|876010
1.9099999999999981|877010
1.9099999999999981|878010
1.9099999999999981|879010
1.9099999999999981|880010
1.9099999999999981|881010
1.9099999999999981|882010
1.9099999999999981|883010
1.9099999999999981|884010
1.9099999999999981|885010
1.9099999999999981|886010
1.9099999999999981|887010
1.9099999999999981|888010
1.9099999999999981|889010
1.9099999999999981|890010
1.9099999999999981|891010
1.9099999999999981|892010
1.9099999999999981|893010
1.9099999999999981|894010
1.9099999999999981|895010
1.9099999999999981|896010
1.9099999999999981|897010
1.9099999999999981|898010
1.9099999999999981|899010
1.9099999999999981|900010
1.9099999999999981|901010
1.9099999999999981|902010
1.9099999999999981|903010
1.9099999999999981|904010
1.9099999999999981|905010
1.9099999999999981|906010
1.9099999999999981|907010
1.9099999999999981|908010
1.9099999999999981|909010
1.9099999999999981|910010
1.9099999999999981|911010
1.9099999999999981|912010
1.9099999999999981|913010
1.9099999999999981|914010
1.9099999999999981|915010
1.9099999999999981|916010
1.9099999999999981|917010
1.9099999999999981|918010
1.9099999999999981|919010
1.9099999999999981|920010
1.9099999999999981|921010
1.9099999999999981|922010
1.9099999999999981|923010
1.9099999999999981|924010
1.9099999999999981|925010
1.9099999999999981|926010
1.9099999999999981|927010
1.9099999999999981|928010
1.9099999999999981|929010
1.9099999999999981|930010
1.9099999999999981|931010
1.9099999999999981|932010
1.9099999999999981|933010
1.9099999999999981|934010
1.9099999999999981|935010
1.9099999999999981|936010
1.9099999999999981|937010
1.9099999999999981|938010
1.9099999999999981|939010
1.9099999999999981|940010
1.9099999999999981|941010
1.9099999999999981|942010
1.9099999999999981|943010
1.9099999999999981|944010
1.9099999999999981|945010
1.9099999999999981|946010
1.9099999999999981|947010
1.9099999999999981|948010
1.9099999999999981|949010
1.9099999999999981|950010
1.9099999999999981|951010
1.9099999999999981|952010
1.9099999999999981|953010
1.9099999999999981|954010
1.9099999999999981|955010
1.9099999999999981|956010
1.9099999999999981|957010
1.9099999999999981|958010
1.9099999999999981|959010
1.9099999999999981|960010
1.9099999999999981|961010
1.9099999999999981|962010
1.9099999999999981|963010
1.9099999999999981|964010
1.9099999999999981|965010
1.9099999999999981|966010
1.9099999999999981|967010
1.9099999999999981|968010
1.9099999999999981|969010
1.9099999999999981|970010
1.9099999999999981|971010
1.9099999999999981|972010
1.9099999999999981|973010
1.9099999999999981|974010
1.9099999999999981|975010
1.9099999999999981|976010
1.9099999999999981|977010
1.9099999999999981|978010
1.9099999999999981|979010
1.9099999999999981|980010
1.9099999999999981|981010
1.9099999999999981|982010
1.9099999999999981|983010
1.9099999999999981|984010
1.9099999999999981|985010
1.9099999999999981|986010
1.9099999999999981|987010
1.9099999999999981|988010
1.9099999999999981|989010
1.9099999999999981|990010
1.9099999999999981|991010
1.9099999999999981|992010
1.9099999999999981|993010
1.9099999999999981|994010
1.9099999999999981|995010
1.9099999999999981|996010
1.9099999999999981|997010
1.9099999999999981|998010
1.9099999999999981|999010
1.9099999999999981|1000010
