33.21524160399709|1100
33.866962285839826|2100
34.210981361742085|3100
34.61197457896311|4100
34.8384565057738|5100
35.42416567544043|6100
35.79086534763203|7100
35.79086534763203|8100
35.79086534763203|9100
35.79086534763203|10100
35.82332335575906|11100
36.275800706228|12100
36.68545388329153|13100
37.15193860938449|14100
37.67871850807347|15100
37.67871850807347|16100
37.77464784446022|17100
37.9852936712825|18100
38.02646601829247|19100
38.34763785113086|20100
38.34763785113086|21100
38.381852791726224|22100
38.536811023740746|23100
38.613603837479246|24100
38.622869903306054|25100
38.65566393441885|26100
38.763906014269836|27100
38.810733361656716|28100
38.8608477354245|29100
39.00326505543372|30100
39.02762268800951|31100
39.05090174919253|32100
39.05090174919253|33100
39.09873059010481|34100
39.125603748812416|35100
39.151629195135435|36100
39.153831237843555|37100
39.172861758402824|38100
39.17585572585536|39100
39.18308290626045|40100
39.20241388562508|41100
39.205848813505206|42100
39.205848813505206|43100
39.21442143566153|44100
39.21442143566153|45100
39.217409027096586|46100
39.22075222273931|47100
39.22878038356421|48100
39.2468980187201|49100
39.252003470248184|50100
39.25415635851996|51100
39.2571588502252|52100
39.25952744326736|53100
39.25952744326736|54100
39.268619966242355|55100
39.2716224579476|56100
39.2716224579476|57100
39.27284740612317|58100
39.2905831110172|59100
39.2905831110172|60100
39.305141221736505|61100
39.305141221736505|62100
39.30568455107291|63100
39.30568455107291|64100
39.305684551072915|65100
39.31955477111568|66100
39.31955477111568|67100
39.326599016990755|68100
39.33105368790285|69100
39.36981518436949|70100
39.36981518436949|71100
39.37046802637434|72100
39.37046802637434|73100
39.38009649199078|74100
39.380749333995624|75100
39.38455779158794|76100
39.38455779158794|77100
39.38521063359278|78100
39.38521063359278|79100
39.39042719131258|80100
39.39398111877105|81100
39.39727094978129|82100
39.40082487723976|83100
39.40418716969025|84100
39.40479423277394|85100
39.40479423277394|86100
39.42164184904763|87100
39.42199371939357|88100
39.422424484682296|89100
39.42260572252191|90100
39.42850449143927|91100
39.43135401885563|92100
39.43135401885563|93100
39.43135401885563|94100
39.437252787773|95100
39.437252787773005|96100
39.438475037780385|97100
39.438475037780385|98100
39.438475037780385|99100
39.438475037780385|100100
39.438475037780385|101100
39.438475037780385|102100
39.438475037780385|103100
39.44362518395068|104100
39.456687511746836|105100
39.45668751174684|106100
39.45738541063437|107100
39.45873576361285|108100
39.45984564199425|109100
39.45984564199425|110100
39.45984564199427|111100
39.462068428558375|112100
39.462068428558375|113100
39.462068428558375|114100
39.462068428558375|115100
39.462433507943445|116100
39.462433507943445|117100
39.46285106419303|118100
39.46321614357811|119100
39.46386520220344|120100
39.46936916833258|121100
39.47564475240063|122100
39.47669982966148|123100
39.47669982966148|124100
39.47669982966148|125100
39.47677329073728|126100
39.48209799327648|127100
39.48605528986533|128100
39.48605528986533|129100
39.48647564677542|130100
39.48647564677542|131100
39.48647564677542|132100
39.48647564677542|133100
39.495340304833356|134100
39.495340304833356|135100
39.501318170654315|136100
39.501318170654315|137100
39.50148424361291|138100
39.50148424361291|139100
39.50217834059747|140100
39.50217834059747|141100
39.50217834059747|142100
39.50217834059747|143100
39.50217834059747|144100
39.50217834059747|145100
39.50217834059748|146100
39.50217834059748|147100
39.50217834059748|148100
39.50217834059748|149100
39.50217834059748|150100
39.50217834059748|151100
39.50217834059748|152100
39.50217834059748|153100
39.50217834059748|154100
39.50217834059748|155100
39.50217834059748|156100
39.50217834059748|157100
39.50217834059748|158100
39.50217834059748|159100
39.50217834059748|160100
39.50217834059748|161100
39.50217834059748|162100
39.50217834059748|163100
39.50217834059748|164100
39.50217834059748|165100
39.50217834059748|166100
39.50217834059748|167100
39.50217834059748|168100
39.50217834059748|169100
39.50217834059748|170100
39.50217834059748|171100
39.50217834059748|172100
39.50217834059748|173100
39.50217834059748|174100
39.50217834059748|175100
39.50217834059748|176100
39.50217834059748|177100
39.50217834059748|178100
39.50217834059748|179100
39.50217834059748|180100
39.50217834059748|181100
39.50217834059748|182100
39.50217834059748|183100
39.50217834059748|184100
39.50217834059748|185100
39.50217834059748|186100
39.50217834059748|187100
39.50217834059748|188100
39.50217834059748|189100
39.50217834059748|190100
39.50217834059748|191100
39.50217834059748|192100
39.50217834059748|193100
39.50217834059748|194100
39.50217834059748|195100
39.50217834059748|196100
39.50217834059748|197100
39.50217834059748|198100
39.50217834059748|199100
39.50217834059748|200100
39.50217834059748|201100
39.50217834059748|202100
39.50217834059748|203100
39.50217834059748|204100
39.50217834059748|205100
39.50217834059748|206100
39.50217834059748|207100
39.50217834059748|208100
39.50217834059748|209100
39.50217834059748|210100
39.50217834059748|211100
39.50217834059748|212100
39.50217834059748|213100
39.50217834059748|214100
39.50217834059748|215100
39.50217834059748|216100
39.50217834059748|217100
39.50217834059749|218100
39.50217834059749|219100
39.50217834059749|220100
39.50217834059749|221100
39.50217834059749|222100
39.50217834059749|223100
39.50217834059749|224100
39.50217834059749|225100
39.50217834059749|226100
39.50217834059749|227100
39.50217834059749|228100
39.50217834059749|229100
39.50217834059749|230100
39.50217834059749|231100
39.50217834059749|232100
39.50217834059749|233100
39.50217834059749|234100
39.50217834059749|235100
39.50217834059749|236100
39.50217834059749|237100
39.50217834059749|238100
39.50217834059749|239100
39.50217834059749|240100
39.50217834059749|241100
39.50217834059749|242100
39.50217834059749|243100
39.50217834059749|244100
39.50217834059749|245100
39.50217834059749|246100
39.50217834059749|247100
39.50217834059749|248100
39.50217834059749|249100
39.50217834059749|250100
39.50217834059749|251100
39.50217834059749|252100
39.50217834059749|253100
39.50217834059749|254100
39.50217834059749|255100
39.50217834059749|256100
39.50217834059749|257100
39.50217834059749|258100
39.50217834059749|259100
39.50217834059749|260100
39.50217834059749|261100
39.50217834059749|262100
39.50217834059749|263100
39.50217834059749|264100
39.50217834059749|265100
39.50217834059749|266100
39.50217834059749|267100
39.50217834059749|268100
39.50217834059749|269100
39.50217834059749|270100
39.50217834059749|271100
39.50217834059749|272100
39.50217834059749|273100
39.50217834059749|274100
39.50217834059749|275100
39.50217834059749|276100
39.50217834059749|277100
39.50217834059749|278100
39.50217834059749|279100
39.50217834059749|280100
39.50217834059749|281100
39.50217834059749|282100
39.50217834059749|283100
39.50217834059749|284100
39.50217834059749|285100
39.50217834059749|286100
39.50217834059749|287100
39.50217834059749|288100
39.50217834059749|289100
39.50217834059749|290100
39.50217834059749|291100
39.50217834059749|292100
39.50217834059749|293100
39.50217834059749|294100
39.50217834059749|295100
39.50217834059749|296100
39.50217834059749|297100
39.50217834059749|298100
39.50217834059749|299100
39.50217834059749|300100
39.50217834059749|301100
39.50217834059749|302100
39.50217834059749|303100
39.50217834059749|304100
39.50217834059749|305100
39.50217834059749|306100
39.50217834059749|307100
39.50217834059749|308100
39.50217834059749|309100
39.50217834059749|310100
39.50217834059749|311100
39.50217834059749|312100
39.50217834059749|313100
39.50217834059749|314100
39.50217834059749|315100
39.50217834059749|316100
39.50217834059749|317100
39.50217834059749|318100
39.50217834059749|319100
39.50217834059749|320100
39.50217834059749|321100
39.50217834059749|322100
39.50217834059749|323100
39.50217834059749|324100
39.50217834059749|325100
39.50217834059749|326100
39.50217834059749|327100
39.50217834059749|328100
39.50217834059749|329100
39.50217834059749|330100
39.50217834059749|331100
39.50217834059749|332100
39.50217834059749|333100
39.50217834059749|334100
39.50217834059749|335100
39.50217834059749|336100
39.50217834059749|337100
39.50217834059749|338100
39.50217834059749|339100
39.50217834059749|340100
39.50217834059749|341100
39.50217834059749|342100
39.50217834059749|343100
39.50217834059749|344100
39.50217834059749|345100
39.50217834059749|346100
39.50217834059749|347100
39.50217834059749|348100
39.50217834059749|349100
39.50217834059749|350100
39.50217834059749|351100
39.50217834059749|352100
39.50217834059749|353100
39.50217834059749|354100
39.50217834059749|355100
39.50217834059749|356100
39.50217834059749|357100
39.50217834059749|358100
39.50217834059749|359100
39.50217834059749|360100
39.50217834059749|361100
39.50217834059749|362100
39.50217834059749|363100
39.50217834059749|364100
39.50217834059749|365100
39.50217834059749|366100
39.50217834059749|367100
39.50217834059749|368100
39.50217834059749|369100
39.50217834059749|370100
39.50217834059749|371100
39.50217834059749|372100
39.50217834059749|373100
39.50217834059749|374100
39.50217834059749|375100
39.50217834059749|376100
39.50217834059749|377100
39.50217834059749|378100
39.50217834059749|379100
39.50217834059749|380100
39.50217834059749|381100
39.50217834059749|382100
39.50217834059749|383100
39.50217834059749|384100
39.50217834059749|385100
39.50217834059749|386100
39.50217834059749|387100
39.50217834059749|388100
39.50217834059749|389100
39.50217834059749|390100
39.50217834059749|391100
39.50217834059749|392100
39.50217834059749|393100
39.50217834059749|394100
39.50217834059749|395100
39.50217834059749|396100
39.50217834059749|397100
39.50217834059749|398100
39.50217834059749|399100
39.50217834059749|400100
39.50217834059749|401100
39.50217834059749|402100
39.50217834059749|403100
39.50217834059749|404100
39.50217834059749|405100
39.50217834059749|406100
39.50217834059749|407100
39.50217834059749|408100
39.50217834059749|409100
39.50217834059749|410100
39.50217834059749|411100
39.50217834059749|412100
39.50217834059749|413100
39.50217834059749|414100
39.50217834059749|415100
39.50217834059749|416100
39.50217834059749|417100
39.50217834059749|418100
39.50217834059749|419100
39.50217834059749|420100
39.50217834059749|421100
39.50217834059749|422100
39.50217834059749|423100
39.50217834059749|424100
39.50217834059749|425100
39.50217834059749|426100
39.50217834059749|427100
39.50217834059749|428100
39.50217834059749|429100
39.50217834059749|430100
39.50217834059749|431100
39.50217834059749|432100
39.50217834059749|433100
39.50217834059749|434100
39.50217834059749|435100
39.50217834059749|436100
39.50217834059749|437100
39.50217834059749|438100
39.50217834059749|439100
39.50217834059749|440100
39.50217834059749|441100
39.50217834059749|442100
39.50217834059749|443100
39.50217834059749|444100
39.50217834059749|445100
39.50217834059749|446100
39.50217834059749|447100
39.50217834059749|448100
39.50217834059749|449100
39.50217834059749|450100
39.50217834059749|451100
39.50217834059749|452100
39.50217834059749|453100
39.50217834059749|454100
39.50217834059749|455100
39.50217834059749|456100
39.50217834059749|457100
39.50217834059749|458100
39.50217834059749|459100
39.50217834059749|460100
39.50217834059749|461100
39.50217834059749|462100
39.50217834059749|463100
39.50217834059749|464100
39.50217834059749|465100
39.50217834059749|466100
39.50217834059749|467100
39.50217834059749|468100
39.50217834059749|469100
39.50217834059749|470100
39.50217834059749|471100
39.50217834059749|472100
39.50217834059749|473100
39.50217834059749|474100
39.50217834059749|475100
39.50217834059749|476100
39.50217834059749|477100
39.50217834059749|478100
39.50217834059749|479100
39.50217834059749|480100
39.50217834059749|481100
39.50217834059749|482100
39.50217834059749|483100
39.50217834059749|484100
39.50217834059749|485100
39.50217834059749|486100
39.50217834059749|487100
39.50217834059749|488100
39.50217834059749|489100
39.50217834059749|490100
39.50217834059749|491100
39.50217834059749|492100
39.50217834059749|493100
39.50217834059749|494100
39.50217834059749|495100
39.50217834059749|496100
39.50217834059749|497100
39.5033577636308|498100
39.5033577636308|499100
39.5033577636308|500100
39.5033577636308|501100
39.5033577636308|502100
39.5033577636308|503100
39.5033577636308|504100
39.5033577636308|505100
39.5033577636308|506100
39.5033577636308|507100
39.5033577636308|508100
39.5033577636308|509100
39.5033577636308|510100
39.5033577636308|511100
39.5033577636308|512100
39.5033577636308|513100
39.5033577636308|514100
39.5033577636308|515100
39.5033577636308|516100
39.5033577636308|517100
39.5033577636308|518100
39.5033577636308|519100
39.5033577636308|520100
39.5033577636308|521100
39.5033577636308|522100
39.5033577636308|523100
39.5033577636308|524100
39.5033577636308|525100
39.5033577636308|526100
39.5033577636308|527100
39.5033577636308|528100
39.5033577636308|529100
39.5033577636308|530100
39.5033577636308|531100
39.5033577636308|532100
39.5033577636308|533100
39.5033577636308|534100
39.5033577636308|535100
39.5033577636308|536100
39.5033577636308|537100
39.5033577636308|538100
39.5033577636308|539100
39.5033577636308|540100
39.5033577636308|541100
39.5033577636308|542100
39.5033577636308|543100
39.5033577636308|544100
39.5033577636308|545100
39.5033577636308|546100
39.5033577636308|547100
39.5033577636308|548100
39.5033577636308|549100
39.5033577636308|550100
39.5033577636308|551100
39.5033577636308|552100
39.5033577636308|553100
39.5033577636308|554100
39.5033577636308|555100
39.5033577636308|556100
39.5033577636308|557100
39.5033577636308|558100
39.5033577636308|559100
39.5033577636308|560100
39.5033577636308|561100
39.5033577636308|562100
39.5033577636308|563100
39.5033577636308|564100
39.5033577636308|565100
39.5033577636308|566100
39.5033577636308|567100
39.5033577636308|568100
39.5033577636308|569100
39.5033577636308|570100
39.5033577636308|571100
39.5033577636308|572100
39.5033577636308|573100
39.5033577636308|574100
39.5033577636308|575100
39.5033577636308|576100
39.5033577636308|577100
39.5033577636308|578100
39.5033577636308|579100
39.5033577636308|580100
39.5033577636308|581100
39.5033577636308|582100
39.5033577636308|583100
39.5033577636308|584100
39.5033577636308|585100
39.5033577636308|586100
39.5033577636308|587100
39.5033577636308|588100
39.5033577636308|589100
39.5033577636308|590100
39.5033577636308|591100
39.5033577636308|592100
39.5033577636308|593100
39.5033577636308|594100
39.5033577636308|595100
39.5033577636308|596100
39.5033577636308|597100
39.5033577636308|598100
39.5033577636308|599100
39.5033577636308|600100
39.5033577636308|601100
39.5033577636308|602100
39.5033577636308|603100
39.5033577636308|604100
39.5033577636308|605100
39.5033577636308|606100
39.5033577636308|607100
39.5033577636308|608100
39.5033577636308|609100
39.5033577636308|610100
39.5033577636308|611100
39.5033577636308|612100
39.5033577636308|613100
39.5033577636308|614100
39.5033577636308|615100
39.5033577636308|616100
39.5033577636308|617100
39.5033577636308|618100
39.5033577636308|619100
39.5033577636308|620100
39.5033577636308|621100
39.5033577636308|622100
39.5033577636308|623100
39.5033577636308|624100
39.5033577636308|625100
39.5033577636308|626100
39.5033577636308|627100
39.5033577636308|628100
39.5033577636308|629100
39.5033577636308|630100
39.5033577636308|631100
39.5033577636308|632100
39.5033577636308|633100
39.5033577636308|634100
39.5033577636308|635100
39.5033577636308|636100
39.5033577636308|637100
39.5033577636308|638100
39.5033577636308|639100
39.5033577636308|640100
39.5033577636308|641100
39.5033577636308|642100
39.5033577636308|643100
39.5033577636308|644100
39.5033577636308|645100
39.5033577636308|646100
39.5033577636308|647100
39.5033577636308|648100
39.5033577636308|649100
39.5033577636308|650100
39.5033577636308|651100
39.5033577636308|652100
39.5033577636308|653100
39.5033577636308|654100
39.5033577636308|655100
39.5033577636308|656100
39.5033577636308|657100
39.5033577636308|658100
39.5033577636308|659100
39.5033577636308|660100
39.5033577636308|661100
39.5033577636308|662100
39.5033577636308|663100
39.5033577636308|664100
39.5033577636308|665100
39.5033577636308|666100
39.5033577636308|667100
39.5033577636308|668100
39.5033577636308|669100
39.5033577636308|670100
39.5033577636308|671100
39.5033577636308|672100
39.5033577636308|673100
39.5033577636308|674100
39.5033577636308|675100
39.5033577636308|676100
39.5033577636308|677100
39.5033577636308|678100
39.5033577636308|679100
39.5033577636308|680100
39.5033577636308|681100
39.5033577636308|682100
39.5033577636308|683100
39.5033577636308|684100
39.5033577636308|685100
39.5033577636308|686100
39.5033577636308|687100
39.5033577636308|688100
39.5033577636308|689100
39.5033577636308|690100
39.5033577636308|691100
39.5033577636308|692100
39.5033577636308|693100
39.5033577636308|694100
39.5033577636308|695100
39.5033577636308|696100
39.5033577636308|697100
39.5033577636308|698100
39.5033577636308|699100
39.5033577636308|700100
39.5033577636308|701100
39.5033577636308|702100
39.5033577636308|703100
39.5033577636308|704100
39.5033577636308|705100
39.5033577636308|706100
39.5033577636308|707100
39.5033577636308|708100
39.5033577636308|709100
39.5033577636308|710100
39.5033577636308|711100
39.5033577636308|712100
39.5033577636308|713100
39.5033577636308|714100
39.5033577636308|715100
39.5033577636308|716100
39.5033577636308|717100
39.5033577636308|718100
39.5033577636308|719100
39.5033577636308|720100
39.5033577636308|721100
39.5033577636308|722100
39.5033577636308|723100
39.5033577636308|724100
39.5033577636308|725100
39.5033577636308|726100
39.5033577636308|727100
39.5033577636308|728100
39.5033577636308|729100
39.5033577636308|730100
39.5033577636308|731100
39.5033577636308|732100
39.5033577636308|733100
39.5033577636308|734100
39.5033577636308|735100
39.5033577636308|736100
39.5033577636308|737100
39.5033577636308|738100
39.5033577636308|739100
39.5033577636308|740100
39.5033577636308|741100
39.5033577636308|742100
39.5033577636308|743100
39.5033577636308|744100
39.5033577636308|745100
39.5033577636308|746100
39.5033577636308|747100
39.5033577636308|748100
39.5033577636308|749100
39.5033577636308|750100
39.5033577636308|751100
39.5033577636308|752100
39.5033577636308|753100
39.5033577636308|754100
39.5033577636308|755100
39.5033577636308|756100
39.5033577636308|757100
39.5033577636308|758100
39.5033577636308|759100
39.5033577636308|760100
39.5033577636308|761100
39.5033577636308|762100
39.5033577636308|763100
39.5033577636308|764100
39.5033577636308|765100
39.5033577636308|766100
39.5033577636308|767100
39.5033577636308|768100
39.5033577636308|769100
39.5033577636308|770100
39.5033577636308|771100
39.5033577636308|772100
39.5033577636308|773100
39.5033577636308|774100
39.5033577636308|775100
39.5033577636308|776100
39.5033577636308|777100
39.5033577636308|778100
39.5033577636308|779100
39.5033577636308|780100
39.5033577636308|781100
39.5033577636308|782100
39.5033577636308|783100
39.5033577636308|784100
39.5033577636308|785100
39.5033577636308|786100
39.5033577636308|787100
39.5033577636308|788100
39.5033577636308|789100
39.5033577636308|790100
39.5033577636308|791100
39.5033577636308|792100
39.5033577636308|793100
39.5033577636308|794100
39.5033577636308|795100
39.5033577636308|796100
39.5033577636308|797100
39.5033577636308|798100
39.5033577636308|799100
39.5033577636308|800100
39.5033577636308|801100
39.5033577636308|802100
39.5033577636308|803100
39.5033577636308|804100
39.5033577636308|805100
39.5033577636308|806100
39.5033577636308|807100
39.5033577636308|808100
39.5033577636308|809100
39.5033577636308|810100
39.5033577636308|811100
39.5033577636308|812100
39.5033577636308|813100
39.5033577636308|814100
39.5033577636308|815100
39.5033577636308|816100
39.5033577636308|817100
39.5033577636308|818100
39.5033577636308|819100
39.5033577636308|820100
39.5033577636308|821100
39.5033577636308|822100
39.5033577636308|823100
39.5033577636308|824100
39.5033577636308|825100
39.5033577636308|826100
39.5033577636308|827100
39.5033577636308|828100
39.5033577636308|829100
39.5033577636308|830100
39.5033577636308|831100
39.5033577636308|832100
39.5033577636308|833100
39.5033577636308|834100
39.5033577636308|835100
39.5033577636308|836100
39.5033577636308|837100
39.5033577636308|838100
39.5033577636308|839100
39.5033577636308|840100
39.5033577636308|841100
39.5033577636308|842100
39.5033577636308|843100
39.5033577636308|844100
39.5033577636308|845100
39.5033577636308|846100
39.5033577636308|847100
39.5033577636308|848100
39.5033577636308|849100
39.5033577636308|850100
39.5033577636308|851100
39.5033577636308|852100
39.5033577636308|853100
39.5033577636308|854100
39.5033577636308|855100
39.5033577636308|856100
39.5033577636308|857100
39.5033577636308|858100
39.5033577636308|859100
39.5033577636308|860100
39.5033577636308|861100
39.5033577636308|862100
39.5033577636308|863100
39.5033577636308|864100
39.5033577636308|865100
39.5033577636308|866100
39.5033577636308|867100
39.5033577636308|868100
39.5033577636308|869100
39.5033577636308|870100
39.5033577636308|871100
39.5033577636308|872100
39.5033577636308|873100
39.5033577636308|874100
39.5033577636308|875100
39.5033577636308|876100
39.5033577636308|877100
39.5033577636308|878100
39.5033577636308|879100
39.5033577636308|880100
39.5033577636308|881100
39.5033577636308|882100
39.5033577636308|883100
39.5033577636308|884100
39.5033577636308|885100
39.5033577636308|886100
39.5033577636308|887100
39.5033577636308|888100
39.5033577636308|889100
39.5033577636308|890100
39.5033577636308|891100
39.5033577636308|892100
39.5033577636308|893100
39.5033577636308|894100
39.5033577636308|895100
39.5033577636308|896100
39.5033577636308|897100
39.5033577636308|898100
39.5033577636308|899100
39.5033577636308|900100
39.5033577636308|901100
39.5033577636308|902100
39.5033577636308|903100
39.5033577636308|904100
39.5033577636308|905100
39.5033577636308|906100
39.5033577636308|907100
39.5033577636308|908100
39.5033577636308|909100
39.5033577636308|910100
39.5033577636308|911100
39.5033577636308|912100
39.5033577636308|913100
39.5033577636308|914100
39.5033577636308|915100
39.5033577636308|916100
39.5033577636308|917100
39.5033577636308|918100
39.5033577636308|919100
39.5033577636308|920100
39.5033577636308|921100
39.5033577636308|922100
39.5033577636308|923100
39.5033577636308|924100
39.5033577636308|925100
39.5033577636308|926100
39.5033577636308|927100
39.5033577636308|928100
39.5033577636308|929100
39.5033577636308|930100
39.5033577636308|931100
39.5033577636308|932100
39.5033577636308|933100
39.5033577636308|934100
39.5033577636308|935100
39.5033577636308|936100
39.5033577636308|937100
39.5033577636308|938100
39.5033577636308|939100
39.5033577636308|940100
39.5033577636308|941100
39.5033577636308|942100
39.5033577636308|943100
39.5033577636308|944100
39.5033577636308|945100
39.5033577636308|946100
39.5033577636308|947100
39.5033577636308|948100
39.5033577636308|949100
39.5033577636308|950100
39.5033577636308|951100
39.5033577636308|952100
39.5033577636308|953100
39.5033577636308|954100
39.5033577636308|955100
39.5033577636308|956100
39.5033577636308|957100
39.5033577636308|958100
39.5033577636308|959100
39.5033577636308|960100
39.5033577636308|961100
39.5033577636308|962100
39.5033577636308|963100
39.5033577636308|964100
39.5033577636308|965100
39.5033577636308|966100
39.5033577636308|967100
39.5033577636308|968100
39.5033577636308|969100
39.5033577636308|970100
39.5033577636308|971100
39.5033577636308|972100
39.5033577636308|973100
39.5033577636308|974100
39.5033577636308|975100
39.5033577636308|976100
39.5033577636308|977100
39.5033577636308|978100
39.5033577636308|979100
39.5033577636308|980100
39.5033577636308|981100
39.5033577636308|982100
39.5033577636308|983100
39.5033577636308|984100
39.5033577636308|985100
39.5033577636308|986100
39.5033577636308|987100
39.5033577636308|988100
39.5033577636308|989100
39.5033577636308|990100
39.5033577636308|991100
39.5033577636308|992100
39.5033577636308|993100
39.5033577636308|994100
39.5033577636308|995100
39.5033577636308|996100
39.5033577636308|997100
39.5033577636308|998100
39.5033577636308|999100
39.5033577636308|1000100
