36.02175253425547|1010
37.58555541274825|2010
38.20232422206287|3010
38.612555319118606|4010
38.84550717321937|5010
38.9030669243182|6010
38.93374904755171|7010
38.951975576196126|8010
39.073920219341005|9010
39.15113215758093|10010
39.17360615965052|11010
39.21415530199452|12010
39.22398155910166|13010
39.23830170048037|14010
39.241066756578725|15010
39.24718231458629|16010
39.28287123545541|17010
39.28931648498681|18010
39.35465411002864|19010
39.366905738735056|20010
39.37049345528707|21010
39.37873192152565|22010
39.40497052147374|23010
39.40580350609258|24010
39.4149258309857|25010
39.41738330361774|26010
39.4181659392524|27010
39.42275821847979|28010
39.42518520571369|29010
39.42518520571369|30010
39.42518520571369|31010
39.42518520571369|32010
39.425743482431606|33010
39.425743482431606|34010
39.42693696061959|35010
39.42693696061959|36010
39.42693696061959|37010
39.42693696061959|38010
39.42693696061959|39010
39.42693696061959|40010
39.42693696061959|41010
39.42734731561571|42010
39.42734731561571|43010
39.42734731561572|44010
39.42734731561572|45010
39.42734731561572|46010
39.42859149594529|47010
39.42859149594529|48010
39.42972618844557|49010
39.42972618844557|50010
39.42972618844557|51010
39.42972618844557|52010
39.42972618844557|53010
39.43018871618084|54010
39.43018871618084|55010
39.43018871618084|56010
39.43018871618084|57010
39.43018871618084|58010
39.43018871618084|59010
39.43018871618084|60010
39.43018871618084|61010
39.43018871618084|62010
39.43018871618084|63010
39.43018871618084|64010
39.43018871618084|65010
39.43018871618084|66010
39.43018871618084|67010
39.43018871618084|68010
39.43018871618084|69010
39.43018871618084|70010
39.43018871618084|71010
39.43018871618084|72010
39.43018871618084|73010
39.43018871618084|74010
39.43018871618084|75010
39.43018871618084|76010
39.43018871618084|77010
39.43018871618084|78010
39.43018871618084|79010
39.43018871618084|80010
39.43018871618084|81010
39.43018871618084|82010
39.43018871618084|83010
39.43018871618084|84010
39.43018871618084|85010
39.43018871618084|86010
39.43018871618084|87010
39.43018871618084|88010
39.43018871618084|89010
39.43018871618084|90010
39.43018871618084|91010
39.43020566010112|92010
39.43020566010112|93010
39.43020566010112|94010
39.43020566010112|95010
39.43020566010112|96010
39.43020566010112|97010
39.43020566010112|98010
39.43020566010112|99010
39.43020566010112|100010
39.43020566010112|101010
39.43020566010112|102010
39.442642084747064|103010
39.442642084747064|104010
39.442642084747064|105010
39.442703878668134|106010
39.442703878668134|107010
39.442703878668134|108010
39.442703878668134|109010
39.442703878668134|110010
39.442703878668134|111010
39.442703878668134|112010
39.442703878668134|113010
39.442703878668134|114010
39.442703878668134|115010
39.442703878668134|116010
39.442703878668134|117010
39.442703878668134|118010
39.442703878668134|119010
39.442703878668134|120010
39.442703878668134|121010
39.442703878668134|122010
39.442703878668134|123010
39.442703878668134|124010
39.442703878668134|125010
39.442703878668134|126010
39.442703878668134|127010
39.442703878668134|128010
39.442703878668134|129010
39.442703878668134|130010
39.442703878668134|131010
39.442703878668134|132010
39.442703878668134|133010
39.442703878668134|134010
39.442703878668134|135010
39.442703878668134|136010
39.442703878668134|137010
39.442703878668134|138010
39.442703878668134|139010
39.442703878668134|140010
39.442703878668134|141010
39.442703878668134|142010
39.442703878668134|143010
39.442703878668134|144010
39.442703878668134|145010
39.442703878668134|146010
39.442703878668134|147010
39.442703878668134|148010
39.442703878668134|149010
39.442703878668134|150010
39.442703878668134|151010
39.442703878668134|152010
39.442703878668134|153010
39.442703878668134|154010
39.442703878668134|155010
39.442703878668134|156010
39.442703878668134|157010
39.442703878668134|158010
39.442703878668134|159010
39.442703878668134|160010
39.442703878668134|161010
39.442703878668134|162010
39.442703878668134|163010
39.442703878668134|164010
39.442703878668134|165010
39.442703878668134|166010
39.442703878668134|167010
39.442703878668134|168010
39.442703878668134|169010
39.442703878668134|170010
39.442703878668134|171010
39.442703878668134|172010
39.442703878668134|173010
39.442703878668134|174010
39.442703878668134|175010
39.442703878668134|176010
39.442703878668134|177010
39.442703878668134|178010
39.442703878668134|179010
39.442703878668134|180010
39.442703878668134|181010
39.442703878668134|182010
39.442703878668134|183010
39.442703878668134|184010
39.442703878668134|185010
39.442703878668134|186010
39.442703878668134|187010
39.442703878668134|188010
39.442703878668134|189010
39.442703878668134|190010
39.442703878668134|191010
39.442703878668134|192010
39.442703878668134|193010
39.442703878668134|194010
39.442703878668134|195010
39.442703878668134|196010
39.442703878668134|197010
39.442703878668134|198010
39.442703878668134|199010
39.442703878668134|200010
39.442703878668134|201010
39.442703878668134|202010
39.442703878668134|203010
39.442703878668134|204010
39.442703878668134|205010
39.442703878668134|206010
39.442703878668134|207010
39.442703878668134|208010
39.442703878668134|209010
39.44846747622992|210010
39.448467476229936|211010
39.448467476229936|212010
39.448467476229936|213010
39.448467476229936|214010
39.44870681210756|215010
39.45040619028142|216010
39.45040619028142|217010
39.463983046889595|218010
39.4640310323355|219010
39.4640310323355|220010
39.4640310323355|221010
39.4640310323355|222010
39.4640310323355|223010
39.4640310323355|224010
39.4640310323355|225010
39.4640310323355|226010
39.4640310323355|227010
39.4646390038423|228010
39.4646390038423|229010
39.4646390038423|230010
39.46463900384231|231010
39.46463900384231|232010
39.46463900384231|233010
39.46463900384231|234010
39.46463900384231|235010
39.46463900384231|236010
39.46463900384231|237010
39.46463900384231|238010
39.46463900384231|239010
39.46463900384231|240010
39.46463900384231|241010
39.46463900384231|242010
39.46463900384231|243010
39.46463900384231|244010
39.46463900384231|245010
39.46463900384231|246010
39.46463900384231|247010
39.46463900384231|248010
39.46463900384231|249010
39.46463900384231|250010
39.46463900384231|251010
39.46463900384231|252010
39.464639003842315|253010
39.464639003842315|254010
39.464639003842315|255010
39.464639003842315|256010
39.464639003842315|257010
39.464639003842315|258010
39.464639003842315|259010
39.464639003842315|260010
39.464639003842315|261010
39.464639003842315|262010
39.464639003842315|263010
39.464639003842315|264010
39.464639003842315|265010
39.464639003842315|266010
39.464639003842315|267010
39.464639003842315|268010
39.464639003842315|269010
39.464639003842315|270010
39.464639003842315|271010
39.464639003842315|272010
39.464639003842315|273010
39.464639003842315|274010
39.464639003842315|275010
39.464639003842315|276010
39.464639003842315|277010
39.464639003842315|278010
39.464639003842315|279010
39.464639003842315|280010
39.464639003842315|281010
39.464639003842315|282010
39.464639003842315|283010
39.464639003842315|284010
39.464639003842315|285010
39.464639003842315|286010
39.464639003842315|287010
39.464639003842315|288010
39.464639003842315|289010
39.464639003842315|290010
39.464639003842315|291010
39.464639003842315|292010
39.464639003842315|293010
39.464639003842315|294010
39.464639003842315|295010
39.464639003842315|296010
39.464639003842315|297010
39.464639003842315|298010
39.464639003842315|299010
39.464639003842315|300010
39.464639003842315|301010
39.464639003842315|302010
39.464639003842315|303010
39.464639003842315|304010
39.464639003842315|305010
39.464639003842315|306010
39.464639003842315|307010
39.464639003842315|308010
39.464639003842315|309010
39.464639003842315|310010
39.464639003842315|311010
39.464639003842315|312010
39.464639003842315|313010
39.464639003842315|314010
39.464639003842315|315010
39.464639003842315|316010
39.464639003842315|317010
39.464639003842315|318010
39.464639003842315|319010
39.464639003842315|320010
39.464639003842315|321010
39.464639003842315|322010
39.464639003842315|323010
39.464639003842315|324010
39.464639003842315|325010
39.464639003842315|326010
39.464639003842315|327010
39.464639003842315|328010
39.464639003842315|329010
39.464639003842315|330010
39.464639003842315|331010
39.464639003842315|332010
39.464639003842315|333010
39.46493395861307|334010
39.4671752848682|335010
39.4671752848682|336010
39.46769916590086|337010
39.46769916590087|338010
39.46833760331293|339010
39.46833760331293|340010
39.46833760331293|341010
39.46833760331293|342010
39.46833760331293|343010
39.46833760331293|344010
39.46833760331293|345010
39.46833760331293|346010
39.46833760331293|347010
39.46833760331293|348010
39.47615463106327|349010
39.47615463106327|350010
39.47615463106327|351010
39.47620870607219|352010
39.47620870607219|353010
39.47620870607219|354010
39.476907055115404|355010
39.476907055115404|356010
39.476907055115404|357010
39.477240280333135|358010
39.480181215245494|359010
39.480181215245494|360010
39.480181215245494|361010
39.480181215245494|362010
39.483630224574895|363010
39.49058719564039|364010
39.49058719564039|365010
39.49086968566119|366010
39.49418340798757|367010
39.49418340798757|368010
39.49535496954335|369010
39.49535496954335|370010
39.49535496954335|371010
39.49535496954335|372010
39.49676468872517|373010
39.49676468872517|374010
39.49676468872517|375010
39.49676468872517|376010
39.49676468872517|377010
39.49676468872517|378010
39.49676468872517|379010
39.49676468872517|380010
39.49676468872517|381010
39.49676468872517|382010
39.49676468872517|383010
39.49676468872517|384010
39.49676468872517|385010
39.49676468872517|386010
39.49676468872517|387010
39.49676468872517|388010
39.49676468872517|389010
39.49676468872517|390010
39.49676468872517|391010
39.49676468872517|392010
39.49676468872517|393010
39.49676468872517|394010
39.49676468872517|395010
39.49676468872517|396010
39.49676468872517|397010
39.49676468872517|398010
39.49676468872517|399010
39.49676468872517|400010
39.49676468872517|401010
39.49676468872517|402010
39.49676468872517|403010
39.49676468872517|404010
39.49676468872517|405010
39.49676468872517|406010
39.49676468872517|407010
39.49676468872517|408010
39.49676468872517|409010
39.49676468872517|410010
39.49676468872517|411010
39.49676468872517|412010
39.49676468872517|413010
39.49676468872517|414010
39.49676468872517|415010
39.49676468872517|416010
39.49676468872517|417010
39.49676468872517|418010
39.49676468872517|419010
39.49676468872517|420010
39.49676468872517|421010
39.49676468872517|422010
39.49676468872517|423010
39.49676468872517|424010
39.49676468872517|425010
39.49676468872517|426010
39.49676468872517|427010
39.49676468872517|428010
39.49676468872517|429010
39.49676468872517|430010
39.49676468872517|431010
39.49676468872517|432010
39.49676468872517|433010
39.49676468872517|434010
39.49676468872517|435010
39.49676468872517|436010
39.49676468872517|437010
39.49676468872517|438010
39.49676468872517|439010
39.49676468872517|440010
39.49676468872517|441010
39.49676468872517|442010
39.49676468872517|443010
39.49676468872517|444010
39.49676468872517|445010
39.49676468872517|446010
39.49676468872517|447010
39.49676468872517|448010
39.49676468872517|449010
39.49676468872517|450010
39.49676468872517|451010
39.49676468872517|452010
39.49676468872517|453010
39.49676468872517|454010
39.49676468872517|455010
39.49676468872517|456010
39.49676468872517|457010
39.49676468872517|458010
39.49676468872517|459010
39.49676468872517|460010
39.49676468872517|461010
39.49676468872517|462010
39.49676468872517|463010
39.49676468872517|464010
39.49676468872517|465010
39.49676468872517|466010
39.49676468872517|467010
39.49676468872517|468010
39.49676468872517|469010
39.49676468872517|470010
39.49676468872517|471010
39.49676468872517|472010
39.49676468872517|473010
39.49676468872517|474010
39.49676468872517|475010
39.49676468872517|476010
39.49676468872517|477010
39.49676468872517|478010
39.49676468872517|479010
39.49676468872517|480010
39.49676468872517|481010
39.49676468872517|482010
39.49676468872517|483010
39.49676468872517|484010
39.49676468872517|485010
39.49676468872517|486010
39.49676468872517|487010
39.49676468872517|488010
39.49676468872517|489010
39.49676468872517|490010
39.49676468872517|491010
39.49676468872517|492010
39.49676468872517|493010
39.49676468872517|494010
39.49676468872517|495010
39.49676468872517|496010
39.49676468872517|497010
39.49676468872517|498010
39.49676468872517|499010
39.49676468872517|500010
39.49676468872517|501010
39.49676468872517|502010
39.49676468872517|503010
39.49676468872517|504010
39.49676468872517|505010
39.49676468872517|506010
39.49676468872517|507010
39.49676468872517|508010
39.49676468872517|509010
39.49676468872517|510010
39.49676468872517|511010
39.49676468872517|512010
39.49676468872517|513010
39.49676468872517|514010
39.49676468872517|515010
39.49676468872517|516010
39.49676468872517|517010
39.49676468872517|518010
39.49676468872517|519010
39.49676468872517|520010
39.49676468872517|521010
39.49676468872517|522010
39.49676468872517|523010
39.49676468872517|524010
39.49676468872517|525010
39.49676468872517|526010
39.49676468872517|527010
39.49676468872517|528010
39.49676468872517|529010
39.49676468872517|530010
39.49676468872517|531010
39.49676468872517|532010
39.49676468872517|533010
39.49676468872517|534010
39.49676468872517|535010
39.49676468872517|536010
39.49676468872517|537010
39.49676468872517|538010
39.49676468872517|539010
39.49676468872517|540010
39.49676468872517|541010
39.49676468872517|542010
39.49676468872517|543010
39.49676468872517|544010
39.49676468872517|545010
39.49676468872517|546010
39.49676468872517|547010
39.49676468872517|548010
39.49676468872517|549010
39.49676468872517|550010
39.49676468872517|551010
39.49676468872517|552010
39.49676468872517|553010
39.49676468872517|554010
39.49676468872517|555010
39.49676468872517|556010
39.49676468872517|557010
39.49676468872517|558010
39.49676468872517|559010
39.49676468872517|560010
39.49676468872517|561010
39.49676468872517|562010
39.49676468872517|563010
39.49676468872517|564010
39.49676468872517|565010
39.49676468872517|566010
39.49676468872517|567010
39.49676468872517|568010
39.49676468872517|569010
39.49676468872517|570010
39.49676468872517|571010
39.49676468872517|572010
39.49676468872517|573010
39.49676468872517|574010
39.49676468872517|575010
39.49676468872517|576010
39.49676468872517|577010
39.49676468872517|578010
39.49676468872517|579010
39.49676468872517|580010
39.49676468872517|581010
39.49676468872517|582010
39.49676468872517|583010
39.49676468872517|584010
39.49676468872517|585010
39.49676468872517|586010
39.49676468872517|587010
39.49676468872517|588010
39.49676468872517|589010
39.49676468872517|590010
39.49676468872517|591010
39.49676468872517|592010
39.49676468872517|593010
39.49676468872517|594010
39.49676468872517|595010
39.49676468872517|596010
39.49676468872517|597010
39.49676468872517|598010
39.49676468872517|599010
39.49676468872517|600010
39.49676468872517|601010
39.49676468872517|602010
39.49676468872517|603010
39.49676468872517|604010
39.49676468872517|605010
39.49676468872517|606010
39.49676468872517|607010
39.49676468872517|608010
39.49676468872517|609010
39.49676468872517|610010
39.49676468872517|611010
39.49676468872517|612010
39.49676468872517|613010
39.49676468872517|614010
39.49676468872517|615010
39.49676468872517|616010
39.49676468872517|617010
39.49676468872517|618010
39.49676468872517|619010
39.49676468872517|620010
39.49676468872517|621010
39.49676468872517|622010
39.49676468872517|623010
39.49676468872517|624010
39.49676468872517|625010
39.49676468872517|626010
39.49676468872517|627010
39.49676468872517|628010
39.49676468872517|629010
39.49676468872517|630010
39.49676468872517|631010
39.49676468872517|632010
39.49676468872517|633010
39.49676468872517|634010
39.49676468872517|635010
39.49676468872517|636010
39.49676468872517|637010
39.49676468872517|638010
39.49676468872517|639010
39.49676468872517|640010
39.49676468872517|641010
39.49676468872517|642010
39.49676468872517|643010
39.49676468872517|644010
39.49676468872517|645010
39.49676468872517|646010
39.49676468872517|647010
39.49676468872517|648010
39.49676468872517|649010
39.49676468872517|650010
39.49676468872517|651010
39.49676468872517|652010
39.49676468872517|653010
39.49676468872517|654010
39.49676468872517|655010
39.49676468872517|656010
39.49791555726383|657010
39.49791555726383|658010
39.49791555726384|659010
39.49791555726384|660010
39.49791555726384|661010
39.498583167038866|662010
39.49895780658477|663010
39.49895780658477|664010
39.50238653508406|665010
39.50238653508406|666010
39.50238653508406|667010
39.50238653508406|668010
39.50238653508406|669010
39.50238653508406|670010
39.50238653508406|671010
39.50238653508406|672010
39.50238653508406|673010
39.50238653508406|674010
39.50238653508406|675010
39.50238653508406|676010
39.50238653508406|677010
39.50238653508406|678010
39.50238653508406|679010
39.50238653508406|680010
39.50238653508406|681010
39.50238653508406|682010
39.50238653508406|683010
39.50238653508406|684010
39.50238653508406|685010
39.50238653508406|686010
39.50238653508406|687010
39.50238653508406|688010
39.50238653508406|689010
39.50238653508406|690010
39.50238653508406|691010
39.50238653508406|692010
39.50238653508406|693010
39.50238653508406|694010
39.50238653508406|695010
39.502386535084064|696010
39.502386535084064|697010
39.502386535084064|698010
39.502386535084064|699010
39.502386535084064|700010
39.502386535084064|701010
39.502386535084064|702010
39.502386535084064|703010
39.502386535084064|704010
39.502386535084064|705010
39.502386535084064|706010
39.502386535084064|707010
39.502386535084064|708010
39.502386535084064|709010
39.502386535084064|710010
39.502386535084064|711010
39.502386535084064|712010
39.502386535084064|713010
39.502386535084064|714010
39.502386535084064|715010
39.502386535084064|716010
39.502386535084064|717010
39.502386535084064|718010
39.502386535084064|719010
39.502386535084064|720010
39.502386535084064|721010
39.502386535084064|722010
39.502386535084064|723010
39.502386535084064|724010
39.502386535084064|725010
39.502386535084064|726010
39.502386535084064|727010
39.502386535084064|728010
39.502386535084064|729010
39.502386535084064|730010
39.502386535084064|731010
39.502386535084064|732010
39.502386535084064|733010
39.502386535084064|734010
39.502386535084064|735010
39.502386535084064|736010
39.502386535084064|737010
39.502386535084064|738010
39.502386535084064|739010
39.502386535084064|740010
39.502386535084064|741010
39.502386535084064|742010
39.502386535084064|743010
39.502386535084064|744010
39.502386535084064|745010
39.502386535084064|746010
39.502386535084064|747010
39.502386535084064|748010
39.502386535084064|749010
39.502386535084064|750010
39.502386535084064|751010
39.502386535084064|752010
39.502386535084064|753010
39.502386535084064|754010
39.502386535084064|755010
39.502386535084064|756010
39.502386535084064|757010
39.502386535084064|758010
39.502386535084064|759010
39.502386535084064|760010
39.502386535084064|761010
39.502386535084064|762010
39.502386535084064|763010
39.502386535084064|764010
39.502386535084064|765010
39.502386535084064|766010
39.502386535084064|767010
39.502386535084064|768010
39.502386535084064|769010
39.502386535084064|770010
39.502386535084064|771010
39.502386535084064|772010
39.502386535084064|773010
39.502386535084064|774010
39.502386535084064|775010
39.502386535084064|776010
39.502386535084064|777010
39.502386535084064|778010
39.502386535084064|779010
39.502386535084064|780010
39.502386535084064|781010
39.502386535084064|782010
39.502386535084064|783010
39.502386535084064|784010
39.502386535084064|785010
39.502386535084064|786010
39.502386535084064|787010
39.502386535084064|788010
39.502386535084064|789010
39.502386535084064|790010
39.502386535084064|791010
39.502386535084064|792010
39.502386535084064|793010
39.502386535084064|794010
39.502386535084064|795010
39.502386535084064|796010
39.502386535084064|797010
39.502386535084064|798010
39.502386535084064|799010
39.502386535084064|800010
39.502386535084064|801010
39.502386535084064|802010
39.502386535084064|803010
39.502386535084064|804010
39.502386535084064|805010
39.502386535084064|806010
39.502386535084064|807010
39.502386535084064|808010
39.502386535084064|809010
39.502386535084064|810010
39.502386535084064|811010
39.502386535084064|812010
39.502386535084064|813010
39.502386535084064|814010
39.502386535084064|815010
39.502386535084064|816010
39.502386535084064|817010
39.502386535084064|818010
39.502386535084064|819010
39.502386535084064|820010
39.502386535084064|821010
39.502386535084064|822010
39.502386535084064|823010
39.502386535084064|824010
39.502386535084064|825010
39.502386535084064|826010
39.502386535084064|827010
39.502386535084064|828010
39.502386535084064|829010
39.502386535084064|830010
39.502386535084064|831010
39.502386535084064|832010
39.502386535084064|833010
39.502386535084064|834010
39.502386535084064|835010
39.502386535084064|836010
39.502386535084064|837010
39.502386535084064|838010
39.502386535084064|839010
39.502386535084064|840010
39.502386535084064|841010
39.502386535084064|842010
39.502386535084064|843010
39.502386535084064|844010
39.502386535084064|845010
39.502386535084064|846010
39.502386535084064|847010
39.502386535084064|848010
39.502386535084064|849010
39.502386535084064|850010
39.502386535084064|851010
39.502386535084064|852010
39.502386535084064|853010
39.502386535084064|854010
39.502386535084064|855010
39.502386535084064|856010
39.502386535084064|857010
39.502386535084064|858010
39.502386535084064|859010
39.502386535084064|860010
39.502386535084064|861010
39.502386535084064|862010
39.502386535084064|863010
39.502386535084064|864010
39.502386535084064|865010
39.502386535084064|866010
39.502386535084064|867010
39.502386535084064|868010
39.502386535084064|869010
39.502386535084064|870010
39.502386535084064|871010
39.502386535084064|872010
39.502386535084064|873010
39.502386535084064|874010
39.502386535084064|875010
39.502386535084064|876010
39.502386535084064|877010
39.502386535084064|878010
39.502386535084064|879010
39.502386535084064|880010
39.502386535084064|881010
39.502386535084064|882010
39.502386535084064|883010
39.502386535084064|884010
39.502386535084064|885010
39.502386535084064|886010
39.502386535084064|887010
39.502386535084064|888010
39.502386535084064|889010
39.502386535084064|890010
39.502386535084064|891010
39.502386535084064|892010
39.502386535084064|893010
39.502386535084064|894010
39.502386535084064|895010
39.502386535084064|896010
39.502386535084064|897010
39.502386535084064|898010
39.502386535084064|899010
39.502386535084064|900010
39.502386535084064|901010
39.502386535084064|902010
39.502386535084064|903010
39.502386535084064|904010
39.502386535084064|905010
39.502386535084064|906010
39.502386535084064|907010
39.502386535084064|908010
39.502386535084064|909010
39.502386535084064|910010
39.502386535084064|911010
39.502386535084064|912010
39.502386535084064|913010
39.502386535084064|914010
39.502386535084064|915010
39.502386535084064|916010
39.502386535084064|917010
39.502386535084064|918010
39.502386535084064|919010
39.502386535084064|920010
39.502386535084064|921010
39.502386535084064|922010
39.502386535084064|923010
39.502386535084064|924010
39.502386535084064|925010
39.502386535084064|926010
39.502386535084064|927010
39.502386535084064|928010
39.502386535084064|929010
39.502386535084064|930010
39.502386535084064|931010
39.502386535084064|932010
39.502386535084064|933010
39.502386535084064|934010
39.502386535084064|935010
39.502386535084064|936010
39.502386535084064|937010
39.502386535084064|938010
39.502386535084064|939010
39.502386535084064|940010
39.502386535084064|941010
39.502386535084064|942010
39.502386535084064|943010
39.502386535084064|944010
39.502386535084064|945010
39.502386535084064|946010
39.502386535084064|947010
39.502386535084064|948010
39.502386535084064|949010
39.502386535084064|950010
39.502386535084064|951010
39.502386535084064|952010
39.502386535084064|953010
39.502386535084064|954010
39.502386535084064|955010
39.502386535084064|956010
39.502386535084064|957010
39.502386535084064|958010
39.502386535084064|959010
39.502386535084064|960010
39.502386535084064|961010
39.502386535084064|962010
39.502386535084064|963010
39.502386535084064|964010
39.502386535084064|965010
39.502386535084064|966010
39.502386535084064|967010
39.502386535084064|968010
39.502386535084064|969010
39.502386535084064|970010
39.502386535084064|971010
39.502386535084064|972010
39.502386535084064|973010
39.502386535084064|974010
39.502386535084064|975010
39.502386535084064|976010
39.502386535084064|977010
39.502386535084064|978010
39.502386535084064|979010
39.502386535084064|980010
39.502386535084064|981010
39.502386535084064|982010
39.502386535084064|983010
39.502386535084064|984010
39.502386535084064|985010
39.502386535084064|986010
39.502386535084064|987010
39.502386535084064|988010
39.502386535084064|989010
39.502386535084064|990010
39.502386535084064|991010
39.502386535084064|992010
39.502386535084064|993010
39.502386535084064|994010
39.502386535084064|995010
39.502386535084064|996010
39.502386535084064|997010
39.502386535084064|998010
39.502386535084064|999010
39.502386535084064|1000010
