33.35786164081043|1100
34.678080466499196|2100
34.92820761707566|3100
34.92820761707566|4100
35.11382281894304|5100
35.33183827846311|6100
35.33183827846311|7100
35.33183827846311|8100
36.04092383184807|9100
36.36938034632199|10100
36.36938034632199|11100
36.745247320737995|12100
36.84451627814626|13100
37.36155940518121|14100
37.56718523473691|15100
37.73894082025113|16100
37.820864502252775|17100
37.88566921600401|18100
38.06954058119709|19100
38.18191306238125|20100
38.2794966883211|21100
38.31586560479834|22100
38.463300301140734|23100
38.463300301140734|24100
38.463300301140734|25100
38.56036302305226|26100
38.58072392591293|27100
38.631201927071544|28100
38.650160176108756|29100
38.6930099777004|30100
38.71321584850549|31100
38.75218760096823|32100
38.75218760096823|33100
38.79405457956235|34100
38.79405457956235|35100
38.81429397927854|36100
38.83434847418306|37100
38.86674675368042|38100
38.8863196199753|39100
38.92080028975396|40100
38.95206094174026|41100
38.95604353221241|42100
39.01952410216761|43100
39.091123262175664|44100
39.091123262175664|45100
39.091123262175664|46100
39.14537430490293|47100
39.14537430490293|48100
39.18458821342207|49100
39.18458821342207|50100
39.23175190569659|51100
39.24249581933232|52100
39.256984065637205|53100
39.266723971621914|54100
39.28037144619393|55100
39.28363811246836|56100
39.28363811246836|57100
39.2847500312069|58100
39.30403861346495|59100
39.325429114407505|60100
39.32661978825734|61100
39.32661978825734|62100
39.33282936266552|63100
39.33282936266552|64100
39.33580549441284|65100
39.33580549441284|66100
39.33580549441284|67100
39.339315832415075|68100
39.34731023593636|69100
39.347324132151364|70100
39.347324132151364|71100
39.35076170469963|72100
39.35076170469963|73100
39.35076170469963|74100
39.35193781639265|75100
39.353380063814384|76100
39.378844208223306|77100
39.38024842972083|78100
39.38174046918605|79100
39.38269981924152|80100
39.38269981924152|81100
39.40974715455938|82100
39.40974715455938|83100
39.41428349369022|84100
39.41928337264511|85100
39.41928337264511|86100
39.43463341229358|87100
39.43463341229358|88100
39.436525733519666|89100
39.436525733519666|90100
39.436525733519666|91100
39.438880978144006|92100
39.440170405942304|93100
39.445294214258496|94100
39.445294214258496|95100
39.445294214258496|96100
39.448108258129274|97100
39.448108258129274|98100
39.44959016688553|99100
39.45030640447585|100100
39.45030640447585|101100
39.45489008677077|102100
39.45489008677077|103100
39.45762934709663|104100
39.47108603392509|105100
39.4710860339251|106100
39.4710860339251|107100
39.47328760172243|108100
39.47328760172244|109100
39.47328760172244|110100
39.47328760172244|111100
39.47885590773093|112100
39.47885590773093|113100
39.47885590773093|114100
39.48960662081083|115100
39.492161666367466|116100
39.49397082673866|117100
39.49397082673866|118100
39.49397082673866|119100
39.49397082673866|120100
39.49397082673866|121100
39.49397082673866|122100
39.49397082673866|123100
39.49397082673866|124100
39.49397082673866|125100
39.49397082673866|126100
39.49397082673866|127100
39.49397082673866|128100
39.49397082673866|129100
39.49397082673866|130100
39.49397082673866|131100
39.494136899697246|132100
39.49457879824547|133100
39.49457879824547|134100
39.494866119944106|135100
39.494866119944106|136100
39.494866119944106|137100
39.494866119944106|138100
39.494866119944106|139100
39.494866119944106|140100
39.494866119944106|141100
39.494866119944106|142100
39.494866119944106|143100
39.49486611994411|144100
39.49486611994411|145100
39.49486611994411|146100
39.494953437791374|147100
39.494953437791374|148100
39.494953437791374|149100
39.494953437791374|150100
39.494953437791374|151100
39.494953437791374|152100
39.494953437791374|153100
39.494953437791374|154100
39.494953437791374|155100
39.494953437791374|156100
39.494953437791374|157100
39.494953437791374|158100
39.494953437791374|159100
39.494953437791374|160100
39.494953437791374|161100
39.494953437791374|162100
39.494953437791374|163100
39.494953437791374|164100
39.494953437791374|165100
39.494953437791374|166100
39.494953437791374|167100
39.494953437791374|168100
39.494953437791374|169100
39.494953437791374|170100
39.494953437791374|171100
39.494953437791374|172100
39.494953437791374|173100
39.494953437791374|174100
39.494953437791374|175100
39.494953437791374|176100
39.494953437791374|177100
39.494953437791374|178100
39.494953437791374|179100
39.494953437791374|180100
39.494953437791374|181100
39.494953437791374|182100
39.494953437791374|183100
39.494953437791374|184100
39.494953437791374|185100
39.494953437791374|186100
39.494953437791374|187100
39.494953437791374|188100
39.494953437791374|189100
39.494953437791374|190100
39.494953437791374|191100
39.494953437791374|192100
39.494953437791374|193100
39.494953437791374|194100
39.494953437791374|195100
39.494953437791374|196100
39.494953437791374|197100
39.494953437791374|198100
39.494953437791374|199100
39.494953437791374|200100
39.494953437791374|201100
39.494953437791374|202100
39.494953437791374|203100
39.494953437791374|204100
39.494953437791374|205100
39.494953437791374|206100
39.494953437791374|207100
39.494953437791374|208100
39.494953437791374|209100
39.494953437791374|210100
39.494953437791374|211100
39.494953437791374|212100
39.494953437791374|213100
39.494953437791374|214100
39.494953437791374|215100
39.494953437791374|216100
39.494953437791374|217100
39.494953437791374|218100
39.494953437791374|219100
39.494953437791374|220100
39.494953437791374|221100
39.494953437791374|222100
39.494953437791374|223100
39.494953437791374|224100
39.494953437791374|225100
39.494953437791374|226100
39.494953437791374|227100
39.494953437791374|228100
39.494953437791374|229100
39.494953437791374|230100
39.494953437791374|231100
39.494953437791374|232100
39.494953437791374|233100
39.494953437791374|234100
39.494953437791374|235100
39.494953437791374|236100
39.494953437791374|237100
39.494953437791374|238100
39.494953437791374|239100
39.494953437791374|240100
39.494953437791374|241100
39.494953437791374|242100
39.494953437791374|243100
39.494953437791374|244100
39.494953437791374|245100
39.494953437791374|246100
39.494953437791374|247100
39.494953437791374|248100
39.494953437791374|249100
39.494953437791374|250100
39.494953437791374|251100
39.494953437791374|252100
39.494953437791374|253100
39.494953437791374|254100
39.494953437791374|255100
39.494953437791374|256100
39.494953437791374|257100
39.494953437791374|258100
39.494953437791374|259100
39.494953437791374|260100
39.494953437791374|261100
39.494953437791374|262100
39.494953437791374|263100
39.494953437791374|264100
39.494953437791374|265100
39.494953437791374|266100
39.494953437791374|267100
39.494953437791374|268100
39.494953437791374|269100
39.494953437791374|270100
39.494953437791374|271100
39.494953437791374|272100
39.494953437791374|273100
39.494953437791374|274100
39.494953437791374|275100
39.494953437791374|276100
39.494953437791374|277100
39.494953437791374|278100
39.494953437791374|279100
39.494953437791374|280100
39.494953437791374|281100
39.494953437791374|282100
39.494953437791374|283100
39.494953437791374|284100
39.494953437791374|285100
39.494953437791374|286100
39.494953437791374|287100
39.494953437791374|288100
39.494953437791374|289100
39.495551404887735|290100
39.500612389570044|291100
39.500612389570044|292100
39.500612389570044|293100
39.500612389570044|294100
39.50148482315568|295100
39.50148482315568|296100
39.50148482315568|297100
39.50148482315568|298100
39.50148482315568|299100
39.50148482315568|300100
39.50148482315568|301100
39.50148482315568|302100
39.50148482315568|303100
39.50316116936919|304100
39.50316116936919|305100
39.50316116936919|306100
39.50316116936919|307100
39.50316116936919|308100
39.50316116936919|309100
39.50316116936919|310100
39.50316116936919|311100
39.50316116936919|312100
39.50316116936919|313100
39.50316116936919|314100
39.50316116936919|315100
39.50316116936919|316100
39.50316116936919|317100
39.50316116936919|318100
39.50316116936919|319100
39.50316116936919|320100
39.50316116936919|321100
39.50316116936919|322100
39.50316116936919|323100
39.50316116936919|324100
39.50316116936919|325100
39.50316116936919|326100
39.50316116936919|327100
39.50316116936919|328100
39.50316116936919|329100
39.50316116936919|330100
39.50316116936919|331100
39.50316116936919|332100
39.50316116936919|333100
39.50316116936919|334100
39.50316116936919|335100
39.50316116936919|336100
39.50316116936919|337100
39.50316116936919|338100
39.50316116936919|339100
39.50316116936919|340100
39.50316116936919|341100
39.50316116936919|342100
39.50316116936919|343100
39.50316116936919|344100
39.50316116936919|345100
39.50316116936919|346100
39.50316116936919|347100
39.50316116936919|348100
39.50316116936919|349100
39.50316116936919|350100
39.50316116936919|351100
39.50316116936919|352100
39.50316116936919|353100
39.50316116936919|354100
39.50316116936919|355100
39.50316116936919|356100
39.50316116936919|357100
39.50316116936919|358100
39.50316116936919|359100
39.50316116936919|360100
39.50316116936919|361100
39.50316116936919|362100
39.50316116936919|363100
39.50316116936919|364100
39.50316116936919|365100
39.50316116936919|366100
39.50316116936919|367100
39.50316116936919|368100
39.50316116936919|369100
39.50316116936919|370100
39.50316116936919|371100
39.50316116936919|372100
39.50316116936919|373100
39.50316116936919|374100
39.50316116936919|375100
39.50316116936919|376100
39.50316116936919|377100
39.50316116936919|378100
39.50316116936919|379100
39.50316116936919|380100
39.50316116936919|381100
39.50316116936919|382100
39.50316116936919|383100
39.50316116936919|384100
39.50316116936919|385100
39.50316116936919|386100
39.50316116936919|387100
39.50316116936919|388100
39.50316116936919|389100
39.50316116936919|390100
39.50316116936919|391100
39.50316116936919|392100
39.50316116936919|393100
39.50316116936919|394100
39.50316116936919|395100
39.50316116936919|396100
39.50316116936919|397100
39.50316116936919|398100
39.50316116936919|399100
39.50316116936919|400100
39.50316116936919|401100
39.50316116936919|402100
39.50316116936919|403100
39.50316116936919|404100
39.50316116936919|405100
39.50316116936919|406100
39.50316116936919|407100
39.50316116936919|408100
39.50316116936919|409100
39.50316116936919|410100
39.50316116936919|411100
39.50316116936919|412100
39.50316116936919|413100
39.50316116936919|414100
39.50316116936919|415100
39.50316116936919|416100
39.50316116936919|417100
39.50316116936919|418100
39.50316116936919|419100
39.50316116936919|420100
39.50316116936919|421100
39.50316116936919|422100
39.50316116936919|423100
39.50316116936919|424100
39.50316116936919|425100
39.50316116936919|426100
39.50316116936919|427100
39.50316116936919|428100
39.50316116936919|429100
39.50316116936919|430100
39.50316116936919|431100
39.50316116936919|432100
39.50316116936919|433100
39.50316116936919|434100
39.50316116936919|435100
39.50316116936919|436100
39.50316116936919|437100
39.50316116936919|438100
39.50316116936919|439100
39.50316116936919|440100
39.50316116936919|441100
39.50316116936919|442100
39.50316116936919|443100
39.50316116936919|444100
39.50316116936919|445100
39.50316116936919|446100
39.50316116936919|447100
39.50316116936919|448100
39.50316116936919|449100
39.50316116936919|450100
39.50316116936919|451100
39.50316116936919|452100
39.50316116936919|453100
39.50316116936919|454100
39.50316116936919|455100
39.50316116936919|456100
39.50316116936919|457100
39.50316116936919|458100
39.50316116936919|459100
39.50316116936919|460100
39.50316116936919|461100
39.50316116936919|462100
39.50316116936919|463100
39.50316116936919|464100
39.50316116936919|465100
39.50316116936919|466100
39.50316116936919|467100
39.50316116936919|468100
39.50316116936919|469100
39.50316116936919|470100
39.50316116936919|471100
39.50316116936919|472100
39.50316116936919|473100
39.50316116936919|474100
39.50316116936919|475100
39.50316116936919|476100
39.50316116936919|477100
39.50316116936919|478100
39.50316116936919|479100
39.50316116936919|480100
39.50316116936919|481100
39.50316116936919|482100
39.50316116936919|483100
39.50316116936919|484100
39.50316116936919|485100
39.50316116936919|486100
39.50316116936919|487100
39.50316116936919|488100
39.50316116936919|489100
39.50316116936919|490100
39.50316116936919|491100
39.50316116936919|492100
39.50316116936919|493100
39.50316116936919|494100
39.50316116936919|495100
39.50316116936919|496100
39.50316116936919|497100
39.50316116936919|498100
39.50316116936919|499100
39.50316116936919|500100
39.50316116936919|501100
39.50316116936919|502100
39.50316116936919|503100
39.50316116936919|504100
39.50316116936919|505100
39.50316116936919|506100
39.50316116936919|507100
39.50316116936919|508100
39.50316116936919|509100
39.50316116936919|510100
39.50316116936919|511100
39.50316116936919|512100
39.50316116936919|513100
39.50316116936919|514100
39.50316116936919|515100
39.50316116936919|516100
39.50316116936919|517100
39.50316116936919|518100
39.50316116936919|519100
39.50316116936919|520100
39.50316116936919|521100
39.50316116936919|522100
39.50316116936919|523100
39.50316116936919|524100
39.50316116936919|525100
39.50316116936919|526100
39.50316116936919|527100
39.50316116936919|528100
39.50316116936919|529100
39.50316116936919|530100
39.50316116936919|531100
39.50316116936919|532100
39.50316116936919|533100
39.50316116936919|534100
39.50316116936919|535100
39.50316116936919|536100
39.50316116936919|537100
39.50316116936919|538100
39.50316116936919|539100
39.50316116936919|540100
39.50316116936919|541100
39.50316116936919|542100
39.50316116936919|543100
39.50316116936919|544100
39.50316116936919|545100
39.50316116936919|546100
39.50316116936919|547100
39.50316116936919|548100
39.50316116936919|549100
39.50316116936919|550100
39.50316116936919|551100
39.50316116936919|552100
39.50316116936919|553100
39.50316116936919|554100
39.50316116936919|555100
39.50316116936919|556100
39.50316116936919|557100
39.50316116936919|558100
39.50316116936919|559100
39.50316116936919|560100
39.50316116936919|561100
39.50316116936919|562100
39.50316116936919|563100
39.50316116936919|564100
39.50316116936919|565100
39.50316116936919|566100
39.50316116936919|567100
39.50316116936919|568100
39.50316116936919|569100
39.50316116936919|570100
39.50316116936919|571100
39.50316116936919|572100
39.50316116936919|573100
39.50316116936919|574100
39.50316116936919|575100
39.50316116936919|576100
39.50316116936919|577100
39.50316116936919|578100
39.50316116936919|579100
39.50316116936919|580100
39.50316116936919|581100
39.50316116936919|582100
39.50316116936919|583100
39.50316116936919|584100
39.50316116936919|585100
39.50316116936919|586100
39.50316116936919|587100
39.50316116936919|588100
39.50316116936919|589100
39.50316116936919|590100
39.50316116936919|591100
39.50316116936919|592100
39.50316116936919|593100
39.50316116936919|594100
39.50316116936919|595100
39.50316116936919|596100
39.50316116936919|597100
39.50316116936919|598100
39.50316116936919|599100
39.50316116936919|600100
39.50316116936919|601100
39.50316116936919|602100
39.50316116936919|603100
39.50316116936919|604100
39.50316116936919|605100
39.50316116936919|606100
39.50316116936919|607100
39.50316116936919|608100
39.50316116936919|609100
39.50316116936919|610100
39.50316116936919|611100
39.50316116936919|612100
39.50316116936919|613100
39.50316116936919|614100
39.50316116936919|615100
39.50316116936919|616100
39.50316116936919|617100
39.50316116936919|618100
39.50316116936919|619100
39.50316116936919|620100
39.50316116936919|621100
39.50316116936919|622100
39.50316116936919|623100
39.50316116936919|624100
39.50316116936919|625100
39.50316116936919|626100
39.50316116936919|627100
39.50316116936919|628100
39.50316116936919|629100
39.50316116936919|630100
39.50316116936919|631100
39.50316116936919|632100
39.50316116936919|633100
39.50316116936919|634100
39.50316116936919|635100
39.50316116936919|636100
39.50316116936919|637100
39.50316116936919|638100
39.50316116936919|639100
39.50316116936919|640100
39.50316116936919|641100
39.50316116936919|642100
39.50316116936919|643100
39.50316116936919|644100
39.50316116936919|645100
39.50316116936919|646100
39.50316116936919|647100
39.50316116936919|648100
39.50316116936919|649100
39.50316116936919|650100
39.50316116936919|651100
39.50316116936919|652100
39.50316116936919|653100
39.50316116936919|654100
39.50316116936919|655100
39.50316116936919|656100
39.50316116936919|657100
39.50316116936919|658100
39.50316116936919|659100
39.50316116936919|660100
39.50316116936919|661100
39.50316116936919|662100
39.50316116936919|663100
39.50316116936919|664100
39.50316116936919|665100
39.50316116936919|666100
39.50316116936919|667100
39.50316116936919|668100
39.50316116936919|669100
39.50316116936919|670100
39.50316116936919|671100
39.50316116936919|672100
39.50316116936919|673100
39.50316116936919|674100
39.50316116936919|675100
39.50316116936919|676100
39.50316116936919|677100
39.50316116936919|678100
39.50316116936919|679100
39.50316116936919|680100
39.50316116936919|681100
39.50316116936919|682100
39.50316116936919|683100
39.50316116936919|684100
39.50316116936919|685100
39.50316116936919|686100
39.50316116936919|687100
39.50316116936919|688100
39.50316116936919|689100
39.50316116936919|690100
39.50316116936919|691100
39.50316116936919|692100
39.50316116936919|693100
39.50316116936919|694100
39.50316116936919|695100
39.50316116936919|696100
39.50316116936919|697100
39.50316116936919|698100
39.50316116936919|699100
39.50316116936919|700100
39.50316116936919|701100
39.50316116936919|702100
39.50316116936919|703100
39.50316116936919|704100
39.50316116936919|705100
39.50316116936919|706100
39.50316116936919|707100
39.50316116936919|708100
39.50316116936919|709100
39.50316116936919|710100
39.50316116936919|711100
39.50316116936919|712100
39.50316116936919|713100
39.50316116936919|714100
39.50316116936919|715100
39.50316116936919|716100
39.50316116936919|717100
39.50316116936919|718100
39.50316116936919|719100
39.50316116936919|720100
39.50316116936919|721100
39.50316116936919|722100
39.50316116936919|723100
39.50316116936919|724100
39.50316116936919|725100
39.50316116936919|726100
39.50316116936919|727100
39.50316116936919|728100
39.50316116936919|729100
39.50316116936919|730100
39.50316116936919|731100
39.50316116936919|732100
39.50316116936919|733100
39.50316116936919|734100
39.50316116936919|735100
39.50316116936919|736100
39.50316116936919|737100
39.50316116936919|738100
39.50316116936919|739100
39.50316116936919|740100
39.50316116936919|741100
39.50316116936919|742100
39.50316116936919|743100
39.50316116936919|744100
39.50316116936919|745100
39.50316116936919|746100
39.50316116936919|747100
39.50316116936919|748100
39.50316116936919|749100
39.50316116936919|750100
39.50316116936919|751100
39.50316116936919|752100
39.50316116936919|753100
39.50316116936919|754100
39.50316116936919|755100
39.50316116936919|756100
39.50316116936919|757100
39.50316116936919|758100
39.50316116936919|759100
39.50316116936919|760100
39.50316116936919|761100
39.50316116936919|762100
39.50316116936919|763100
39.50316116936919|764100
39.50316116936919|765100
39.50316116936919|766100
39.50316116936919|767100
39.50316116936919|768100
39.50316116936919|769100
39.50316116936919|770100
39.50316116936919|771100
39.50316116936919|772100
39.50316116936919|773100
39.50316116936919|774100
39.50316116936919|775100
39.50316116936919|776100
39.50316116936919|777100
39.50316116936919|778100
39.50316116936919|779100
39.50316116936919|780100
39.50316116936919|781100
39.50316116936919|782100
39.50316116936919|783100
39.50316116936919|784100
39.50316116936919|785100
39.50316116936919|786100
39.50316116936919|787100
39.50316116936919|788100
39.50316116936919|789100
39.50316116936919|790100
39.50316116936919|791100
39.50316116936919|792100
39.50316116936919|793100
39.50316116936919|794100
39.50316116936919|795100
39.50316116936919|796100
39.50316116936919|797100
39.50316116936919|798100
39.50316116936919|799100
39.50316116936919|800100
39.50316116936919|801100
39.50316116936919|802100
39.50316116936919|803100
39.50316116936919|804100
39.50316116936919|805100
39.50316116936919|806100
39.50316116936919|807100
39.50316116936919|808100
39.50316116936919|809100
39.50316116936919|810100
39.50316116936919|811100
39.50316116936919|812100
39.50316116936919|813100
39.50316116936919|814100
39.50316116936919|815100
39.50316116936919|816100
39.50316116936919|817100
39.50316116936919|818100
39.50316116936919|819100
39.50316116936919|820100
39.50316116936919|821100
39.50316116936919|822100
39.50316116936919|823100
39.50316116936919|824100
39.50316116936919|825100
39.50316116936919|826100
39.50316116936919|827100
39.50316116936919|828100
39.50316116936919|829100
39.50316116936919|830100
39.50316116936919|831100
39.50316116936919|832100
39.50316116936919|833100
39.50316116936919|834100
39.50316116936919|835100
39.50316116936919|836100
39.50316116936919|837100
39.50316116936919|838100
39.50316116936919|839100
39.50316116936919|840100
39.50316116936919|841100
39.50316116936919|842100
39.50316116936919|843100
39.50316116936919|844100
39.50316116936919|845100
39.50316116936919|846100
39.50316116936919|847100
39.50316116936919|848100
39.50316116936919|849100
39.50316116936919|850100
39.50316116936919|851100
39.50316116936919|852100
39.50316116936919|853100
39.50316116936919|854100
39.50316116936919|855100
39.50316116936919|856100
39.50316116936919|857100
39.50316116936919|858100
39.50316116936919|859100
39.50316116936919|860100
39.50316116936919|861100
39.50316116936919|862100
39.50316116936919|863100
39.50316116936919|864100
39.50316116936919|865100
39.50316116936919|866100
39.50316116936919|867100
39.50316116936919|868100
39.50316116936919|869100
39.50316116936919|870100
39.50316116936919|871100
39.50316116936919|872100
39.50316116936919|873100
39.50316116936919|874100
39.50316116936919|875100
39.50316116936919|876100
39.50316116936919|877100
39.50316116936919|878100
39.50316116936919|879100
39.50316116936919|880100
39.50316116936919|881100
39.50316116936919|882100
39.50316116936919|883100
39.50316116936919|884100
39.50316116936919|885100
39.50316116936919|886100
39.50316116936919|887100
39.50316116936919|888100
39.50316116936919|889100
39.50316116936919|890100
39.50316116936919|891100
39.50316116936919|892100
39.50316116936919|893100
39.50316116936919|894100
39.50316116936919|895100
39.50316116936919|896100
39.50316116936919|897100
39.50316116936919|898100
39.50316116936919|899100
39.50316116936919|900100
39.50316116936919|901100
39.50316116936919|902100
39.50316116936919|903100
39.50316116936919|904100
39.50316116936919|905100
39.50316116936919|906100
39.50316116936919|907100
39.50316116936919|908100
39.50316116936919|909100
39.50316116936919|910100
39.50316116936919|911100
39.50316116936919|912100
39.50316116936919|913100
39.50316116936919|914100
39.50316116936919|915100
39.50316116936919|916100
39.50316116936919|917100
39.50316116936919|918100
39.50316116936919|919100
39.50316116936919|920100
39.50316116936919|921100
39.50316116936919|922100
39.50316116936919|923100
39.50316116936919|924100
39.50316116936919|925100
39.50316116936919|926100
39.50316116936919|927100
39.50316116936919|928100
39.50316116936919|929100
39.50316116936919|930100
39.50316116936919|931100
39.50316116936919|932100
39.50316116936919|933100
39.50316116936919|934100
39.50316116936919|935100
39.50316116936919|936100
39.50316116936919|937100
39.50316116936919|938100
39.50316116936919|939100
39.50316116936919|940100
39.50316116936919|941100
39.50316116936919|942100
39.50316116936919|943100
39.50316116936919|944100
39.50316116936919|945100
39.50316116936919|946100
39.50316116936919|947100
39.50316116936919|948100
39.50316116936919|949100
39.50316116936919|950100
39.50316116936919|951100
39.50316116936919|952100
39.50316116936919|953100
39.50316116936919|954100
39.50316116936919|955100
39.50316116936919|956100
39.50316116936919|957100
39.50316116936919|958100
39.50316116936919|959100
39.50316116936919|960100
39.50316116936919|961100
39.50316116936919|962100
39.50316116936919|963100
39.50316116936919|964100
39.50316116936919|965100
39.50316116936919|966100
39.50316116936919|967100
39.50316116936919|968100
39.50316116936919|969100
39.50316116936919|970100
39.50316116936919|971100
39.50316116936919|972100
39.50316116936919|973100
39.50316116936919|974100
39.50316116936919|975100
39.50316116936919|976100
39.50316116936919|977100
39.50316116936919|978100
39.50316116936919|979100
39.50316116936919|980100
39.50316116936919|981100
39.50316116936919|982100
39.50316116936919|983100
39.50316116936919|984100
39.50316116936919|985100
39.50316116936919|986100
39.50316116936919|987100
39.50316116936919|988100
39.50316116936919|989100
39.50316116936919|990100
39.50316116936919|991100
39.50316116936919|992100
39.50316116936919|993100
39.50316116936919|994100
39.50316116936919|995100
39.50316116936919|996100
39.50316116936919|997100
39.50316116936919|998100
39.50316116936919|999100
39.50316116936919|1000100
