33.48169423318643|2000
33.91529068434602|3000
33.91529068434602|4000
33.91529068434602|5000
33.91529068434602|6000
33.91529068434602|7000
33.91529068434602|8000
33.91529068434602|9000
33.91529068434602|10000
33.91529068434602|11000
33.91529068434602|12000
33.91529068434602|13000
34.046597552926826|14000
34.046597552926826|15000
34.046597552926826|16000
34.046597552926826|17000
34.51744959391059|18000
34.533584466241045|19000
34.533584466241045|20000
34.533584466241045|21000
34.533584466241045|22000
34.533584466241045|23000
34.533584466241045|24000
34.533584466241045|25000
34.575278191111295|26000
34.63882525159452|27000
34.63882525159452|28000
34.63882525159452|29000
34.63882525159452|30000
34.63882525159452|31000
34.63882525159452|32000
34.640465402699085|33000
34.76146957241359|34000
34.76146957241359|35000
34.81815213978257|36000
34.81815213978257|37000
35.550485778541564|38000
35.550485778541564|39000
35.550485778541564|40000
35.550485778541564|41000
35.550485778541564|42000
35.550485778541564|43000
35.550485778541564|44000
35.550485778541564|45000
35.550485778541564|46000
35.550485778541564|47000
35.550485778541564|48000
35.550485778541564|49000
35.550485778541564|50000
35.550485778541564|51000
35.550485778541564|52000
35.550485778541564|53000
35.550485778541564|54000
35.550485778541564|55000
35.550485778541564|56000
35.550485778541564|57000
35.550485778541564|58000
35.550485778541564|59000
35.550485778541564|60000
35.550485778541564|61000
35.550485778541564|62000
35.550485778541564|63000
35.550485778541564|64000
35.550485778541564|65000
35.550485778541564|66000
35.550485778541564|67000
35.550485778541564|68000
35.550485778541564|69000
35.550485778541564|70000
35.550485778541564|71000
35.550485778541564|72000
35.550485778541564|73000
35.550485778541564|74000
35.550485778541564|75000
35.550485778541564|76000
35.550485778541564|77000
35.550485778541564|78000
35.550485778541564|79000
35.550485778541564|80000
35.550485778541564|81000
35.615353519681655|82000
35.615353519681655|83000
35.615353519681655|84000
35.615353519681655|85000
35.615353519681655|86000
35.615353519681655|87000
35.615353519681655|88000
35.615353519681655|89000
35.615353519681655|90000
35.615353519681655|91000
35.615353519681655|92000
35.615353519681655|93000
36.30350065572985|94000
36.30350065572985|95000
36.30350065572985|96000
36.30350065572985|97000
36.30350065572985|98000
36.30350065572985|99000
36.30350065572985|100000
36.30350065572985|101000
36.30350065572985|102000
36.30350065572985|103000
36.30350065572985|104000
36.30350065572985|105000
36.30350065572985|106000
36.30350065572985|107000
36.30350065572985|108000
36.30350065572985|109000
36.30350065572985|110000
36.30350065572985|111000
36.30350065572985|112000
36.30350065572985|113000
36.30350065572985|114000
36.30350065572985|115000
36.30350065572985|116000
36.30350065572985|117000
36.30350065572985|118000
36.30350065572985|119000
36.30350065572985|120000
36.30350065572985|121000
36.30350065572985|122000
36.30350065572985|123000
36.30350065572985|124000
36.30350065572985|125000
36.30350065572985|126000
36.30350065572985|127000
36.30350065572985|128000
36.30350065572985|129000
36.30350065572985|130000
36.30350065572985|131000
36.30350065572985|132000
36.30350065572985|133000
36.30350065572985|134000
36.30350065572985|135000
36.30350065572985|136000
36.30350065572985|137000
36.30350065572985|138000
36.30350065572985|139000
36.30350065572985|140000
36.30350065572985|141000
36.30350065572985|142000
36.30350065572985|143000
36.30350065572985|144000
36.30350065572985|145000
36.30350065572985|146000
36.30350065572985|147000
36.30350065572985|148000
36.30350065572985|149000
36.30350065572985|150000
36.30350065572985|151000
36.30350065572985|152000
36.30350065572985|153000
36.30350065572985|154000
36.30350065572985|155000
36.30350065572985|156000
36.30350065572985|157000
36.30350065572985|158000
36.30350065572985|159000
36.30350065572985|160000
36.30350065572985|161000
36.30350065572985|162000
36.30350065572985|163000
36.30350065572985|164000
36.30350065572985|165000
36.30350065572985|166000
36.30350065572985|167000
36.30350065572985|168000
36.30350065572985|169000
36.30350065572985|170000
36.30350065572985|171000
36.30350065572985|172000
36.30350065572985|173000
36.30350065572985|174000
36.30350065572985|175000
36.30350065572985|176000
36.30350065572985|177000
36.30350065572985|178000
36.30350065572985|179000
36.30350065572985|180000
36.30350065572985|181000
36.30350065572985|182000
36.30350065572985|183000
36.400628335276345|184000
36.400628335276345|185000
36.400628335276345|186000
36.400628335276345|187000
36.400628335276345|188000
36.400628335276345|189000
36.400628335276345|190000
36.400628335276345|191000
36.400628335276345|192000
36.400628335276345|193000
36.400628335276345|194000
36.400628335276345|195000
36.400628335276345|196000
36.400628335276345|197000
36.400628335276345|198000
36.400628335276345|199000
36.400628335276345|200000
36.400628335276345|201000
36.400628335276345|202000
36.400628335276345|203000
36.400628335276345|204000
36.400628335276345|205000
36.400628335276345|206000
36.400628335276345|207000
36.400628335276345|208000
36.400628335276345|209000
36.400628335276345|210000
36.400628335276345|211000
36.400628335276345|212000
36.400628335276345|213000
36.80683636642091|214000
36.80683636642091|215000
36.80683636642091|216000
36.80683636642091|217000
36.80683636642091|218000
36.80683636642091|219000
36.80683636642091|220000
36.80683636642091|221000
36.80683636642091|222000
36.80683636642091|223000
36.80683636642091|224000
36.80683636642091|225000
36.80683636642091|226000
36.80683636642091|227000
36.80683636642091|228000
36.80683636642091|229000
36.80683636642091|230000
36.80683636642091|231000
36.80683636642091|232000
36.80683636642091|233000
36.80683636642091|234000
36.80683636642091|235000
36.80683636642091|236000
36.80683636642091|237000
36.80683636642091|238000
36.80683636642091|239000
36.80683636642091|240000
36.80683636642091|241000
36.80683636642091|242000
36.80683636642091|243000
36.80683636642091|244000
36.80683636642091|245000
36.80683636642091|246000
36.80683636642091|247000
36.80683636642091|248000
36.80683636642091|249000
36.80683636642091|250000
36.80683636642091|251000
36.80683636642091|252000
36.80683636642091|253000
36.80683636642091|254000
36.80683636642091|255000
36.80683636642091|256000
36.80683636642091|257000
36.80683636642091|258000
36.80683636642091|259000
36.80683636642091|260000
36.80683636642091|261000
36.80683636642091|262000
36.80683636642091|263000
36.80683636642091|264000
36.80683636642091|265000
36.80683636642091|266000
36.80683636642091|267000
36.80683636642091|268000
36.80683636642091|269000
36.80683636642091|270000
36.80683636642091|271000
36.92493214395928|272000
36.92493214395928|273000
36.92493214395928|274000
36.92493214395928|275000
36.92493214395928|276000
36.92493214395928|277000
36.92493214395928|278000
36.92493214395928|279000
36.92493214395928|280000
36.92493214395928|281000
36.92493214395928|282000
36.92493214395928|283000
36.92493214395928|284000
36.92493214395928|285000
36.92493214395928|286000
36.92493214395928|287000
36.92493214395928|288000
36.92493214395928|289000
36.92493214395928|290000
36.92493214395928|291000
36.92493214395928|292000
36.92493214395928|293000
36.92493214395928|294000
36.92493214395928|295000
36.92493214395928|296000
36.92493214395928|297000
36.92493214395928|298000
36.92493214395928|299000
36.92493214395928|300000
36.92493214395928|301000
36.92493214395928|302000
36.92493214395928|303000
36.92493214395928|304000
36.92493214395928|305000
36.92493214395928|306000
36.92493214395928|307000
36.92493214395928|308000
36.92493214395928|309000
36.92493214395928|310000
36.92493214395928|311000
36.92493214395928|312000
36.92493214395928|313000
36.92493214395928|314000
36.92493214395928|315000
36.92493214395928|316000
36.92493214395928|317000
36.92493214395928|318000
36.92493214395928|319000
36.92493214395928|320000
36.95787552815668|321000
36.95787552815668|322000
36.95787552815668|323000
36.95787552815668|324000
36.95787552815668|325000
36.95787552815668|326000
36.95787552815668|327000
36.95787552815668|328000
36.95787552815668|329000
36.95787552815668|330000
36.95787552815668|331000
36.95787552815668|332000
36.95787552815668|333000
36.95787552815668|334000
36.95787552815668|335000
36.95787552815668|336000
36.95787552815668|337000
36.95787552815668|338000
37.06569330438945|339000
37.06569330438945|340000
37.06569330438945|341000
37.06569330438945|342000
37.06569330438945|343000
37.06569330438945|344000
37.06569330438945|345000
37.06569330438945|346000
37.06569330438945|347000
37.06569330438945|348000
37.06569330438945|349000
37.06569330438945|350000
37.06569330438945|351000
37.06569330438945|352000
37.06569330438945|353000
37.06569330438945|354000
37.06569330438945|355000
37.06569330438945|356000
37.06569330438945|357000
37.06569330438945|358000
37.06569330438945|359000
37.06569330438945|360000
37.06569330438945|361000
37.06569330438945|362000
37.06569330438945|363000
37.06569330438945|364000
37.06569330438945|365000
37.06569330438945|366000
37.06569330438945|367000
37.06569330438945|368000
37.06569330438945|369000
37.06569330438945|370000
37.06569330438945|371000
37.06569330438945|372000
37.06569330438945|373000
37.06569330438945|374000
37.06569330438945|375000
37.06569330438945|376000
37.06569330438945|377000
37.06569330438945|378000
37.06569330438945|379000
37.06569330438945|380000
37.06569330438945|381000
37.06569330438945|382000
37.06569330438945|383000
37.09192038212497|384000
37.09192038212497|385000
37.09192038212497|386000
37.59957621622037|387000
37.59957621622037|388000
37.59957621622037|389000
37.59957621622037|390000
37.59957621622037|391000
37.59957621622037|392000
37.59957621622037|393000
37.59957621622037|394000
37.63129513844045|395000
37.63230255137924|396000
37.63230255137924|397000
37.63230255137924|398000
37.63230255137924|399000
37.63230255137924|400000
37.63230255137924|401000
37.63230255137924|402000
37.63230255137924|403000
37.660417781145775|404000
37.660417781145775|405000
37.660417781145775|406000
37.660417781145775|407000
37.660417781145775|408000
37.660417781145775|409000
37.660417781145775|410000
37.703481764890384|411000
37.703481764890384|412000
37.703481764890384|413000
37.703481764890384|414000
38.02386934030013|415000
38.02386934030013|416000
38.02386934030013|417000
38.02386934030013|418000
38.02386934030013|419000
38.02386934030013|420000
38.02386934030013|421000
38.02386934030013|422000
38.02386934030013|423000
38.02386934030013|424000
38.02386934030013|425000
38.02386934030013|426000
38.02386934030013|427000
38.02386934030013|428000
38.02386934030013|429000
38.02386934030013|430000
38.02386934030013|431000
38.02386934030013|432000
38.08387418900212|433000
38.08387418900212|434000
38.38250447284905|435000
38.474111974448896|436000
38.474111974448896|437000
38.474111974448896|438000
38.474111974448896|439000
38.474111974448896|440000
38.474111974448896|441000
38.474111974448896|442000
38.474111974448896|443000
38.474111974448896|444000
38.474111974448896|445000
38.474111974448896|446000
38.474111974448896|447000
38.474111974448896|448000
38.474111974448896|449000
38.474111974448896|450000
38.474111974448896|451000
38.474111974448896|452000
38.474111974448896|453000
38.474111974448896|454000
38.474111974448896|455000
38.474111974448896|456000
38.474111974448896|457000
38.474111974448896|458000
38.474111974448896|459000
38.474111974448896|460000
38.474111974448896|461000
38.474111974448896|462000
38.474111974448896|463000
38.474111974448896|464000
38.474111974448896|465000
38.474111974448896|466000
38.474111974448896|467000
38.474111974448896|468000
38.474111974448896|469000
38.474111974448896|470000
38.474111974448896|471000
38.474111974448896|472000
38.474111974448896|473000
38.474111974448896|474000
38.474111974448896|475000
38.474111974448896|476000
38.474111974448896|477000
38.474111974448896|478000
38.474111974448896|479000
38.474111974448896|480000
38.474111974448896|481000
38.474111974448896|482000
38.474111974448896|483000
38.474111974448896|484000
38.474111974448896|485000
38.474111974448896|486000
38.474111974448896|487000
38.474111974448896|488000
38.474111974448896|489000
38.474111974448896|490000
38.474111974448896|491000
38.474111974448896|492000
38.474111974448896|493000
38.474111974448896|494000
38.474111974448896|495000
38.474111974448896|496000
38.474111974448896|497000
38.474111974448896|498000
38.474111974448896|499000
38.474111974448896|500000
38.474111974448896|501000
38.624126116390364|502000
38.624126116390364|503000
38.624126116390364|504000
38.624126116390364|505000
38.624126116390364|506000
38.624126116390364|507000
38.624126116390364|508000
38.624126116390364|509000
38.624126116390364|510000
38.624126116390364|511000
38.624126116390364|512000
38.624126116390364|513000
38.624126116390364|514000
38.624126116390364|515000
38.624126116390364|516000
38.624126116390364|517000
38.624126116390364|518000
38.624126116390364|519000
38.624126116390364|520000
38.624126116390364|521000
38.624126116390364|522000
38.624126116390364|523000
38.624126116390364|524000
38.624126116390364|525000
38.624126116390364|526000
38.624126116390364|527000
38.624126116390364|528000
38.624126116390364|529000
38.624126116390364|530000
38.624126116390364|531000
38.624126116390364|532000
38.624126116390364|533000
38.624126116390364|534000
38.624126116390364|535000
38.624126116390364|536000
38.624126116390364|537000
38.73984225701494|538000
38.73984225701494|539000
38.73984225701494|540000
38.73984225701494|541000
38.73984225701494|542000
38.73984225701494|543000
38.73984225701494|544000
38.73984225701494|545000
38.73984225701494|546000
38.73984225701494|547000
38.73984225701494|548000
38.73984225701494|549000
38.73984225701494|550000
38.73984225701494|551000
38.73984225701494|552000
38.73984225701494|553000
38.73984225701494|554000
38.73984225701494|555000
38.73984225701494|556000
38.73984225701494|557000
38.73984225701494|558000
38.73984225701494|559000
38.73984225701494|560000
38.73984225701494|561000
38.73984225701494|562000
38.73984225701494|563000
38.73984225701494|564000
38.73984225701494|565000
38.73984225701494|566000
38.73984225701494|567000
38.81326102356165|568000
38.81326102356165|569000
38.81326102356165|570000
38.81326102356165|571000
38.81326102356165|572000
38.81326102356165|573000
38.81326102356165|574000
38.81326102356165|575000
38.81326102356165|576000
38.81326102356165|577000
38.81326102356165|578000
38.81326102356165|579000
38.81326102356165|580000
38.81326102356165|581000
38.81326102356165|582000
38.81326102356165|583000
38.81326102356165|584000
38.81326102356165|585000
38.81326102356165|586000
38.81326102356165|587000
38.81326102356165|588000
38.81326102356165|589000
38.81326102356165|590000
38.81326102356165|591000
38.81326102356165|592000
38.81326102356165|593000
38.81326102356165|594000
38.81326102356165|595000
38.81326102356165|596000
38.81326102356165|597000
38.81326102356165|598000
38.81326102356165|599000
38.81326102356165|600000
38.81326102356165|601000
38.81326102356165|602000
38.81326102356165|603000
38.82988054627442|604000
38.82988054627442|605000
38.82988054627442|606000
38.82988054627442|607000
38.82988054627442|608000
38.82988054627442|609000
38.83812247128546|610000
38.83812247128546|611000
38.83812247128546|612000
38.83812247128546|613000
38.83812247128546|614000
38.83812247128546|615000
38.83812247128546|616000
38.83812247128546|617000
38.83812247128546|618000
38.83812247128546|619000
38.83812247128546|620000
38.83812247128546|621000
38.83812247128546|622000
38.83812247128546|623000
38.84338794467276|624000
38.84338794467276|625000
38.84338794467276|626000
38.84338794467276|627000
38.84338794467276|628000
38.84338794467276|629000
38.84338794467276|630000
38.84338794467276|631000
38.84338794467276|632000
38.84338794467276|633000
38.84338794467276|634000
38.84338794467276|635000
38.84338794467276|636000
38.84338794467276|637000
38.84338794467276|638000
38.84338794467276|639000
38.84338794467276|640000
38.84338794467276|641000
38.843681052541776|642000
38.843681052541776|643000
38.843681052541776|644000
38.843681052541776|645000
38.843681052541776|646000
38.843681052541776|647000
38.843681052541776|648000
38.843681052541776|649000
38.843681052541776|650000
38.843681052541776|651000
38.843681052541776|652000
38.843681052541776|653000
38.843681052541776|654000
38.843681052541776|655000
38.843681052541776|656000
38.912149545603704|657000
38.912149545603704|658000
38.912149545603704|659000
38.912149545603704|660000
38.912149545603704|661000
38.912149545603704|662000
38.912149545603704|663000
38.912149545603704|664000
38.912149545603704|665000
38.912149545603704|666000
38.912149545603704|667000
38.912149545603704|668000
38.912149545603704|669000
38.912149545603704|670000
38.912149545603704|671000
38.912149545603704|672000
38.912149545603704|673000
38.912149545603704|674000
38.912149545603704|675000
38.912149545603704|676000
38.912149545603704|677000
38.912149545603704|678000
38.912149545603704|679000
38.912149545603704|680000
38.912149545603704|681000
38.912149545603704|682000
38.912149545603704|683000
38.912149545603704|684000
38.912149545603704|685000
38.912149545603704|686000
38.912149545603704|687000
38.912149545603704|688000
38.912149545603704|689000
38.912149545603704|690000
38.912149545603704|691000
38.912149545603704|692000
38.912149545603704|693000
38.912149545603704|694000
38.912149545603704|695000
38.912149545603704|696000
38.912149545603704|697000
38.912149545603704|698000
38.912149545603704|699000
38.912149545603704|700000
38.912149545603704|701000
38.912149545603704|702000
38.97351356608957|703000
38.97351356608957|704000
38.97351356608957|705000
38.97351356608957|706000
38.97351356608957|707000
38.97351356608957|708000
38.97351356608957|709000
38.97351356608957|710000
38.97351356608957|711000
38.97351356608957|712000
38.97351356608957|713000
38.97351356608957|714000
38.97351356608957|715000
38.97351356608957|716000
38.97351356608957|717000
38.97351356608957|718000
38.97351356608957|719000
38.97351356608957|720000
38.97351356608957|721000
38.97351356608957|722000
38.97351356608957|723000
38.97351356608957|724000
38.97351356608957|725000
38.97351356608957|726000
38.97351356608957|727000
38.97351356608957|728000
38.97351356608957|729000
38.97351356608957|730000
38.97351356608957|731000
38.97351356608957|732000
38.97351356608957|733000
38.97351356608957|734000
38.97351356608957|735000
38.97351356608957|736000
38.97351356608957|737000
38.97351356608957|738000
38.97351356608957|739000
38.97351356608957|740000
38.98888996097605|741000
38.98888996097605|742000
38.98888996097605|743000
38.98888996097605|744000
38.98888996097605|745000
38.98888996097605|746000
38.98888996097605|747000
38.98888996097605|748000
38.98888996097605|749000
38.98888996097605|750000
38.98888996097605|751000
38.98888996097605|752000
38.98888996097605|753000
39.00749554965343|754000
39.00749554965343|755000
39.00749554965343|756000
39.00749554965343|757000
39.00749554965343|758000
39.02921571970425|759000
39.02921571970425|760000
39.02921571970425|761000
39.02921571970425|762000
39.02921571970425|763000
39.02921571970425|764000
39.02921571970425|765000
39.02921571970425|766000
39.033161191055555|767000
39.033161191055555|768000
39.033161191055555|769000
39.033161191055555|770000
39.033161191055555|771000
39.033161191055555|772000
39.033161191055555|773000
39.033161191055555|774000
39.033161191055555|775000
39.033161191055555|776000
39.033161191055555|777000
39.033161191055555|778000
39.033161191055555|779000
39.03361274116271|780000
39.03361274116271|781000
39.03361274116271|782000
39.03361274116271|783000
39.03361274116271|784000
39.03361274116271|785000
39.03361274116271|786000
39.03361274116271|787000
39.03361274116271|788000
39.03361274116271|789000
39.04843961267478|790000
39.04843961267478|791000
39.06164111380231|792000
39.06164111380231|793000
39.06164111380231|794000
39.11240456428192|795000
39.11240456428192|796000
39.11240456428192|797000
39.11240456428192|798000
39.11240456428192|799000
39.11240456428192|800000
39.11240456428192|801000
39.11240456428192|802000
39.11240456428192|803000
39.11240456428192|804000
39.11240456428192|805000
39.11240456428192|806000
39.11240456428192|807000
39.11240456428192|808000
39.11240456428192|809000
39.11240456428192|810000
39.11240456428192|811000
39.12712336865998|812000
39.12712336865998|813000
39.12712336865998|814000
39.14512058203734|815000
39.14512058203734|816000
39.14556313782515|817000
39.14556313782515|818000
39.14556313782515|819000
39.14556313782515|820000
39.14556313782515|821000
39.14556313782515|822000
39.14556313782515|823000
39.14556313782515|824000
39.14556313782515|825000
39.15157835605745|826000
39.15157835605745|827000
39.15157835605745|828000
39.15157835605745|829000
39.15157835605745|830000
39.15157835605745|831000
39.15157835605745|832000
39.15157835605745|833000
39.155834904371616|834000
39.155834904371616|835000
39.155834904371616|836000
39.155834904371616|837000
39.155834904371616|838000
39.155834904371616|839000
39.162300864292135|840000
39.162300864292135|841000
39.162300864292135|842000
39.16283235428979|843000
39.16283235428979|844000
39.17181480284318|845000
39.18096209875111|846000
39.18096209875111|847000
39.18096209875111|848000
39.217369286874074|849000
39.217369286874074|850000
39.217369286874074|851000
39.217369286874074|852000
39.217369286874074|853000
39.217369286874074|854000
39.217369286874074|855000
39.217369286874074|856000
39.217369286874074|857000
39.217369286874074|858000
39.217369286874074|859000
39.217369286874074|860000
39.217369286874074|861000
39.217369286874074|862000
39.217369286874074|863000
39.217369286874074|864000
39.268652302800575|865000
39.268652302800575|866000
39.268652302800575|867000
39.268652302800575|868000
39.268652302800575|869000
39.268652302800575|870000
39.268652302800575|871000
39.268652302800575|872000
39.268652302800575|873000
39.268652302800575|874000
39.268652302800575|875000
39.268652302800575|876000
39.268652302800575|877000
39.268652302800575|878000
39.268652302800575|879000
39.268652302800575|880000
39.268652302800575|881000
39.268652302800575|882000
39.268652302800575|883000
39.268652302800575|884000
39.268652302800575|885000
39.268652302800575|886000
39.29528976960086|887000
39.29528976960086|888000
39.29528976960086|889000
39.29528976960086|890000
39.29528976960086|891000
39.29528976960086|892000
39.29528976960086|893000
39.29528976960086|894000
39.29528976960086|895000
39.29528976960086|896000
39.29528976960086|897000
39.29528976960086|898000
39.29528976960086|899000
39.29528976960086|900000
39.29528976960086|901000
39.29528976960086|902000
39.29528976960086|903000
39.29528976960086|904000
39.29528976960086|905000
39.29528976960086|906000
39.29528976960086|907000
39.29528976960086|908000
39.29528976960086|909000
39.301441929586375|910000
39.301441929586375|911000
39.301441929586375|912000
39.301441929586375|913000
39.301441929586375|914000
39.301441929586375|915000
39.301441929586375|916000
39.301441929586375|917000
39.301441929586375|918000
39.301441929586375|919000
39.303101332270884|920000
39.303101332270884|921000
39.31514200921061|922000
39.31514200921061|923000
39.31514200921061|924000
39.31514200921061|925000
39.31514200921061|926000
39.31592151078281|927000
39.31592151078281|928000
39.31592151078281|929000
39.31592151078281|930000
39.31592151078281|931000
39.31592151078281|932000
39.31592151078281|933000
39.31592151078281|934000
39.31592151078281|935000
39.31592151078281|936000
39.31592151078281|937000
39.31592151078281|938000
39.31592151078281|939000
39.31592151078281|940000
39.31592151078281|941000
39.31592151078281|942000
39.31592151078281|943000
39.31936804780578|944000
39.31936804780578|945000
39.31936804780578|946000
39.31936804780578|947000
39.34667726778658|948000
39.34667726778658|949000
39.34667726778658|950000
39.34667726778658|951000
39.34667726778658|952000
39.34667726778658|953000
39.34667726778658|954000
39.34667726778658|955000
39.34806940813245|956000
39.357302139721405|957000
39.357302139721405|958000
39.357302139721405|959000
39.35817448940416|960000
39.35817448940416|961000
39.35817448940416|962000
39.35817448940416|963000
39.35817448940416|964000
39.35817448940416|965000
39.35817448940416|966000
39.35817448940416|967000
39.35817448940416|968000
39.35817448940416|969000
39.35817448940416|970000
39.35817448940416|971000
39.35817448940416|972000
39.35817448940416|973000
39.35817448940416|974000
39.35817448940416|975000
39.35817448940416|976000
39.35817448940416|977000
39.35817448940416|978000
39.35834899222935|979000
39.35834899222935|980000
39.361726846573056|981000
39.361726846573056|982000
39.361726846573056|983000
39.361726846573056|984000
39.36255069609418|985000
39.36255069609418|986000
39.37103699315401|987000
39.37103699315401|988000
39.37103699315401|989000
39.37103699315401|990000
39.37103699315401|991000
39.37103699315401|992000
39.37103699315401|993000
39.37103699315401|994000
39.37103699315401|995000
39.37103699315401|996000
39.37103699315401|997000
39.37103699315401|998000
39.37250161956062|999000
39.37250161956062|1000000
