32.19538232683244|2000
32.19538232683244|3000
32.57089457492116|4000
32.57089457492116|5000
32.88494907275515|6000
33.49494788641886|7000
33.49494788641886|8000
33.49494788641886|9000
33.49494788641886|10000
33.82770497218436|11000
34.10631482811322|12000
34.10631482811322|13000
34.10631482811322|14000
34.10631482811322|15000
34.10631482811322|16000
34.361219495504955|17000
34.361219495504955|18000
34.361219495504955|19000
34.361219495504955|20000
34.361219495504955|21000
34.54839734680234|22000
34.54839734680234|23000
34.54839734680234|24000
34.54839734680234|25000
34.54839734680234|26000
34.54839734680234|27000
34.54839734680234|28000
34.54839734680234|29000
34.566447982605965|30000
35.05938286103164|31000
35.05938286103164|32000
35.05938286103164|33000
35.05938286103164|34000
35.05938286103164|35000
35.05938286103164|36000
35.05938286103164|37000
35.05938286103164|38000
35.05938286103164|39000
35.05938286103164|40000
35.05938286103164|41000
35.05938286103164|42000
35.05938286103164|43000
35.66234451213936|44000
35.66234451213936|45000
35.66234451213936|46000
35.66234451213936|47000
35.66234451213936|48000
35.66234451213936|49000
35.76204267572193|50000
35.76204267572193|51000
35.76204267572193|52000
35.76204267572193|53000
35.76204267572193|54000
35.76204267572193|55000
35.76204267572193|56000
35.76204267572193|57000
35.76204267572193|58000
35.76204267572193|59000
35.76204267572193|60000
35.76204267572193|61000
35.76204267572193|62000
35.76204267572193|63000
35.76204267572193|64000
35.76204267572193|65000
35.76204267572193|66000
35.76204267572193|67000
35.76204267572193|68000
35.76204267572193|69000
35.76204267572193|70000
35.76204267572193|71000
35.76204267572193|72000
35.76204267572193|73000
35.76204267572193|74000
35.76204267572193|75000
35.76204267572193|76000
35.76204267572193|77000
35.76204267572193|78000
35.76204267572193|79000
35.76204267572193|80000
35.76204267572193|81000
35.76204267572193|82000
35.76204267572193|83000
35.76204267572193|84000
35.76204267572193|85000
35.76204267572193|86000
35.76204267572193|87000
35.76204267572193|88000
35.76204267572193|89000
35.76204267572193|90000
35.76204267572193|91000
35.76204267572193|92000
35.76204267572193|93000
36.12164088290634|94000
36.12164088290634|95000
36.12164088290634|96000
36.12164088290634|97000
36.12164088290634|98000
36.12164088290634|99000
36.12164088290634|100000
36.12164088290634|101000
36.12164088290634|102000
36.12164088290634|103000
36.12164088290634|104000
36.12164088290634|105000
36.12164088290634|106000
36.12164088290634|107000
36.12164088290634|108000
36.12164088290634|109000
36.12164088290634|110000
36.12164088290634|111000
36.12164088290634|112000
36.12164088290634|113000
36.12164088290634|114000
36.12164088290634|115000
36.12164088290634|116000
36.12164088290634|117000
36.12164088290634|118000
36.12164088290634|119000
36.12164088290634|120000
36.12164088290634|121000
36.12164088290634|122000
36.12164088290634|123000
36.12164088290634|124000
36.12164088290634|125000
36.12164088290634|126000
36.12164088290634|127000
36.12164088290634|128000
36.12164088290634|129000
36.12164088290634|130000
36.12164088290634|131000
36.12164088290634|132000
36.12164088290634|133000
36.12164088290634|134000
36.59020913724419|135000
36.59020913724419|136000
36.59020913724419|137000
36.59020913724419|138000
36.59020913724419|139000
36.59020913724419|140000
36.59020913724419|141000
36.59020913724419|142000
36.59020913724419|143000
36.59020913724419|144000
36.59020913724419|145000
36.59020913724419|146000
36.59020913724419|147000
36.59020913724419|148000
36.59020913724419|149000
36.59020913724419|150000
36.59020913724419|151000
36.59020913724419|152000
36.59020913724419|153000
36.59020913724419|154000
36.59020913724419|155000
36.59020913724419|156000
36.59020913724419|157000
36.777384835154955|158000
36.777384835154955|159000
36.777384835154955|160000
36.777384835154955|161000
36.777384835154955|162000
36.777384835154955|163000
36.777384835154955|164000
36.777384835154955|165000
36.777384835154955|166000
36.777384835154955|167000
36.777384835154955|168000
36.777384835154955|169000
36.777384835154955|170000
36.777384835154955|171000
36.777384835154955|172000
36.777384835154955|173000
36.777384835154955|174000
36.777384835154955|175000
36.777384835154955|176000
36.777384835154955|177000
36.777384835154955|178000
36.777384835154955|179000
36.777384835154955|180000
36.777384835154955|181000
36.777384835154955|182000
36.777384835154955|183000
36.777384835154955|184000
36.777384835154955|185000
36.777384835154955|186000
36.777384835154955|187000
36.777384835154955|188000
36.777384835154955|189000
36.777384835154955|190000
36.777384835154955|191000
36.777384835154955|192000
36.777384835154955|193000
36.777384835154955|194000
36.777384835154955|195000
36.777384835154955|196000
36.777384835154955|197000
36.777384835154955|198000
36.777384835154955|199000
36.777384835154955|200000
36.777384835154955|201000
36.777384835154955|202000
36.777384835154955|203000
36.777384835154955|204000
36.777384835154955|205000
36.777384835154955|206000
36.777384835154955|207000
36.777384835154955|208000
36.777384835154955|209000
36.777384835154955|210000
36.777384835154955|211000
36.777384835154955|212000
36.777384835154955|213000
36.777384835154955|214000
36.777384835154955|215000
36.777384835154955|216000
36.777384835154955|217000
36.777384835154955|218000
36.777384835154955|219000
36.777384835154955|220000
36.777384835154955|221000
36.777384835154955|222000
36.777384835154955|223000
36.777384835154955|224000
36.777384835154955|225000
36.777384835154955|226000
36.777384835154955|227000
36.777384835154955|228000
36.777384835154955|229000
36.777384835154955|230000
36.777384835154955|231000
36.777384835154955|232000
36.777384835154955|233000
36.777384835154955|234000
36.777384835154955|235000
36.777384835154955|236000
36.777384835154955|237000
36.777384835154955|238000
36.777384835154955|239000
36.777384835154955|240000
36.777384835154955|241000
36.777384835154955|242000
36.777384835154955|243000
36.777384835154955|244000
36.777384835154955|245000
36.777384835154955|246000
36.777384835154955|247000
36.777384835154955|248000
36.777384835154955|249000
36.777384835154955|250000
36.777384835154955|251000
36.777384835154955|252000
36.777384835154955|253000
36.777384835154955|254000
36.777384835154955|255000
36.777384835154955|256000
36.777384835154955|257000
36.777384835154955|258000
36.777384835154955|259000
36.777384835154955|260000
36.777384835154955|261000
36.777384835154955|262000
36.777384835154955|263000
36.777384835154955|264000
36.777384835154955|265000
36.777384835154955|266000
36.777384835154955|267000
36.777384835154955|268000
36.777384835154955|269000
36.777384835154955|270000
36.777384835154955|271000
36.777384835154955|272000
36.777384835154955|273000
36.777384835154955|274000
36.777384835154955|275000
36.777384835154955|276000
36.777384835154955|277000
36.777384835154955|278000
36.777384835154955|279000
36.777384835154955|280000
36.777384835154955|281000
36.777384835154955|282000
36.777384835154955|283000
36.777384835154955|284000
36.777384835154955|285000
36.777384835154955|286000
36.777384835154955|287000
36.777384835154955|288000
36.777384835154955|289000
36.777384835154955|290000
36.777384835154955|291000
36.777384835154955|292000
36.777384835154955|293000
36.777384835154955|294000
36.777384835154955|295000
36.777384835154955|296000
36.777384835154955|297000
36.777384835154955|298000
36.777384835154955|299000
36.777384835154955|300000
36.777384835154955|301000
36.777384835154955|302000
36.777384835154955|303000
36.777384835154955|304000
36.777384835154955|305000
36.777384835154955|306000
36.777384835154955|307000
36.777384835154955|308000
36.777384835154955|309000
36.777384835154955|310000
36.777384835154955|311000
36.777384835154955|312000
36.777384835154955|313000
36.777384835154955|314000
36.777384835154955|315000
36.777384835154955|316000
36.777384835154955|317000
36.777384835154955|318000
36.77994266172736|319000
36.77994266172736|320000
36.77994266172736|321000
36.77994266172736|322000
36.77994266172736|323000
36.77994266172736|324000
36.77994266172736|325000
36.77994266172736|326000
36.77994266172736|327000
36.77994266172736|328000
36.77994266172736|329000
36.77994266172736|330000
36.77994266172736|331000
36.77994266172736|332000
36.77994266172736|333000
36.77994266172736|334000
36.77994266172736|335000
36.77994266172736|336000
36.77994266172736|337000
36.77994266172736|338000
36.77994266172736|339000
36.77994266172736|340000
36.77994266172736|341000
36.77994266172736|342000
36.77994266172736|343000
36.77994266172736|344000
36.77994266172736|345000
36.78521323220953|346000
36.78521323220953|347000
36.97339944593865|348000
36.97339944593865|349000
36.97339944593865|350000
36.97339944593865|351000
36.97339944593865|352000
36.97339944593865|353000
36.97339944593865|354000
36.97339944593865|355000
36.97339944593865|356000
36.97339944593865|357000
36.97339944593865|358000
36.97339944593865|359000
36.97339944593865|360000
36.97339944593865|361000
36.97339944593865|362000
36.97339944593865|363000
36.97339944593865|364000
36.97339944593865|365000
36.97339944593865|366000
36.97339944593865|367000
37.03232426323116|368000
37.03232426323116|369000
37.03232426323116|370000
37.03232426323116|371000
37.03232426323116|372000
37.03232426323116|373000
37.03232426323116|374000
37.03232426323116|375000
37.03232426323116|376000
37.03232426323116|377000
37.03232426323116|378000
37.03232426323116|379000
37.03232426323116|380000
37.03232426323116|381000
37.03232426323116|382000
37.03232426323116|383000
37.03232426323116|384000
37.03232426323116|385000
37.03232426323116|386000
37.03232426323116|387000
37.03232426323116|388000
37.03232426323116|389000
37.03232426323116|390000
37.03232426323116|391000
37.03232426323116|392000
37.03232426323116|393000
37.03232426323116|394000
37.03232426323116|395000
37.03232426323116|396000
37.03232426323116|397000
37.03232426323116|398000
37.03232426323116|399000
37.03232426323116|400000
37.03232426323116|401000
37.03232426323116|402000
37.34619238832385|403000
37.34619238832385|404000
37.34619238832385|405000
37.34619238832385|406000
37.34619238832385|407000
37.34619238832385|408000
37.34619238832385|409000
37.34619238832385|410000
37.34619238832385|411000
37.34619238832385|412000
37.34619238832385|413000
37.34619238832385|414000
37.34619238832385|415000
37.34619238832385|416000
37.34619238832385|417000
37.34619238832385|418000
37.34619238832385|419000
37.34619238832385|420000
37.34619238832385|421000
37.63503751967434|422000
37.63503751967434|423000
37.63503751967434|424000
37.63503751967434|425000
37.63503751967434|426000
37.63503751967434|427000
37.63503751967434|428000
37.63503751967434|429000
37.63503751967434|430000
37.63503751967434|431000
37.84866197740096|432000
37.84866197740096|433000
37.84866197740096|434000
37.84866197740096|435000
37.84866197740096|436000
37.84866197740096|437000
37.84866197740096|438000
37.84866197740096|439000
37.84866197740096|440000
37.84866197740096|441000
37.84866197740096|442000
37.84866197740096|443000
37.86006912858659|444000
38.01388451919397|445000
38.01388451919397|446000
38.01388451919397|447000
38.01388451919397|448000
38.01388451919397|449000
38.01388451919397|450000
38.01388451919397|451000
38.01388451919397|452000
38.01388451919397|453000
38.01388451919397|454000
38.01388451919397|455000
38.01388451919397|456000
38.01388451919397|457000
38.01388451919397|458000
38.01388451919397|459000
38.01388451919397|460000
38.19168440388587|461000
38.19168440388587|462000
38.19168440388587|463000
38.19168440388587|464000
38.19168440388587|465000
38.19168440388587|466000
38.19168440388587|467000
38.19168440388587|468000
38.19168440388587|469000
38.19168440388587|470000
38.19168440388587|471000
38.19168440388587|472000
38.19168440388587|473000
38.19168440388587|474000
38.19168440388587|475000
38.19168440388587|476000
38.19168440388587|477000
38.19168440388587|478000
38.19168440388587|479000
38.19168440388587|480000
38.19168440388587|481000
38.19168440388587|482000
38.2860870130148|483000
38.2860870130148|484000
38.2860870130148|485000
38.2860870130148|486000
38.2860870130148|487000
38.28983424850209|488000
38.28983424850209|489000
38.28983424850209|490000
38.28983424850209|491000
38.28983424850209|492000
38.28983424850209|493000
38.28983424850209|494000
38.28983424850209|495000
38.28983424850209|496000
38.28983424850209|497000
38.28983424850209|498000
38.28983424850209|499000
38.29939922141323|500000
38.29939922141323|501000
38.29939922141323|502000
38.29939922141323|503000
38.29939922141323|504000
38.4660383599332|505000
38.4660383599332|506000
38.4660383599332|507000
38.4660383599332|508000
38.4660383599332|509000
38.4660383599332|510000
38.4660383599332|511000
38.54575970859824|512000
38.54575970859824|513000
38.54575970859824|514000
38.54575970859824|515000
38.54575970859824|516000
38.54575970859824|517000
38.54575970859824|518000
38.54575970859824|519000
38.54575970859824|520000
38.54575970859824|521000
38.54575970859824|522000
38.54575970859824|523000
38.54575970859824|524000
38.562275168449425|525000
38.562275168449425|526000
38.562275168449425|527000
38.562275168449425|528000
38.562275168449425|529000
38.562275168449425|530000
38.562275168449425|531000
38.562275168449425|532000
38.562275168449425|533000
38.562275168449425|534000
38.562275168449425|535000
38.562275168449425|536000
38.562275168449425|537000
38.562275168449425|538000
38.562275168449425|539000
38.562275168449425|540000
38.562275168449425|541000
38.562275168449425|542000
38.562275168449425|543000
38.562275168449425|544000
38.562275168449425|545000
38.562275168449425|546000
38.562275168449425|547000
38.562275168449425|548000
38.562275168449425|549000
38.562275168449425|550000
38.562275168449425|551000
38.65222617794513|552000
38.65222617794513|553000
38.65222617794513|554000
38.65222617794513|555000
38.65222617794513|556000
38.65222617794513|557000
38.65222617794513|558000
38.65222617794513|559000
38.65222617794513|560000
38.65222617794513|561000
38.65222617794513|562000
38.65222617794513|563000
38.65222617794513|564000
38.65222617794513|565000
38.65222617794513|566000
38.65222617794513|567000
38.65222617794513|568000
38.65222617794513|569000
38.65222617794513|570000
38.65222617794513|571000
38.65222617794513|572000
38.65222617794513|573000
38.65222617794513|574000
38.65222617794513|575000
38.65222617794513|576000
38.65222617794513|577000
38.65222617794513|578000
38.65222617794513|579000
38.65222617794513|580000
38.65222617794513|581000
38.65222617794513|582000
38.65222617794513|583000
38.65222617794513|584000
38.66857010643374|585000
38.66857010643374|586000
38.66857010643374|587000
38.66857010643374|588000
38.66857010643374|589000
38.66857010643374|590000
38.66857010643374|591000
38.73907180577514|592000
38.73907180577514|593000
38.73907180577514|594000
38.73907180577514|595000
38.73907180577514|596000
38.73907180577514|597000
38.73907180577514|598000
38.73907180577514|599000
38.73907180577514|600000
38.75760126520507|601000
38.75760126520507|602000
38.75760126520507|603000
38.75760126520507|604000
38.75760126520507|605000
38.75760126520507|606000
38.75760126520507|607000
38.75760126520507|608000
38.75760126520507|609000
38.75760126520507|610000
38.75760126520507|611000
38.75760126520507|612000
38.75760126520507|613000
38.75760126520507|614000
38.75760126520507|615000
38.75760126520507|616000
38.75760126520507|617000
38.75760126520507|618000
38.75760126520507|619000
38.75760126520507|620000
38.75760126520507|621000
38.75760126520507|622000
38.75760126520507|623000
38.75760126520507|624000
38.75760126520507|625000
38.75760126520507|626000
38.75760126520507|627000
38.75760126520507|628000
38.75760126520507|629000
38.75760126520507|630000
38.75760126520507|631000
38.75760126520507|632000
38.75760126520507|633000
38.75760126520507|634000
38.75760126520507|635000
38.75760126520507|636000
38.75760126520507|637000
38.75760126520507|638000
38.75760126520507|639000
38.75760126520507|640000
38.75760126520507|641000
38.75760126520507|642000
38.75760126520507|643000
38.75760126520507|644000
38.75760126520507|645000
38.766342217681725|646000
38.766342217681725|647000
38.766342217681725|648000
38.766342217681725|649000
38.766342217681725|650000
38.766342217681725|651000
38.766342217681725|652000
38.766342217681725|653000
38.766342217681725|654000
38.766342217681725|655000
38.766342217681725|656000
38.766342217681725|657000
38.766342217681725|658000
38.766342217681725|659000
38.766342217681725|660000
38.766342217681725|661000
38.77918226435874|662000
38.77918226435874|663000
38.77918226435874|664000
38.77918226435874|665000
38.77918226435874|666000
38.77918226435874|667000
38.77918226435874|668000
38.77918226435874|669000
38.77918226435874|670000
38.77918226435874|671000
38.77918226435874|672000
38.77918226435874|673000
38.77918226435874|674000
38.77918226435874|675000
38.77918226435874|676000
38.77918226435874|677000
38.77918226435874|678000
38.77918226435874|679000
38.77918226435874|680000
38.77918226435874|681000
38.77918226435874|682000
38.77918226435874|683000
38.77918226435874|684000
38.77918226435874|685000
38.77918226435874|686000
38.77918226435874|687000
38.77918226435874|688000
38.77918226435874|689000
38.77918226435874|690000
38.77918226435874|691000
38.77918226435874|692000
38.77918226435874|693000
38.77918226435874|694000
38.77918226435874|695000
38.77918226435874|696000
38.783740129934216|697000
38.783740129934216|698000
38.783740129934216|699000
38.783740129934216|700000
38.814760876150686|701000
38.814760876150686|702000
38.814760876150686|703000
38.814760876150686|704000
38.814760876150686|705000
38.814760876150686|706000
38.814760876150686|707000
38.814760876150686|708000
38.814760876150686|709000
38.814760876150686|710000
38.814760876150686|711000
38.814760876150686|712000
38.814760876150686|713000
38.814760876150686|714000
38.814760876150686|715000
38.814760876150686|716000
38.814760876150686|717000
38.814760876150686|718000
38.814760876150686|719000
38.814760876150686|720000
38.814760876150686|721000
38.814760876150686|722000
38.814760876150686|723000
38.814760876150686|724000
38.814760876150686|725000
38.814760876150686|726000
38.814760876150686|727000
38.81605087005503|728000
38.81605087005503|729000
38.9105761750103|730000
38.9105761750103|731000
38.9105761750103|732000
38.9105761750103|733000
38.9105761750103|734000
38.9105761750103|735000
38.9105761750103|736000
38.9105761750103|737000
38.9105761750103|738000
38.9105761750103|739000
38.9105761750103|740000
38.9105761750103|741000
38.9105761750103|742000
38.9105761750103|743000
38.9105761750103|744000
38.9105761750103|745000
38.9105761750103|746000
38.9105761750103|747000
38.9105761750103|748000
38.9105761750103|749000
38.9105761750103|750000
38.9105761750103|751000
38.9105761750103|752000
38.9105761750103|753000
38.9105761750103|754000
38.9105761750103|755000
38.9105761750103|756000
38.9105761750103|757000
38.9105761750103|758000
38.91174511651851|759000
38.91174511651851|760000
38.91174511651851|761000
38.91174511651851|762000
38.91174511651851|763000
38.91771565416121|764000
38.91771565416121|765000
38.91771565416121|766000
38.91771565416121|767000
38.91771565416121|768000
38.91771565416121|769000
38.91771565416121|770000
38.91771565416121|771000
38.91771565416121|772000
38.91771565416121|773000
38.91771565416121|774000
38.91771565416121|775000
38.91771565416121|776000
38.91771565416121|777000
38.91771565416121|778000
38.91771565416121|779000
38.91771565416121|780000
38.91771565416121|781000
38.91771565416121|782000
38.91771565416121|783000
38.91771565416121|784000
38.91771565416121|785000
38.91771565416121|786000
38.91771565416121|787000
38.91771565416121|788000
38.91771565416121|789000
38.91771565416121|790000
38.91771565416121|791000
38.91771565416121|792000
38.91771565416121|793000
38.91771565416121|794000
38.91771565416121|795000
38.91771565416121|796000
38.91771565416121|797000
38.91771565416121|798000
38.91771565416121|799000
38.91771565416121|800000
38.91771565416121|801000
38.91771565416121|802000
38.91771565416121|803000
38.91771565416121|804000
38.91771565416121|805000
38.91771565416121|806000
38.91771565416121|807000
38.91771565416121|808000
38.91771565416121|809000
38.938080044918095|810000
38.938080044918095|811000
38.938080044918095|812000
38.938080044918095|813000
38.938080044918095|814000
38.938080044918095|815000
38.938080044918095|816000
38.938080044918095|817000
38.967335415532325|818000
38.967335415532325|819000
38.967335415532325|820000
38.967335415532325|821000
38.967335415532325|822000
38.967335415532325|823000
38.967335415532325|824000
38.967335415532325|825000
38.967335415532325|826000
38.967335415532325|827000
38.967335415532325|828000
38.967335415532325|829000
38.967335415532325|830000
38.967335415532325|831000
38.967335415532325|832000
38.967335415532325|833000
38.967335415532325|834000
38.967335415532325|835000
38.967335415532325|836000
38.967335415532325|837000
38.967335415532325|838000
38.967335415532325|839000
38.967335415532325|840000
38.967335415532325|841000
38.967335415532325|842000
38.967335415532325|843000
38.97461128831682|844000
38.97461128831682|845000
38.97461128831682|846000
38.97461128831682|847000
38.97912693137715|848000
38.98971123203631|849000
38.98971123203631|850000
38.98971123203631|851000
38.98971123203631|852000
39.00321771858923|853000
39.00321771858923|854000
39.00321771858923|855000
39.00321771858923|856000
39.00321771858923|857000
39.00321771858923|858000
39.00321771858923|859000
39.00321771858923|860000
39.00321771858923|861000
39.00321771858923|862000
39.00321771858923|863000
39.00321771858923|864000
39.00321771858923|865000
39.00321771858923|866000
39.02204396935971|867000
39.02204396935971|868000
39.02204396935971|869000
39.02204396935971|870000
39.02204396935971|871000
39.02204396935971|872000
39.02204396935971|873000
39.02204396935971|874000
39.02204396935971|875000
39.02204396935971|876000
39.02204396935971|877000
39.02204396935971|878000
39.02204396935971|879000
39.02204396935971|880000
39.02204396935971|881000
39.02204396935971|882000
39.03242913405871|883000
39.03242913405871|884000
39.03242913405871|885000
39.059095831339974|886000
39.059095831339974|887000
39.059095831339974|888000
39.059095831339974|889000
39.059095831339974|890000
39.059095831339974|891000
39.059095831339974|892000
39.059095831339974|893000
39.059095831339974|894000
39.059095831339974|895000
39.059095831339974|896000
39.059095831339974|897000
39.059095831339974|898000
39.059095831339974|899000
39.059095831339974|900000
39.08461973094814|901000
39.08461973094814|902000
39.08461973094814|903000
39.08461973094814|904000
39.08461973094814|905000
39.08461973094814|906000
39.08461973094814|907000
39.08461973094814|908000
39.08461973094814|909000
39.08461973094814|910000
39.08461973094814|911000
39.085516968424194|912000
39.085516968424194|913000
39.085516968424194|914000
39.085516968424194|915000
39.085516968424194|916000
39.085516968424194|917000
39.085516968424194|918000
39.085516968424194|919000
39.085516968424194|920000
39.085516968424194|921000
39.085516968424194|922000
39.085516968424194|923000
39.085516968424194|924000
39.085516968424194|925000
39.085516968424194|926000
39.085516968424194|927000
39.10087927059851|928000
39.10087927059851|929000
39.10087927059851|930000
39.10087927059851|931000
39.10087927059851|932000
39.10087927059851|933000
39.10087927059851|934000
39.10087927059851|935000
39.10087927059851|936000
39.10087927059851|937000
39.12915866995905|938000
39.12915866995905|939000
39.12915866995905|940000
39.12915866995905|941000
39.12915866995905|942000
39.12915866995905|943000
39.13259155937653|944000
39.13259155937653|945000
39.13259155937653|946000
39.13259155937653|947000
39.13259155937653|948000
39.13259155937653|949000
39.13259155937653|950000
39.13494593076071|951000
39.13494593076071|952000
39.14750237716372|953000
39.14750237716372|954000
39.14750237716372|955000
39.14750237716372|956000
39.14750237716372|957000
39.18706226433027|958000
39.18706226433027|959000
39.18706226433027|960000
39.18706226433027|961000
39.18706226433027|962000
39.18706226433027|963000
39.18706226433027|964000
39.18706226433027|965000
39.18706226433027|966000
39.18706226433027|967000
39.18706226433027|968000
39.18706226433027|969000
39.18706226433027|970000
39.18706226433027|971000
39.18706226433027|972000
39.18706226433027|973000
39.20530255306044|974000
39.20530255306044|975000
39.20530255306044|976000
39.20530255306044|977000
39.20530255306044|978000
39.20530255306044|979000
39.20530255306044|980000
39.20530255306044|981000
39.20530255306044|982000
39.20530255306044|983000
39.20530255306044|984000
39.20530255306044|985000
39.215967665036295|986000
39.215967665036295|987000
39.215967665036295|988000
39.215967665036295|989000
39.220219320206546|990000
39.220219320206546|991000
39.220219320206546|992000
39.220219320206546|993000
39.220219320206546|994000
39.220219320206546|995000
39.23388529259458|996000
39.2563012712906|997000
39.2563012712906|998000
39.2563012712906|999000
39.2563012712906|1000000
