33.45894605448745|1100
34.26441316265423|2100
34.327492202378174|3100
34.770969331544045|4100
35.52301205456813|5100
35.52301205456813|6100
36.03732459905852|7100
36.49780323538981|8100
36.49780323538981|9100
36.63785815652163|10100
37.13083780290316|11100
37.13083780290316|12100
37.17423739296347|13100
37.17423739296347|14100
37.216796741676475|15100
37.94008113736843|16100
37.94008113736843|17100
37.94008113736843|18100
37.94008113736843|19100
38.08147714006923|20100
38.32206681786607|21100
38.59062249547158|22100
38.59401315640061|23100
38.62691828477519|24100
38.659557005589804|25100
38.67866447437196|26100
38.7021487355109|27100
38.70388528045324|28100
38.76498759860216|29100
38.76498759860216|30100
38.76498759860216|31100
38.76498759860216|32100
38.809087601206976|33100
38.84715096573206|34100
38.853938755933946|35100
38.92232910065327|36100
38.929578381079274|37100
38.93433053461414|38100
38.96636752921454|39100
38.97565751532887|40100
38.984690503472955|41100
38.984690503472955|42100
39.0462188220714|43100
39.0462188220714|44100
39.05375441210445|45100
39.05375441210445|46100
39.05375441210445|47100
39.05929525709605|48100
39.0862254865533|49100
39.103649398714126|50100
39.103649398714126|51100
39.11186898036586|52100
39.135113765396085|53100
39.13579583089766|54100
39.162494841411466|55100
39.163606503229985|56100
39.18573962644169|57100
39.18573962644169|58100
39.23509600790627|59100
39.243241784509536|60100
39.248422024786045|61100
39.248422024786045|62100
39.25634852138854|63100
39.26058385971807|64100
39.26058385971807|65100
39.28877313183978|66100
39.30356946791448|67100
39.30356946791448|68100
39.318733065282416|69100
39.318733065282416|70100
39.318733065282416|71100
39.318733065282416|72100
39.31873306528244|73100
39.3214412407853|74100
39.335018248394526|75100
39.335018248394526|76100
39.335018248394526|77100
39.335018248394526|78100
39.33772642389739|79100
39.344172615653264|80100
39.344565913890264|81100
39.34595589692718|82100
39.35101210564614|83100
39.35101210564614|84100
39.35349274201353|85100
39.35349274201353|86100
39.35896230219662|87100
39.35896230219662|88100
39.36500762301281|89100
39.366171474281664|90100
39.372364785212234|91100
39.372364785212234|92100
39.37401135293711|93100
39.37401135293711|94100
39.37495433494456|95100
39.382890947930235|96100
39.382890947930235|97100
39.40019202749649|98100
39.40222809721453|99100
39.40915537626985|100100
39.41514648915168|101100
39.41514648915168|102100
39.41514648915168|103100
39.434765585786934|104100
39.434765585786934|105100
39.434765585786934|106100
39.435050927434|107100
39.45119094411556|108100
39.45119094411556|109100
39.45119094411556|110100
39.47661706322412|111100
39.47661706322412|112100
39.477420914846164|113100
39.477420914846164|114100
39.477420914846164|115100
39.477700986198535|116100
39.477700986198535|117100
39.477700986198535|118100
39.477700986198535|119100
39.478104186898086|120100
39.478104186898086|121100
39.47810418689809|122100
39.47810418689809|123100
39.47810418689809|124100
39.480598653832324|125100
39.480598653832324|126100
39.480598653832324|127100
39.480598653832324|128100
39.480598653832324|129100
39.480598653832324|130100
39.480598653832324|131100
39.480598653832324|132100
39.480598653832324|133100
39.480598653832324|134100
39.480598653832324|135100
39.480598653832324|136100
39.48059865383233|137100
39.480686016833886|138100
39.481332128372564|139100
39.48141949137413|140100
39.48141949137413|141100
39.48141949137413|142100
39.48141949137413|143100
39.48141949137413|144100
39.48141949137413|145100
39.48141949137413|146100
39.48141949137413|147100
39.48141949137413|148100
39.48141949137413|149100
39.48141949137413|150100
39.48141949137413|151100
39.48141949137413|152100
39.48141949137413|153100
39.48141949137413|154100
39.48141949137413|155100
39.48141949137413|156100
39.48141949137413|157100
39.48141949137413|158100
39.48141949137413|159100
39.48141949137413|160100
39.48141949137413|161100
39.48141949137413|162100
39.48141949137413|163100
39.48141949137413|164100
39.48141949137413|165100
39.48141949137413|166100
39.48141949137413|167100
39.48141949137413|168100
39.48141949137413|169100
39.48141949137413|170100
39.48141949137413|171100
39.48141949137413|172100
39.48141949137413|173100
39.48141949137413|174100
39.48141949137413|175100
39.48141949137413|176100
39.48141949137413|177100
39.48141949137413|178100
39.48141949137413|179100
39.48141949137413|180100
39.48141949137413|181100
39.48141949137413|182100
39.48141949137413|183100
39.48141949137413|184100
39.48141949137413|185100
39.48141949137413|186100
39.48141949137413|187100
39.48141949137413|188100
39.48141949137413|189100
39.48141949137413|190100
39.48141949137413|191100
39.48141949137413|192100
39.48516675154009|193100
39.494593866429575|194100
39.494593866429575|195100
39.494593866429575|196100
39.49575511879409|197100
39.49575511879409|198100
39.49575511879409|199100
39.49575511879409|200100
39.49581691271515|201100
39.49581691271515|202100
39.49581691271515|203100
39.49581691271515|204100
39.49588676277431|205100
39.49588676277431|206100
39.49588676277431|207100
39.49588676277431|208100
39.49588676277431|209100
39.49588676277431|210100
39.49588676277431|211100
39.49588676277431|212100
39.49588676277431|213100
39.49588676277431|214100
39.49588676277431|215100
39.49588676277431|216100
39.49588676277431|217100
39.49588676277431|218100
39.49588676277431|219100
39.49588676277431|220100
39.49588676277431|221100
39.49588676277431|222100
39.49588676277431|223100
39.49588676277431|224100
39.49588676277431|225100
39.49588676277431|226100
39.49588676277431|227100
39.49588676277431|228100
39.49588676277431|229100
39.49588676277431|230100
39.49588676277431|231100
39.49588676277431|232100
39.49588676277431|233100
39.49588676277431|234100
39.49588676277431|235100
39.49588676277431|236100
39.49588676277431|237100
39.49588676277431|238100
39.49588676277431|239100
39.49588676277431|240100
39.49588676277431|241100
39.49588676277431|242100
39.49588676277431|243100
39.49588676277431|244100
39.49588676277431|245100
39.49588676277431|246100
39.49588676277431|247100
39.49588676277431|248100
39.49588676277431|249100
39.49588676277431|250100
39.49588676277431|251100
39.49588676277431|252100
39.49588676277431|253100
39.49588676277431|254100
39.49588676277431|255100
39.49588676277431|256100
39.49588676277431|257100
39.49588676277431|258100
39.49588676277431|259100
39.49588676277431|260100
39.49588676277431|261100
39.49588676277431|262100
39.49588676277431|263100
39.49588676277431|264100
39.49588676277431|265100
39.49588676277431|266100
39.49588676277431|267100
39.49588676277431|268100
39.49588676277431|269100
39.49588676277431|270100
39.49588676277431|271100
39.49588676277431|272100
39.49588676277431|273100
39.49588676277431|274100
39.49588676277431|275100
39.49588676277431|276100
39.49588676277431|277100
39.49588676277431|278100
39.49588676277431|279100
39.49588676277431|280100
39.49588676277431|281100
39.49588676277431|282100
39.49588676277431|283100
39.49588676277431|284100
39.49588676277431|285100
39.49588676277431|286100
39.49588676277431|287100
39.49588676277431|288100
39.49588676277431|289100
39.49588676277431|290100
39.49588676277431|291100
39.49588676277431|292100
39.49588676277431|293100
39.49588676277431|294100
39.49588676277431|295100
39.49588676277431|296100
39.49588676277431|297100
39.49588676277431|298100
39.49588676277431|299100
39.49588676277431|300100
39.49588676277431|301100
39.49588676277431|302100
39.49588676277431|303100
39.49588676277431|304100
39.49588676277431|305100
39.49588676277431|306100
39.49588676277431|307100
39.49588676277431|308100
39.49588676277431|309100
39.49588676277431|310100
39.49588676277431|311100
39.49588676277431|312100
39.49588676277431|313100
39.49588676277431|314100
39.49588676277431|315100
39.49588676277431|316100
39.49588676277431|317100
39.49588676277431|318100
39.49588676277431|319100
39.49588676277431|320100
39.49588676277431|321100
39.49588676277431|322100
39.49588676277431|323100
39.49588676277431|324100
39.49588676277431|325100
39.49588676277431|326100
39.49588676277431|327100
39.49588676277431|328100
39.49588676277431|329100
39.49588676277431|330100
39.49588676277431|331100
39.49588676277431|332100
39.49588676277431|333100
39.49588676277431|334100
39.49588676277431|335100
39.49588676277431|336100
39.49588676277431|337100
39.49588676277431|338100
39.49588676277431|339100
39.49588676277431|340100
39.49588676277431|341100
39.49588676277431|342100
39.49588676277431|343100
39.49588676277431|344100
39.49588676277431|345100
39.49588676277431|346100
39.49588676277431|347100
39.49588676277431|348100
39.49588676277431|349100
39.49588676277431|350100
39.49588676277431|351100
39.49588676277431|352100
39.49588676277431|353100
39.49588676277431|354100
39.49588676277431|355100
39.49588676277431|356100
39.49588676277431|357100
39.49588676277431|358100
39.49588676277431|359100
39.49588676277431|360100
39.49588676277431|361100
39.49588676277431|362100
39.49588676277431|363100
39.49588676277431|364100
39.49588676277431|365100
39.49588676277431|366100
39.49588676277431|367100
39.49588676277431|368100
39.49588676277431|369100
39.49588676277431|370100
39.49588676277431|371100
39.49588676277431|372100
39.49588676277431|373100
39.49588676277431|374100
39.49588676277431|375100
39.49588676277431|376100
39.49588676277431|377100
39.49588676277431|378100
39.49588676277431|379100
39.49588676277431|380100
39.49588676277431|381100
39.49588676277431|382100
39.49588676277431|383100
39.49588676277431|384100
39.49588676277431|385100
39.49588676277431|386100
39.49588676277431|387100
39.49588676277431|388100
39.49588676277431|389100
39.49588676277431|390100
39.49588676277431|391100
39.49588676277431|392100
39.49588676277431|393100
39.49588676277431|394100
39.49588676277431|395100
39.49588676277431|396100
39.49588676277431|397100
39.49588676277431|398100
39.49588676277431|399100
39.49588676277431|400100
39.49588676277431|401100
39.49588676277431|402100
39.49588676277431|403100
39.49588676277431|404100
39.49588676277431|405100
39.49588676277431|406100
39.49588676277431|407100
39.49588676277431|408100
39.49588676277431|409100
39.49588676277431|410100
39.49588676277431|411100
39.49588676277431|412100
39.49588676277431|413100
39.49588676277431|414100
39.49588676277431|415100
39.49588676277431|416100
39.49588676277431|417100
39.49588676277431|418100
39.49588676277431|419100
39.49588676277431|420100
39.49588676277431|421100
39.49588676277431|422100
39.49588676277431|423100
39.49588676277431|424100
39.49588676277431|425100
39.49588676277431|426100
39.49588676277431|427100
39.49588676277431|428100
39.49588676277431|429100
39.49588676277431|430100
39.49588676277431|431100
39.49588676277431|432100
39.49588676277431|433100
39.49588676277431|434100
39.49588676277431|435100
39.49588676277431|436100
39.49588676277431|437100
39.49588676277431|438100
39.49588676277431|439100
39.49588676277431|440100
39.49588676277431|441100
39.49588676277431|442100
39.49588676277431|443100
39.49588676277431|444100
39.49588676277431|445100
39.49588676277431|446100
39.49588676277431|447100
39.49588676277431|448100
39.49588676277431|449100
39.49588676277431|450100
39.49588676277431|451100
39.49588676277431|452100
39.49588676277431|453100
39.49588676277431|454100
39.49588676277431|455100
39.49588676277431|456100
39.49588676277431|457100
39.49588676277431|458100
39.49588676277431|459100
39.49588676277431|460100
39.49588676277431|461100
39.49588676277431|462100
39.49588676277431|463100
39.49588676277431|464100
39.49588676277431|465100
39.49588676277431|466100
39.49588676277431|467100
39.49588676277431|468100
39.49588676277431|469100
39.49588676277431|470100
39.49588676277431|471100
39.49588676277431|472100
39.49588676277431|473100
39.49588676277431|474100
39.49588676277431|475100
39.49588676277431|476100
39.49588676277431|477100
39.49588676277431|478100
39.49588676277431|479100
39.49588676277431|480100
39.49588676277431|481100
39.49588676277431|482100
39.49588676277431|483100
39.49588676277431|484100
39.49588676277431|485100
39.49588676277431|486100
39.49588676277431|487100
39.49588676277431|488100
39.49588676277431|489100
39.49588676277431|490100
39.49588676277431|491100
39.49588676277431|492100
39.49588676277431|493100
39.49588676277431|494100
39.49588676277431|495100
39.49588676277431|496100
39.49588676277431|497100
39.49588676277431|498100
39.49588676277431|499100
39.49588676277431|500100
39.49588676277431|501100
39.49588676277431|502100
39.49588676277431|503100
39.49588676277431|504100
39.49588676277431|505100
39.49588676277431|506100
39.49588676277431|507100
39.49588676277431|508100
39.49588676277431|509100
39.49588676277431|510100
39.49588676277431|511100
39.49588676277431|512100
39.49588676277431|513100
39.49588676277431|514100
39.49588676277431|515100
39.49588676277431|516100
39.49588676277431|517100
39.49588676277431|518100
39.49588676277431|519100
39.49588676277431|520100
39.49588676277431|521100
39.49588676277431|522100
39.49588676277431|523100
39.49588676277431|524100
39.49588676277431|525100
39.49588676277431|526100
39.49588676277431|527100
39.49588676277431|528100
39.49588676277431|529100
39.49588676277431|530100
39.49588676277431|531100
39.49588676277431|532100
39.49588676277431|533100
39.49588676277431|534100
39.49588676277431|535100
39.49588676277431|536100
39.49588676277431|537100
39.49588676277431|538100
39.49588676277431|539100
39.49588676277431|540100
39.49588676277431|541100
39.49588676277431|542100
39.49588676277431|543100
39.49588676277431|544100
39.49588676277431|545100
39.49588676277431|546100
39.49588676277431|547100
39.49588676277431|548100
39.49588676277431|549100
39.49588676277431|550100
39.49588676277431|551100
39.49588676277431|552100
39.49588676277431|553100
39.49588676277431|554100
39.49588676277431|555100
39.49588676277431|556100
39.49588676277431|557100
39.49588676277431|558100
39.49588676277431|559100
39.49588676277431|560100
39.49588676277431|561100
39.49588676277431|562100
39.49588676277431|563100
39.49588676277431|564100
39.49588676277431|565100
39.49588676277431|566100
39.49588676277431|567100
39.49588676277431|568100
39.49588676277431|569100
39.49588676277431|570100
39.49588676277431|571100
39.49588676277431|572100
39.49588676277431|573100
39.49588676277431|574100
39.49588676277431|575100
39.49588676277431|576100
39.49588676277431|577100
39.49588676277431|578100
39.49588676277431|579100
39.49588676277431|580100
39.49588676277431|581100
39.49588676277431|582100
39.49588676277431|583100
39.49588676277431|584100
39.49588676277431|585100
39.49588676277431|586100
39.49588676277431|587100
39.49588676277431|588100
39.49588676277431|589100
39.49588676277431|590100
39.49588676277431|591100
39.49588676277431|592100
39.49588676277431|593100
39.49588676277431|594100
39.49588676277431|595100
39.49588676277431|596100
39.49588676277431|597100
39.49588676277431|598100
39.49588676277431|599100
39.49588676277431|600100
39.49588676277431|601100
39.49588676277431|602100
39.49588676277431|603100
39.49588676277431|604100
39.49588676277431|605100
39.49588676277431|606100
39.49588676277431|607100
39.49588676277431|608100
39.49588676277431|609100
39.49588676277431|610100
39.49588676277431|611100
39.49588676277431|612100
39.49588676277431|613100
39.49588676277431|614100
39.49588676277431|615100
39.49588676277431|616100
39.49588676277431|617100
39.49588676277431|618100
39.49588676277431|619100
39.49588676277431|620100
39.49588676277431|621100
39.49588676277431|622100
39.49588676277431|623100
39.49588676277431|624100
39.49588676277431|625100
39.49588676277431|626100
39.49588676277431|627100
39.49588676277431|628100
39.49588676277431|629100
39.49588676277431|630100
39.49588676277431|631100
39.49588676277431|632100
39.49588676277431|633100
39.49588676277431|634100
39.49588676277431|635100
39.49588676277431|636100
39.49588676277431|637100
39.49588676277431|638100
39.49588676277431|639100
39.49588676277431|640100
39.49588676277431|641100
39.49588676277431|642100
39.49588676277431|643100
39.49588676277431|644100
39.49588676277431|645100
39.49588676277431|646100
39.49588676277431|647100
39.49588676277431|648100
39.49588676277431|649100
39.49588676277431|650100
39.49588676277431|651100
39.49588676277431|652100
39.49588676277431|653100
39.49588676277431|654100
39.49588676277431|655100
39.49588676277431|656100
39.49588676277431|657100
39.49588676277431|658100
39.49588676277431|659100
39.49588676277431|660100
39.49588676277431|661100
39.50327013216488|662100
39.50327013216488|663100
39.50327013216488|664100
39.50327013216488|665100
39.50335745001213|666100
39.50335745001213|667100
39.50335745001213|668100
39.50335745001213|669100
39.50335745001213|670100
39.50335745001213|671100
39.50335745001213|672100
39.50335745001213|673100
39.50335745001213|674100
39.50335745001213|675100
39.50335745001213|676100
39.50335745001213|677100
39.50335745001213|678100
39.50335745001213|679100
39.50335745001213|680100
39.50335745001213|681100
39.50335745001213|682100
39.50335745001213|683100
39.50335745001213|684100
39.50335745001213|685100
39.50335745001213|686100
39.50335745001213|687100
39.50335745001213|688100
39.50335745001213|689100
39.50335745001213|690100
39.50335745001213|691100
39.50335745001213|692100
39.50335745001213|693100
39.50335745001213|694100
39.50335745001213|695100
39.50335745001213|696100
39.50335745001213|697100
39.50335745001213|698100
39.50335745001213|699100
39.50335745001213|700100
39.50335745001213|701100
39.50335745001213|702100
39.50335745001213|703100
39.50335745001213|704100
39.50335745001213|705100
39.50335745001213|706100
39.50335745001213|707100
39.50335745001213|708100
39.50335745001213|709100
39.50335745001213|710100
39.50335745001213|711100
39.50335745001213|712100
39.50335745001213|713100
39.50335745001213|714100
39.50335745001213|715100
39.50335745001213|716100
39.50335745001213|717100
39.50335745001213|718100
39.50335745001213|719100
39.50335745001213|720100
39.50335745001213|721100
39.50335745001213|722100
39.50335745001213|723100
39.50335745001213|724100
39.50335745001213|725100
39.50335745001213|726100
39.50335745001213|727100
39.50335745001213|728100
39.50335745001213|729100
39.50335745001213|730100
39.50335745001213|731100
39.50335745001213|732100
39.50335745001213|733100
39.50335745001213|734100
39.50335745001213|735100
39.50335745001213|736100
39.50335745001213|737100
39.50335745001213|738100
39.50335745001213|739100
39.50335745001213|740100
39.50335745001213|741100
39.50335745001213|742100
39.50335745001213|743100
39.50335745001213|744100
39.50335745001213|745100
39.50335745001213|746100
39.50335745001213|747100
39.50335745001213|748100
39.50335745001213|749100
39.50335745001213|750100
39.50335745001213|751100
39.50335745001213|752100
39.50335745001213|753100
39.50335745001213|754100
39.50335745001213|755100
39.50335745001213|756100
39.50335745001213|757100
39.50335745001213|758100
39.50335745001213|759100
39.50335745001213|760100
39.50335745001213|761100
39.50335745001213|762100
39.50335745001213|763100
39.50335745001213|764100
39.50335745001213|765100
39.50335745001213|766100
39.50335745001213|767100
39.50335745001213|768100
39.50335745001213|769100
39.50335745001213|770100
39.50335745001213|771100
39.50335745001213|772100
39.50335745001213|773100
39.50335745001213|774100
39.50335745001213|775100
39.50335745001213|776100
39.50335745001213|777100
39.50335745001213|778100
39.50335745001213|779100
39.50335745001213|780100
39.50335745001213|781100
39.50335745001213|782100
39.50335745001213|783100
39.50335745001213|784100
39.50335745001213|785100
39.50335745001213|786100
39.50335745001213|787100
39.50335745001213|788100
39.50335745001213|789100
39.50335745001213|790100
39.50335745001213|791100
39.50335745001213|792100
39.50335745001213|793100
39.50335745001213|794100
39.50335745001213|795100
39.50335745001213|796100
39.50335745001213|797100
39.50335745001213|798100
39.50335745001213|799100
39.50335745001213|800100
39.50335745001213|801100
39.50335745001213|802100
39.50335745001213|803100
39.50335745001213|804100
39.50335745001213|805100
39.50335745001213|806100
39.50335745001213|807100
39.50335745001213|808100
39.50335745001213|809100
39.50335745001213|810100
39.50335745001213|811100
39.50335745001213|812100
39.50335745001213|813100
39.50335745001213|814100
39.50335745001213|815100
39.50335745001213|816100
39.50335745001213|817100
39.50335745001213|818100
39.50335745001213|819100
39.50335745001213|820100
39.50335745001213|821100
39.50335745001213|822100
39.50335745001213|823100
39.50335745001213|824100
39.50335745001213|825100
39.50335745001213|826100
39.50335745001213|827100
39.50335745001213|828100
39.50335745001213|829100
39.50335745001213|830100
39.50335745001213|831100
39.50335745001213|832100
39.50335745001213|833100
39.50335745001213|834100
39.50335745001213|835100
39.50335745001213|836100
39.50335745001213|837100
39.50335745001213|838100
39.50335745001213|839100
39.50335745001213|840100
39.50335745001213|841100
39.50335745001213|842100
39.50335745001213|843100
39.50335745001213|844100
39.50335745001213|845100
39.50335745001213|846100
39.50335745001213|847100
39.50335745001213|848100
39.50335745001213|849100
39.50335745001213|850100
39.50335745001213|851100
39.50335745001213|852100
39.50335745001213|853100
39.50335745001213|854100
39.50335745001213|855100
39.50335745001213|856100
39.50335745001213|857100
39.50335745001213|858100
39.50335745001213|859100
39.50335745001213|860100
39.50335745001213|861100
39.50335745001213|862100
39.50335745001213|863100
39.50335745001213|864100
39.50335745001213|865100
39.50335745001213|866100
39.50335745001213|867100
39.50335745001213|868100
39.50335745001213|869100
39.50335745001213|870100
39.50335745001213|871100
39.50335745001213|872100
39.50335745001213|873100
39.50335745001213|874100
39.50335745001213|875100
39.50335745001213|876100
39.50335745001213|877100
39.50335745001213|878100
39.50335745001213|879100
39.50335745001213|880100
39.50335745001213|881100
39.50335745001213|882100
39.50335745001213|883100
39.50335745001213|884100
39.50335745001213|885100
39.50335745001213|886100
39.50335745001213|887100
39.50335745001213|888100
39.50335745001213|889100
39.50335745001213|890100
39.50335745001213|891100
39.50335745001213|892100
39.50335745001213|893100
39.50335745001213|894100
39.50335745001213|895100
39.50335745001213|896100
39.50335745001213|897100
39.50335745001213|898100
39.50335745001213|899100
39.50335745001213|900100
39.50335745001213|901100
39.50335745001213|902100
39.50335745001213|903100
39.50335745001213|904100
39.50335745001213|905100
39.50335745001213|906100
39.503951208927454|907100
39.503951208927454|908100
39.503951208927454|909100
39.503951208927454|910100
39.503951208927454|911100
39.503951208927454|912100
39.503951208927454|913100
39.503951208927454|914100
39.503951208927454|915100
39.503951208927454|916100
39.503951208927454|917100
39.503951208927454|918100
39.503951208927454|919100
39.503951208927454|920100
39.504921764955654|921100
39.5150211888416|922100
39.515021188841615|923100
39.515021188841615|924100
39.515021188841615|925100
39.515021188841615|926100
39.5158869667383|927100
39.5158869667383|928100
39.5158869667383|929100
39.5158869667383|930100
39.5158869667383|931100
39.5158869667383|932100
39.5158869667383|933100
39.51660678544087|934100
39.51660678544087|935100
39.51663701052218|936100
39.51663701052218|937100
39.51663701052218|938100
39.517509444107816|939100
39.517509444107816|940100
39.517509444107816|941100
39.517509444107816|942100
39.52099004384796|943100
39.52099004384796|944100
39.52099004384796|945100
39.52099004384796|946100
39.52099004384796|947100
39.52099004384796|948100
39.52105183776902|949100
39.52105183776902|950100
39.52105183776902|951100
39.52105183776902|952100
39.52105183776902|953100
39.52105183776902|954100
39.52105183776902|955100
39.52105183776902|956100
39.52105183776902|957100
39.52105183776903|958100
39.52105183776903|959100
39.52105183776903|960100
39.52105183776903|961100
39.52105183776903|962100
39.52105183776903|963100
39.52105183776903|964100
39.52105183776903|965100
39.52105183776903|966100
39.52105183776903|967100
39.52105183776903|968100
39.52105183776903|969100
39.52105183776903|970100
39.52105183776903|971100
39.52105183776903|972100
39.52105183776903|973100
39.52105183776903|974100
39.52105183776903|975100
39.52105183776903|976100
39.52105183776903|977100
39.52105183776903|978100
39.52105183776903|979100
39.52105183776903|980100
39.52105183776903|981100
39.52105183776903|982100
39.52105183776903|983100
39.52105183776903|984100
39.52105183776903|985100
39.52105183776903|986100
39.52105183776903|987100
39.52105183776903|988100
39.52105183776903|989100
39.52105183776903|990100
39.52105183776903|991100
39.52105183776903|992100
39.52105183776903|993100
39.52105183776903|994100
39.52105183776903|995100
39.52105183776903|996100
39.52105183776903|997100
39.52105183776903|998100
39.52105183776903|999100
39.52105183776903|1000100
