36.91306391712775|1010
37.966641955819526|2010
38.37645109852931|3010
38.56801353875409|4010
38.75000120719361|5010
38.90300750832927|6010
38.98487738000397|7010
39.06905519034952|8010
39.13332544530361|9010
39.136885628372056|10010
39.16162158927124|11010
39.22395958292703|12010
39.25428671498568|13010
39.28737186920304|14010
39.289884819051274|15010
39.3178967104333|16010
39.330340306849386|17010
39.345948097572936|18010
39.378577828687156|19010
39.378577828687156|20010
39.38566193552735|21010
39.407740482344494|22010
39.415427633517524|23010
39.415427633517524|24010
39.421751941584525|25010
39.42181146894842|26010
39.42181146894842|27010
39.429030686673514|28010
39.429030686673514|29010
39.43020201855968|30010
39.440983151326215|31010
39.44136900280164|32010
39.44588683458274|33010
39.44588683458274|34010
39.448283128164334|35010
39.44828396004947|36010
39.448353810108635|37010
39.449123264181694|38010
39.449123264181694|39010
39.452793529959614|40010
39.452793529959614|41010
39.45395478232413|42010
39.454024632383295|43010
39.46750900095064|44010
39.46750900095064|45010
39.476248023003556|46010
39.476248023003556|47010
39.476248023003556|48010
39.476248023003556|49010
39.476248023003556|50010
39.476248023003556|51010
39.47740927536807|52010
39.47740927536807|53010
39.47740927536807|54010
39.47740927536807|55010
39.47740927536807|56010
39.47740927536807|57010
39.47740927536807|58010
39.47740927536807|59010
39.47740927536807|60010
39.47740927536807|61010
39.47740927536807|62010
39.47740927536807|63010
39.47740927536807|64010
39.47740927536807|65010
39.47740927536807|66010
39.47740927536807|67010
39.47740927536807|68010
39.47740927536807|69010
39.47740927536807|70010
39.47740927536807|71010
39.47740927536807|72010
39.47740927536807|73010
39.47740927536807|74010
39.47740927536807|75010
39.47740927536807|76010
39.47740927536807|77010
39.47740927536807|78010
39.47740927536807|79010
39.47740927536807|80010
39.47740927536807|81010
39.47740927536807|82010
39.47740927536807|83010
39.47740927536807|84010
39.47740927536807|85010
39.47740927536807|86010
39.47740927536807|87010
39.47740927536807|88010
39.47740927536807|89010
39.47740927536807|90010
39.47740927536807|91010
39.47740927536807|92010
39.47740927536807|93010
39.47740927536807|94010
39.47740927536807|95010
39.47740927536807|96010
39.47740927536807|97010
39.47740927536807|98010
39.47740927536807|99010
39.47740927536807|100010
39.47740927536807|101010
39.47740927536807|102010
39.47740927536807|103010
39.47740927536807|104010
39.47740927536807|105010
39.47740927536807|106010
39.47740927536807|107010
39.47740927536807|108010
39.47740927536807|109010
39.47740927536807|110010
39.47740927536807|111010
39.47740927536807|112010
39.47740927536807|113010
39.47740927536807|114010
39.47740927536807|115010
39.47740927536807|116010
39.47740927536807|117010
39.47740927536807|118010
39.47740927536807|119010
39.47740927536807|120010
39.47740927536807|121010
39.47740927536807|122010
39.47740927536807|123010
39.47740927536807|124010
39.47740927536807|125010
39.47740927536807|126010
39.47740927536807|127010
39.47740927536807|128010
39.47740927536807|129010
39.47740927536807|130010
39.47740927536807|131010
39.47740927536807|132010
39.47740927536807|133010
39.47740927536807|134010
39.47740927536807|135010
39.47740927536807|136010
39.47740927536807|137010
39.47740927536807|138010
39.47740927536807|139010
39.47740927536807|140010
39.47740927536807|141010
39.47740927536807|142010
39.47740927536807|143010
39.47740927536807|144010
39.47740927536807|145010
39.47740927536807|146010
39.47740927536807|147010
39.47740927536807|148010
39.47740927536807|149010
39.47740927536807|150010
39.47740927536807|151010
39.47740927536807|152010
39.47740927536807|153010
39.47740927536807|154010
39.47740927536807|155010
39.47740927536807|156010
39.47740927536807|157010
39.47740927536807|158010
39.47740927536807|159010
39.47740927536807|160010
39.47740927536807|161010
39.47740927536807|162010
39.47740927536807|163010
39.47740927536807|164010
39.47740927536807|165010
39.47740927536807|166010
39.47740927536807|167010
39.47740927536807|168010
39.47740927536807|169010
39.47740927536807|170010
39.47740927536807|171010
39.47740927536807|172010
39.47740927536807|173010
39.47740927536807|174010
39.47740927536807|175010
39.47740927536807|176010
39.47740927536807|177010
39.47740927536807|178010
39.47740927536807|179010
39.47740927536807|180010
39.47740927536807|181010
39.47740927536807|182010
39.47740927536807|183010
39.47740927536807|184010
39.47740927536807|185010
39.47740927536807|186010
39.47740927536807|187010
39.47740927536807|188010
39.47740927536807|189010
39.47740927536807|190010
39.47740927536807|191010
39.47740927536807|192010
39.47740927536807|193010
39.47740927536807|194010
39.47740927536807|195010
39.47740927536807|196010
39.47740927536807|197010
39.47740927536807|198010
39.47740927536807|199010
39.47740927536807|200010
39.47740927536807|201010
39.47740927536807|202010
39.47740927536807|203010
39.47740927536807|204010
39.47740927536807|205010
39.47740927536807|206010
39.47740927536807|207010
39.47740927536807|208010
39.47740927536807|209010
39.47740927536807|210010
39.47740927536807|211010
39.47740927536807|212010
39.47740927536807|213010
39.47740927536807|214010
39.47740927536807|215010
39.47740927536807|216010
39.47740927536807|217010
39.47740927536807|218010
39.47740927536807|219010
39.47740927536807|220010
39.47740927536807|221010
39.47740927536807|222010
39.47740927536807|223010
39.47740927536807|224010
39.47740927536807|225010
39.47740927536807|226010
39.47740927536807|227010
39.47740927536807|228010
39.47740927536807|229010
39.48307984236152|230010
39.48307984236153|231010
39.48307984236153|232010
39.48307984236153|233010
39.48307984236153|234010
39.48307984236153|235010
39.48307984236153|236010
39.48307984236153|237010
39.48307984236153|238010
39.48307984236153|239010
39.48307984236153|240010
39.48307984236153|241010
39.48307984236153|242010
39.48307984236153|243010
39.48307984236153|244010
39.48307984236153|245010
39.48307984236153|246010
39.48307984236153|247010
39.48307984236153|248010
39.48307984236153|249010
39.48307984236153|250010
39.48307984236153|251010
39.48307984236153|252010
39.48307984236153|253010
39.48307984236153|254010
39.48307984236153|255010
39.48307984236153|256010
39.48307984236153|257010
39.48307984236153|258010
39.48307984236153|259010
39.48307984236153|260010
39.48307984236153|261010
39.48307984236153|262010
39.48307984236153|263010
39.48307984236153|264010
39.48307984236153|265010
39.48307984236153|266010
39.48307984236153|267010
39.48307984236153|268010
39.48307984236153|269010
39.48307984236153|270010
39.48307984236153|271010
39.48307984236153|272010
39.48307984236153|273010
39.48307984236153|274010
39.48307984236153|275010
39.48307984236154|276010
39.48307984236154|277010
39.48307984236154|278010
39.48307984236154|279010
39.48307984236154|280010
39.48307984236154|281010
39.48307984236154|282010
39.48307984236154|283010
39.48307984236154|284010
39.48307984236154|285010
39.48307984236154|286010
39.48307984236154|287010
39.48307984236154|288010
39.48307984236154|289010
39.48307984236154|290010
39.48307984236154|291010
39.48307984236154|292010
39.48307984236154|293010
39.48307984236154|294010
39.48307984236154|295010
39.48307984236154|296010
39.48307984236154|297010
39.48307984236154|298010
39.48307984236154|299010
39.48307984236154|300010
39.48307984236154|301010
39.48307984236154|302010
39.48307984236154|303010
39.48307984236154|304010
39.48307984236154|305010
39.48307984236154|306010
39.48307984236154|307010
39.48307984236154|308010
39.48307984236154|309010
39.48307984236154|310010
39.48307984236154|311010
39.48307984236154|312010
39.48307984236154|313010
39.48307984236154|314010
39.48307984236154|315010
39.48307984236154|316010
39.48307984236154|317010
39.48307984236154|318010
39.48307984236154|319010
39.48307984236154|320010
39.48307984236154|321010
39.48307984236154|322010
39.48307984236154|323010
39.48307984236154|324010
39.48307984236154|325010
39.48307984236154|326010
39.48307984236154|327010
39.48307984236154|328010
39.48307984236154|329010
39.48307984236154|330010
39.48307984236154|331010
39.48307984236154|332010
39.48307984236154|333010
39.48307984236154|334010
39.48307984236154|335010
39.48307984236154|336010
39.48307984236154|337010
39.48307984236154|338010
39.48307984236154|339010
39.48307984236154|340010
39.48307984236154|341010
39.48307984236154|342010
39.48307984236154|343010
39.48307984236154|344010
39.48307984236154|345010
39.48307984236154|346010
39.48307984236154|347010
39.48307984236154|348010
39.48307984236154|349010
39.48307984236154|350010
39.48307984236154|351010
39.48307984236154|352010
39.48307984236154|353010
39.48307984236154|354010
39.48307984236154|355010
39.48307984236154|356010
39.48307984236154|357010
39.48307984236154|358010
39.48307984236154|359010
39.48307984236154|360010
39.48307984236154|361010
39.48307984236154|362010
39.48307984236154|363010
39.48307984236154|364010
39.48307984236154|365010
39.48307984236154|366010
39.48307984236154|367010
39.48307984236154|368010
39.48307984236154|369010
39.48307984236154|370010
39.48307984236154|371010
39.48307984236154|372010
39.48307984236154|373010
39.48307984236154|374010
39.48307984236154|375010
39.48307984236154|376010
39.48307984236154|377010
39.48307984236154|378010
39.48307984236154|379010
39.48307984236154|380010
39.48307984236154|381010
39.48307984236154|382010
39.48307984236154|383010
39.48307984236154|384010
39.48307984236154|385010
39.48307984236154|386010
39.48307984236154|387010
39.48307984236154|388010
39.48307984236154|389010
39.48307984236154|390010
39.48307984236154|391010
39.48307984236154|392010
39.48307984236154|393010
39.48307984236154|394010
39.48307984236154|395010
39.48307984236154|396010
39.48307984236154|397010
39.48307984236154|398010
39.48307984236154|399010
39.48307984236154|400010
39.48307984236154|401010
39.48307984236154|402010
39.48307984236154|403010
39.48307984236154|404010
39.48307984236154|405010
39.48307984236154|406010
39.48307984236154|407010
39.48307984236154|408010
39.48307984236154|409010
39.48307984236154|410010
39.48307984236154|411010
39.48307984236154|412010
39.48307984236154|413010
39.48307984236154|414010
39.48307984236154|415010
39.48307984236154|416010
39.48307984236154|417010
39.48307984236154|418010
39.48307984236154|419010
39.48307984236154|420010
39.48307984236154|421010
39.48307984236154|422010
39.48307984236154|423010
39.48307984236154|424010
39.48307984236154|425010
39.48307984236154|426010
39.48307984236154|427010
39.48307984236154|428010
39.48307984236154|429010
39.48307984236154|430010
39.48307984236154|431010
39.48307984236154|432010
39.48307984236154|433010
39.48307984236154|434010
39.48307984236154|435010
39.48307984236154|436010
39.48307984236154|437010
39.48307984236154|438010
39.48307984236154|439010
39.48307984236154|440010
39.48307984236154|441010
39.48307984236154|442010
39.48307984236154|443010
39.48307984236154|444010
39.48307984236154|445010
39.48307984236154|446010
39.48307984236154|447010
39.48307984236154|448010
39.48307984236154|449010
39.48307984236154|450010
39.48307984236154|451010
39.48307984236154|452010
39.48307984236154|453010
39.48307984236154|454010
39.48307984236154|455010
39.48307984236154|456010
39.48307984236154|457010
39.48307984236154|458010
39.48307984236154|459010
39.48307984236154|460010
39.48307984236154|461010
39.48307984236154|462010
39.48307984236154|463010
39.48307984236154|464010
39.48307984236154|465010
39.48307984236154|466010
39.48307984236154|467010
39.48307984236154|468010
39.48307984236154|469010
39.48307984236154|470010
39.48307984236154|471010
39.48307984236154|472010
39.48307984236154|473010
39.48307984236154|474010
39.48307984236154|475010
39.48307984236154|476010
39.48307984236154|477010
39.48307984236154|478010
39.48307984236154|479010
39.48307984236154|480010
39.48307984236154|481010
39.48307984236154|482010
39.48307984236154|483010
39.48307984236154|484010
39.48307984236154|485010
39.48307984236154|486010
39.48307984236154|487010
39.48307984236154|488010
39.48307984236154|489010
39.48307984236154|490010
39.48307984236154|491010
39.48307984236154|492010
39.48307984236154|493010
39.48307984236154|494010
39.48307984236154|495010
39.48307984236154|496010
39.48307984236154|497010
39.48307984236154|498010
39.48307984236154|499010
39.48307984236154|500010
39.48307984236154|501010
39.48307984236154|502010
39.48307984236154|503010
39.48307984236154|504010
39.48307984236154|505010
39.48307984236154|506010
39.48307984236154|507010
39.48307984236154|508010
39.48307984236154|509010
39.48307984236154|510010
39.48307984236154|511010
39.48307984236154|512010
39.48307984236154|513010
39.48307984236154|514010
39.48307984236154|515010
39.48307984236154|516010
39.48307984236154|517010
39.48307984236154|518010
39.48307984236154|519010
39.48307984236154|520010
39.48307984236154|521010
39.48307984236154|522010
39.48307984236154|523010
39.48307984236154|524010
39.48307984236154|525010
39.48307984236154|526010
39.48307984236154|527010
39.48307984236154|528010
39.48307984236154|529010
39.48307984236154|530010
39.48307984236154|531010
39.48307984236154|532010
39.48307984236154|533010
39.48307984236154|534010
39.48307984236154|535010
39.48307984236154|536010
39.48307984236154|537010
39.48307984236154|538010
39.48307984236154|539010
39.48307984236154|540010
39.48307984236154|541010
39.48307984236154|542010
39.48307984236154|543010
39.48307984236154|544010
39.48307984236154|545010
39.48307984236154|546010
39.48307984236154|547010
39.48307984236154|548010
39.48307984236154|549010
39.48307984236154|550010
39.48307984236154|551010
39.48307984236154|552010
39.48307984236154|553010
39.48307984236154|554010
39.48307984236154|555010
39.48307984236154|556010
39.48307984236154|557010
39.48307984236154|558010
39.48307984236154|559010
39.48307984236154|560010
39.48307984236154|561010
39.48307984236154|562010
39.48307984236154|563010
39.48307984236154|564010
39.48307984236154|565010
39.48307984236154|566010
39.48307984236154|567010
39.48307984236154|568010
39.48307984236154|569010
39.48307984236154|570010
39.48307984236154|571010
39.48307984236154|572010
39.48307984236154|573010
39.48307984236154|574010
39.48307984236154|575010
39.48307984236154|576010
39.48307984236154|577010
39.48307984236154|578010
39.48307984236154|579010
39.48307984236154|580010
39.48307984236154|581010
39.48307984236154|582010
39.48307984236154|583010
39.48307984236154|584010
39.48307984236154|585010
39.48307984236154|586010
39.48307984236154|587010
39.48307984236154|588010
39.48307984236154|589010
39.48307984236154|590010
39.48307984236154|591010
39.48307984236154|592010
39.48307984236154|593010
39.48307984236154|594010
39.48307984236154|595010
39.48307984236154|596010
39.48307984236154|597010
39.48307984236154|598010
39.48307984236154|599010
39.48307984236154|600010
39.48307984236154|601010
39.48307984236154|602010
39.48307984236154|603010
39.48307984236154|604010
39.48307984236154|605010
39.48307984236154|606010
39.48307984236154|607010
39.48307984236154|608010
39.48307984236154|609010
39.48307984236154|610010
39.48307984236154|611010
39.48307984236154|612010
39.48307984236154|613010
39.48307984236154|614010
39.48307984236154|615010
39.48307984236154|616010
39.48307984236154|617010
39.48307984236154|618010
39.48307984236154|619010
39.48307984236154|620010
39.48307984236154|621010
39.48307984236154|622010
39.48307984236154|623010
39.48307984236154|624010
39.48307984236154|625010
39.48307984236154|626010
39.48307984236154|627010
39.48307984236154|628010
39.48307984236154|629010
39.48307984236154|630010
39.48307984236154|631010
39.48307984236154|632010
39.48307984236154|633010
39.48307984236154|634010
39.48307984236154|635010
39.48307984236154|636010
39.48307984236154|637010
39.48307984236154|638010
39.48307984236154|639010
39.48307984236154|640010
39.48307984236154|641010
39.48307984236154|642010
39.48307984236154|643010
39.48307984236154|644010
39.48307984236154|645010
39.48307984236154|646010
39.48307984236154|647010
39.48307984236154|648010
39.48307984236154|649010
39.48307984236154|650010
39.48307984236154|651010
39.48307984236154|652010
39.48307984236154|653010
39.48307984236154|654010
39.48307984236154|655010
39.48307984236154|656010
39.48307984236154|657010
39.48307984236154|658010
39.48307984236154|659010
39.48307984236154|660010
39.48307984236154|661010
39.48307984236154|662010
39.48307984236154|663010
39.48307984236154|664010
39.48307984236154|665010
39.48307984236154|666010
39.48307984236154|667010
39.48307984236154|668010
39.48307984236154|669010
39.48307984236154|670010
39.48307984236154|671010
39.48307984236154|672010
39.48307984236154|673010
39.48307984236154|674010
39.48307984236154|675010
39.48307984236154|676010
39.48307984236154|677010
39.48307984236154|678010
39.48307984236154|679010
39.48307984236154|680010
39.48307984236154|681010
39.48307984236154|682010
39.48307984236154|683010
39.48307984236154|684010
39.48307984236154|685010
39.48307984236154|686010
39.48307984236154|687010
39.48307984236154|688010
39.48307984236154|689010
39.48307984236154|690010
39.48307984236154|691010
39.48307984236154|692010
39.48307984236154|693010
39.48307984236154|694010
39.48307984236154|695010
39.48307984236154|696010
39.48307984236154|697010
39.48307984236154|698010
39.48307984236154|699010
39.48307984236154|700010
39.48307984236154|701010
39.48307984236154|702010
39.48307984236154|703010
39.48307984236154|704010
39.48307984236154|705010
39.48307984236154|706010
39.48307984236154|707010
39.48307984236154|708010
39.48307984236154|709010
39.48307984236154|710010
39.48307984236154|711010
39.48307984236154|712010
39.48307984236154|713010
39.48307984236154|714010
39.48307984236154|715010
39.48307984236154|716010
39.48307984236154|717010
39.48307984236154|718010
39.48307984236154|719010
39.48307984236154|720010
39.48307984236154|721010
39.48307984236154|722010
39.48307984236154|723010
39.48307984236154|724010
39.48307984236154|725010
39.48307984236154|726010
39.48307984236154|727010
39.48307984236154|728010
39.48307984236154|729010
39.48307984236154|730010
39.48307984236154|731010
39.48307984236154|732010
39.48307984236154|733010
39.48307984236154|734010
39.48307984236154|735010
39.48307984236154|736010
39.48307984236154|737010
39.48307984236154|738010
39.48307984236154|739010
39.48307984236154|740010
39.48307984236154|741010
39.48307984236154|742010
39.48307984236154|743010
39.48307984236154|744010
39.48307984236154|745010
39.48307984236154|746010
39.48307984236154|747010
39.48307984236154|748010
39.48307984236154|749010
39.48307984236154|750010
39.48307984236154|751010
39.48307984236154|752010
39.48307984236154|753010
39.48307984236154|754010
39.48307984236154|755010
39.48307984236154|756010
39.48307984236154|757010
39.48307984236154|758010
39.48307984236154|759010
39.48307984236154|760010
39.48307984236154|761010
39.48307984236154|762010
39.48307984236154|763010
39.48307984236154|764010
39.48307984236154|765010
39.48307984236154|766010
39.48307984236154|767010
39.48307984236154|768010
39.48307984236154|769010
39.48307984236154|770010
39.48307984236154|771010
39.48307984236154|772010
39.48307984236154|773010
39.48307984236154|774010
39.48307984236154|775010
39.48307984236154|776010
39.48307984236154|777010
39.48307984236154|778010
39.48307984236154|779010
39.48692370905298|780010
39.48875314215385|781010
39.48909629446515|782010
39.489309209726905|783010
39.489309209726905|784010
39.489309209726905|785010
39.49009971065312|786010
39.49080260958035|787010
39.49080260958035|788010
39.49209614304586|789010
39.49490592462559|790010
39.49490592462559|791010
39.49490592462559|792010
39.49490592462559|793010
39.49490592462559|794010
39.49490592462559|795010
39.49490592462559|796010
39.49490592462559|797010
39.49490592462559|798010
39.49490592462559|799010
39.49490592462559|800010
39.49490592462559|801010
39.49490592462559|802010
39.49490592462559|803010
39.49490592462559|804010
39.49490592462559|805010
39.49490592462559|806010
39.49490592462559|807010
39.49490592462559|808010
39.49490592462559|809010
39.49490592462559|810010
39.49490592462559|811010
39.49490592462559|812010
39.49490592462559|813010
39.49490592462559|814010
39.49490592462559|815010
39.49490592462559|816010
39.49490592462559|817010
39.49490592462559|818010
39.49490592462559|819010
39.49490592462559|820010
39.49490592462559|821010
39.49490592462559|822010
39.49490592462559|823010
39.49490592462559|824010
39.49490592462559|825010
39.49490592462559|826010
39.49490592462559|827010
39.49490592462559|828010
39.49490592462559|829010
39.49490592462559|830010
39.49490592462559|831010
39.49490592462559|832010
39.49490592462559|833010
39.49490592462559|834010
39.49490592462559|835010
39.49490592462559|836010
39.49490592462559|837010
39.49490592462559|838010
39.49490592462559|839010
39.49490592462559|840010
39.49490592462559|841010
39.49490592462559|842010
39.49490592462559|843010
39.49490592462559|844010
39.49490592462559|845010
39.49490592462559|846010
39.49490592462559|847010
39.49490592462559|848010
39.49490592462559|849010
39.49490592462559|850010
39.49490592462559|851010
39.49490592462559|852010
39.49490592462559|853010
39.49490592462559|854010
39.49490592462559|855010
39.49490592462559|856010
39.49490592462559|857010
39.49490592462559|858010
39.49490592462559|859010
39.49490592462559|860010
39.49490592462559|861010
39.49490592462559|862010
39.49490592462559|863010
39.49490592462559|864010
39.49490592462559|865010
39.49490592462559|866010
39.49490592462559|867010
39.49490592462559|868010
39.49490592462559|869010
39.49490592462559|870010
39.49490592462559|871010
39.49490592462559|872010
39.49490592462559|873010
39.49490592462559|874010
39.49490592462559|875010
39.49490592462559|876010
39.49490592462559|877010
39.49490592462559|878010
39.49490592462559|879010
39.49490592462559|880010
39.49490592462559|881010
39.49490592462559|882010
39.49490592462559|883010
39.49490592462559|884010
39.49490592462559|885010
39.49490592462559|886010
39.49490592462559|887010
39.49490592462559|888010
39.49490592462559|889010
39.49490592462559|890010
39.49490592462559|891010
39.49490592462559|892010
39.49490592462559|893010
39.49490592462559|894010
39.49490592462559|895010
39.49490592462559|896010
39.49490592462559|897010
39.49490592462559|898010
39.49490592462559|899010
39.49490592462559|900010
39.49490592462559|901010
39.49490592462559|902010
39.49490592462559|903010
39.49490592462559|904010
39.49490592462559|905010
39.49490592462559|906010
39.49490592462559|907010
39.49490592462559|908010
39.49490592462559|909010
39.49490592462559|910010
39.49490592462559|911010
39.49490592462559|912010
39.49490592462559|913010
39.49490592462559|914010
39.49490592462559|915010
39.49490592462559|916010
39.49490592462559|917010
39.49490592462559|918010
39.49490592462559|919010
39.49490592462559|920010
39.49490592462559|921010
39.49490592462559|922010
39.49490592462559|923010
39.49490592462559|924010
39.49490592462559|925010
39.49490592462559|926010
39.49490592462559|927010
39.49490592462559|928010
39.49490592462559|929010
39.49490592462559|930010
39.49490592462559|931010
39.49490592462559|932010
39.49490592462559|933010
39.49490592462559|934010
39.49490592462559|935010
39.49490592462559|936010
39.49490592462559|937010
39.49490592462559|938010
39.49490592462559|939010
39.49490592462559|940010
39.49490592462559|941010
39.49490592462559|942010
39.49490592462559|943010
39.49490592462559|944010
39.49490592462559|945010
39.49490592462559|946010
39.49490592462559|947010
39.49490592462559|948010
39.49490592462559|949010
39.49490592462559|950010
39.49490592462559|951010
39.49490592462559|952010
39.49490592462559|953010
39.49490592462559|954010
39.49490592462559|955010
39.49490592462559|956010
39.49490592462559|957010
39.49490592462559|958010
39.49490592462559|959010
39.49490592462559|960010
39.49490592462559|961010
39.49490592462559|962010
39.49490592462559|963010
39.49490592462559|964010
39.49490592462559|965010
39.49490592462559|966010
39.49490592462559|967010
39.49490592462559|968010
39.49490592462559|969010
39.49490592462559|970010
39.49490592462559|971010
39.49490592462559|972010
39.49490592462559|973010
39.49490592462559|974010
39.49490592462559|975010
39.49490592462559|976010
39.49490592462559|977010
39.49490592462559|978010
39.49490592462559|979010
39.49490592462559|980010
39.49490592462559|981010
39.49490592462559|982010
39.49490592462559|983010
39.49490592462559|984010
39.49490592462559|985010
39.49490592462559|986010
39.49490592462559|987010
39.49490592462559|988010
39.49490592462559|989010
39.49490592462559|990010
39.49490592462559|991010
39.49490592462559|992010
39.49490592462559|993010
39.49490592462559|994010
39.49490592462559|995010
39.49490592462559|996010
39.49490592462559|997010
39.49490592462559|998010
39.49490592462559|999010
39.49490592462559|1000010
