32.44989882351627|2000
32.44989882351627|3000
32.679444209724714|4000
33.340827447096196|5000
33.340827447096196|6000
33.43412036561453|7000
33.543627289720696|8000
33.543627289720696|9000
33.543627289720696|10000
33.543627289720696|11000
33.63951464095138|12000
33.63951464095138|13000
33.63951464095138|14000
34.85695744930331|15000
34.85695744930331|16000
34.85695744930331|17000
34.85695744930331|18000
34.85695744930331|19000
34.85695744930331|20000
34.85695744930331|21000
34.85695744930331|22000
34.85695744930331|23000
34.85695744930331|24000
34.85695744930331|25000
34.85695744930331|26000
34.85695744930331|27000
34.86648601170646|28000
34.86648601170646|29000
34.86648601170646|30000
34.86648601170646|31000
34.86648601170646|32000
34.86648601170646|33000
34.86648601170646|34000
34.86648601170646|35000
34.86648601170646|36000
34.884079100166865|37000
34.884079100166865|38000
34.884079100166865|39000
34.884079100166865|40000
34.884079100166865|41000
34.884079100166865|42000
34.884079100166865|43000
34.885669226383456|44000
35.497192997919534|45000
35.497192997919534|46000
35.497192997919534|47000
35.497192997919534|48000
35.497192997919534|49000
35.497192997919534|50000
35.497192997919534|51000
35.497192997919534|52000
35.497192997919534|53000
35.497192997919534|54000
35.497192997919534|55000
35.497192997919534|56000
35.497192997919534|57000
35.497192997919534|58000
35.497192997919534|59000
35.497192997919534|60000
35.497192997919534|61000
35.497192997919534|62000
35.497192997919534|63000
35.497192997919534|64000
35.497192997919534|65000
35.497192997919534|66000
35.497192997919534|67000
35.497192997919534|68000
35.497192997919534|69000
35.497192997919534|70000
35.497192997919534|71000
35.497192997919534|72000
35.497192997919534|73000
35.497192997919534|74000
35.497192997919534|75000
35.497192997919534|76000
35.497192997919534|77000
35.497192997919534|78000
35.497192997919534|79000
35.497192997919534|80000
35.497192997919534|81000
35.497192997919534|82000
35.497192997919534|83000
35.497192997919534|84000
35.497192997919534|85000
35.497192997919534|86000
35.497192997919534|87000
35.497192997919534|88000
35.497192997919534|89000
35.70171703818055|90000
35.70171703818055|91000
35.70171703818055|92000
35.70171703818055|93000
35.70171703818055|94000
35.70171703818055|95000
35.70171703818055|96000
35.70171703818055|97000
35.70171703818055|98000
35.70171703818055|99000
35.70171703818055|100000
35.70171703818055|101000
35.70171703818055|102000
35.70171703818055|103000
35.70171703818055|104000
35.70171703818055|105000
35.70171703818055|106000
35.70171703818055|107000
35.70171703818055|108000
35.70171703818055|109000
35.70171703818055|110000
35.70171703818055|111000
35.70171703818055|112000
35.70171703818055|113000
35.70171703818055|114000
35.7784788916164|115000
35.7784788916164|116000
35.7784788916164|117000
35.7784788916164|118000
35.7784788916164|119000
35.7784788916164|120000
35.7784788916164|121000
35.7784788916164|122000
35.7784788916164|123000
35.7784788916164|124000
35.7784788916164|125000
35.7784788916164|126000
35.7784788916164|127000
35.7784788916164|128000
35.7784788916164|129000
35.7784788916164|130000
35.7784788916164|131000
35.7784788916164|132000
35.7784788916164|133000
36.04073183513239|134000
36.04073183513239|135000
36.04073183513239|136000
36.04073183513239|137000
36.04073183513239|138000
36.04073183513239|139000
36.04073183513239|140000
36.04073183513239|141000
36.04073183513239|142000
36.04073183513239|143000
36.04073183513239|144000
36.04073183513239|145000
36.04073183513239|146000
36.04073183513239|147000
36.04073183513239|148000
36.04073183513239|149000
36.04073183513239|150000
36.04073183513239|151000
36.04073183513239|152000
36.04073183513239|153000
36.04073183513239|154000
36.04073183513239|155000
36.04073183513239|156000
36.04073183513239|157000
36.04073183513239|158000
36.04073183513239|159000
36.04073183513239|160000
36.04073183513239|161000
36.04073183513239|162000
36.04073183513239|163000
36.04073183513239|164000
36.04073183513239|165000
36.04073183513239|166000
36.04073183513239|167000
36.04073183513239|168000
36.04073183513239|169000
36.04073183513239|170000
36.04073183513239|171000
36.04073183513239|172000
36.04073183513239|173000
36.04073183513239|174000
36.04073183513239|175000
36.04073183513239|176000
36.04073183513239|177000
36.04073183513239|178000
36.04073183513239|179000
36.04073183513239|180000
36.04073183513239|181000
36.04073183513239|182000
36.04073183513239|183000
36.04073183513239|184000
36.04073183513239|185000
36.04073183513239|186000
36.04073183513239|187000
36.04073183513239|188000
36.04073183513239|189000
36.04073183513239|190000
36.04073183513239|191000
36.04073183513239|192000
36.04073183513239|193000
36.04073183513239|194000
36.04073183513239|195000
36.04073183513239|196000
36.04073183513239|197000
36.04073183513239|198000
36.04073183513239|199000
36.04073183513239|200000
36.04073183513239|201000
36.04073183513239|202000
36.04073183513239|203000
36.04073183513239|204000
36.04073183513239|205000
36.04073183513239|206000
36.281422739133504|207000
36.281422739133504|208000
36.281422739133504|209000
36.281422739133504|210000
36.281422739133504|211000
36.281422739133504|212000
36.281422739133504|213000
36.281422739133504|214000
36.281422739133504|215000
36.281422739133504|216000
36.281422739133504|217000
36.281422739133504|218000
36.281422739133504|219000
36.281422739133504|220000
36.281422739133504|221000
36.281422739133504|222000
36.281422739133504|223000
36.281422739133504|224000
36.281422739133504|225000
36.281422739133504|226000
36.281422739133504|227000
36.281422739133504|228000
36.281422739133504|229000
36.281422739133504|230000
36.281422739133504|231000
36.281422739133504|232000
36.281422739133504|233000
36.281422739133504|234000
36.281422739133504|235000
36.281422739133504|236000
36.281422739133504|237000
36.281422739133504|238000
36.281422739133504|239000
36.281422739133504|240000
36.281422739133504|241000
36.281422739133504|242000
36.281422739133504|243000
36.281422739133504|244000
36.281422739133504|245000
36.281422739133504|246000
36.281422739133504|247000
36.281422739133504|248000
36.281422739133504|249000
36.281422739133504|250000
36.281422739133504|251000
36.281422739133504|252000
36.281422739133504|253000
36.281422739133504|254000
36.281422739133504|255000
36.281422739133504|256000
36.281422739133504|257000
36.281422739133504|258000
36.281422739133504|259000
36.281422739133504|260000
36.281422739133504|261000
36.281422739133504|262000
36.281422739133504|263000
36.281422739133504|264000
36.281422739133504|265000
36.281422739133504|266000
36.465407289117344|267000
36.465407289117344|268000
36.465407289117344|269000
36.465407289117344|270000
36.465407289117344|271000
36.465407289117344|272000
36.465407289117344|273000
36.465407289117344|274000
36.465407289117344|275000
36.465407289117344|276000
36.465407289117344|277000
36.465407289117344|278000
36.465407289117344|279000
36.465407289117344|280000
36.465407289117344|281000
36.465407289117344|282000
36.465407289117344|283000
36.465407289117344|284000
36.465407289117344|285000
36.465407289117344|286000
36.465407289117344|287000
36.465407289117344|288000
36.465407289117344|289000
36.465407289117344|290000
36.465407289117344|291000
36.465407289117344|292000
36.465407289117344|293000
36.465407289117344|294000
36.465407289117344|295000
36.465407289117344|296000
36.465407289117344|297000
36.55279642001751|298000
36.55279642001751|299000
36.55279642001751|300000
36.55279642001751|301000
36.55279642001751|302000
36.55279642001751|303000
36.55279642001751|304000
36.55279642001751|305000
36.55279642001751|306000
36.55279642001751|307000
36.55279642001751|308000
36.55279642001751|309000
36.55279642001751|310000
36.55279642001751|311000
36.55279642001751|312000
36.55279642001751|313000
36.55279642001751|314000
36.55279642001751|315000
36.55279642001751|316000
36.55279642001751|317000
36.55279642001751|318000
36.55279642001751|319000
36.55279642001751|320000
36.55279642001751|321000
36.55279642001751|322000
36.55279642001751|323000
36.55279642001751|324000
36.55279642001751|325000
36.55279642001751|326000
36.55279642001751|327000
36.55279642001751|328000
36.55279642001751|329000
36.55279642001751|330000
36.7902371770244|331000
36.7902371770244|332000
36.7902371770244|333000
36.7902371770244|334000
36.7902371770244|335000
36.7902371770244|336000
36.7902371770244|337000
36.7902371770244|338000
36.7902371770244|339000
36.7902371770244|340000
36.7902371770244|341000
36.7902371770244|342000
36.7902371770244|343000
36.7902371770244|344000
36.7902371770244|345000
36.7902371770244|346000
36.7902371770244|347000
36.7902371770244|348000
36.7902371770244|349000
36.7902371770244|350000
36.7902371770244|351000
36.7902371770244|352000
36.7902371770244|353000
36.7902371770244|354000
36.7902371770244|355000
36.7902371770244|356000
36.7902371770244|357000
36.7902371770244|358000
36.7902371770244|359000
36.7902371770244|360000
36.7902371770244|361000
36.7902371770244|362000
36.7902371770244|363000
36.7902371770244|364000
36.7902371770244|365000
36.7902371770244|366000
36.7902371770244|367000
36.7902371770244|368000
36.7902371770244|369000
36.7902371770244|370000
36.7902371770244|371000
36.7902371770244|372000
36.7902371770244|373000
36.7902371770244|374000
36.7902371770244|375000
36.7902371770244|376000
36.7902371770244|377000
36.7902371770244|378000
36.7902371770244|379000
36.7902371770244|380000
36.7902371770244|381000
36.7902371770244|382000
36.7902371770244|383000
36.7902371770244|384000
36.7902371770244|385000
36.7902371770244|386000
36.7902371770244|387000
36.7902371770244|388000
36.7902371770244|389000
36.7902371770244|390000
36.7902371770244|391000
36.7902371770244|392000
36.7902371770244|393000
36.7902371770244|394000
36.7902371770244|395000
36.7902371770244|396000
36.7902371770244|397000
36.7902371770244|398000
36.7902371770244|399000
36.7902371770244|400000
36.7902371770244|401000
36.7902371770244|402000
36.7902371770244|403000
36.7902371770244|404000
36.7902371770244|405000
36.7902371770244|406000
36.7902371770244|407000
36.7902371770244|408000
36.7902371770244|409000
36.7902371770244|410000
36.7902371770244|411000
36.7902371770244|412000
36.7902371770244|413000
36.7902371770244|414000
36.7902371770244|415000
36.7902371770244|416000
36.7902371770244|417000
36.7902371770244|418000
36.7902371770244|419000
36.7902371770244|420000
36.7902371770244|421000
36.7902371770244|422000
36.7902371770244|423000
36.7902371770244|424000
36.7902371770244|425000
36.7902371770244|426000
36.7902371770244|427000
36.7902371770244|428000
36.7902371770244|429000
36.7902371770244|430000
36.7902371770244|431000
36.7902371770244|432000
36.7902371770244|433000
36.7902371770244|434000
36.7902371770244|435000
36.7902371770244|436000
36.7902371770244|437000
36.7902371770244|438000
36.7902371770244|439000
36.7902371770244|440000
36.7902371770244|441000
36.7902371770244|442000
36.7902371770244|443000
36.7902371770244|444000
36.7902371770244|445000
36.7902371770244|446000
36.7902371770244|447000
36.7902371770244|448000
36.7902371770244|449000
36.7902371770244|450000
36.7902371770244|451000
36.7902371770244|452000
36.7902371770244|453000
36.7902371770244|454000
36.823091791897596|455000
36.823091791897596|456000
36.823091791897596|457000
36.823091791897596|458000
36.823091791897596|459000
36.823091791897596|460000
36.823091791897596|461000
36.823091791897596|462000
36.823091791897596|463000
36.823091791897596|464000
36.823091791897596|465000
36.823091791897596|466000
36.823091791897596|467000
36.823091791897596|468000
36.823091791897596|469000
36.823091791897596|470000
36.823091791897596|471000
36.823091791897596|472000
36.823091791897596|473000
36.823091791897596|474000
36.823091791897596|475000
36.823091791897596|476000
36.823091791897596|477000
36.823091791897596|478000
36.823091791897596|479000
36.823091791897596|480000
36.823091791897596|481000
36.823091791897596|482000
36.823091791897596|483000
36.823091791897596|484000
36.823091791897596|485000
36.823091791897596|486000
36.823091791897596|487000
36.823091791897596|488000
36.823091791897596|489000
36.823091791897596|490000
36.823091791897596|491000
36.823091791897596|492000
36.823091791897596|493000
36.823091791897596|494000
36.823091791897596|495000
36.823091791897596|496000
36.823091791897596|497000
36.823091791897596|498000
36.823091791897596|499000
36.823091791897596|500000
36.823091791897596|501000
36.823091791897596|502000
36.823091791897596|503000
36.823091791897596|504000
36.823091791897596|505000
36.823091791897596|506000
36.823091791897596|507000
36.823091791897596|508000
36.8595008107281|509000
36.8595008107281|510000
36.8595008107281|511000
36.8595008107281|512000
36.8595008107281|513000
36.8595008107281|514000
37.159956085162655|515000
37.159956085162655|516000
37.159956085162655|517000
37.159956085162655|518000
37.159956085162655|519000
37.159956085162655|520000
37.159956085162655|521000
37.159956085162655|522000
37.159956085162655|523000
37.159956085162655|524000
37.159956085162655|525000
37.159956085162655|526000
37.159956085162655|527000
37.159956085162655|528000
37.159956085162655|529000
37.159956085162655|530000
37.159956085162655|531000
37.159956085162655|532000
37.159956085162655|533000
37.159956085162655|534000
37.159956085162655|535000
37.159956085162655|536000
37.159956085162655|537000
37.159956085162655|538000
37.159956085162655|539000
37.159956085162655|540000
37.159956085162655|541000
37.159956085162655|542000
37.159956085162655|543000
37.159956085162655|544000
37.159956085162655|545000
37.159956085162655|546000
37.159956085162655|547000
37.159956085162655|548000
37.159956085162655|549000
37.159956085162655|550000
37.159956085162655|551000
37.159956085162655|552000
37.159956085162655|553000
37.159956085162655|554000
37.159956085162655|555000
37.159956085162655|556000
37.159956085162655|557000
37.159956085162655|558000
37.159956085162655|559000
37.159956085162655|560000
37.159956085162655|561000
37.159956085162655|562000
37.159956085162655|563000
37.159956085162655|564000
37.159956085162655|565000
37.159956085162655|566000
37.159956085162655|567000
37.159956085162655|568000
37.159956085162655|569000
37.159956085162655|570000
37.159956085162655|571000
37.159956085162655|572000
37.159956085162655|573000
37.159956085162655|574000
37.159956085162655|575000
37.159956085162655|576000
37.159956085162655|577000
37.159956085162655|578000
37.159956085162655|579000
37.159956085162655|580000
37.159956085162655|581000
37.159956085162655|582000
37.159956085162655|583000
37.159956085162655|584000
37.159956085162655|585000
37.159956085162655|586000
37.159956085162655|587000
37.159956085162655|588000
37.159956085162655|589000
37.313136145367224|590000
37.313136145367224|591000
37.313136145367224|592000
37.313136145367224|593000
37.313136145367224|594000
37.313136145367224|595000
37.35376275705464|596000
37.35376275705464|597000
37.35376275705464|598000
37.35376275705464|599000
37.35376275705464|600000
37.35376275705464|601000
37.35376275705464|602000
37.47300516738345|603000
37.47300516738345|604000
37.47300516738345|605000
37.47300516738345|606000
37.47300516738345|607000
37.47300516738345|608000
37.47300516738345|609000
37.47300516738345|610000
37.47300516738345|611000
37.47300516738345|612000
37.47300516738345|613000
37.47300516738345|614000
37.47300516738345|615000
37.47300516738345|616000
37.47300516738345|617000
37.47300516738345|618000
37.47300516738345|619000
37.491984655212704|620000
37.491984655212704|621000
37.50950356109531|622000
37.50950356109531|623000
37.70519460589952|624000
37.93946260864195|625000
37.93946260864195|626000
37.93946260864195|627000
37.93946260864195|628000
38.057476712669775|629000
38.057476712669775|630000
38.057476712669775|631000
38.057476712669775|632000
38.057476712669775|633000
38.057476712669775|634000
38.057476712669775|635000
38.057476712669775|636000
38.057476712669775|637000
38.057476712669775|638000
38.057476712669775|639000
38.057476712669775|640000
38.057476712669775|641000
38.057476712669775|642000
38.057476712669775|643000
38.057476712669775|644000
38.057476712669775|645000
38.057476712669775|646000
38.057476712669775|647000
38.08578516210063|648000
38.08578516210063|649000
38.08578516210063|650000
38.09234193515906|651000
38.09234193515906|652000
38.09234193515906|653000
38.09234193515906|654000
38.11783793164441|655000
38.1207662473467|656000
38.148932365272174|657000
38.148932365272174|658000
38.148932365272174|659000
38.161868198134464|660000
38.161868198134464|661000
38.189721000138746|662000
38.189721000138746|663000
38.20349268752217|664000
38.38823263402917|665000
38.38823263402917|666000
38.38823263402917|667000
38.38823263402917|668000
38.38823263402917|669000
38.38823263402917|670000
38.38823263402917|671000
38.38823263402917|672000
38.38823263402917|673000
38.38823263402917|674000
38.38823263402917|675000
38.38823263402917|676000
38.38823263402917|677000
38.38823263402917|678000
38.38823263402917|679000
38.38823263402917|680000
38.38823263402917|681000
38.38823263402917|682000
38.38823263402917|683000
38.38823263402917|684000
38.38823263402917|685000
38.38823263402917|686000
38.38823263402917|687000
38.38823263402917|688000
38.38823263402917|689000
38.38823263402917|690000
38.38823263402917|691000
38.38823263402917|692000
38.38823263402917|693000
38.38823263402917|694000
38.38823263402917|695000
38.38823263402917|696000
38.38823263402917|697000
38.479235392213|698000
38.479235392213|699000
38.479235392213|700000
38.479235392213|701000
38.479235392213|702000
38.479235392213|703000
38.479235392213|704000
38.479235392213|705000
38.479235392213|706000
38.479235392213|707000
38.479235392213|708000
38.479235392213|709000
38.48327361624658|710000
38.48327361624658|711000
38.48327361624658|712000
38.48487667478022|713000
38.48487667478022|714000
38.56103236273368|715000
38.56103236273368|716000
38.56103236273368|717000
38.56103236273368|718000
38.56103236273368|719000
38.58979595910367|720000
38.58979595910367|721000
38.58979595910367|722000
38.58979595910367|723000
38.58979595910367|724000
38.58979595910367|725000
38.58979595910367|726000
38.58979595910367|727000
38.58979595910367|728000
38.58979595910367|729000
38.58979595910367|730000
38.58979595910367|731000
38.58979595910367|732000
38.58979595910367|733000
38.58979595910367|734000
38.58979595910367|735000
38.58979595910367|736000
38.58979595910367|737000
38.58979595910367|738000
38.636462886693174|739000
38.636462886693174|740000
38.636462886693174|741000
38.636462886693174|742000
38.637338848718215|743000
38.637338848718215|744000
38.637338848718215|745000
38.637338848718215|746000
38.637338848718215|747000
38.637338848718215|748000
38.637338848718215|749000
38.68135004280749|750000
38.68135004280749|751000
38.68135004280749|752000
38.68135004280749|753000
38.68135004280749|754000
38.68135004280749|755000
38.68135004280749|756000
38.68135004280749|757000
38.68135004280749|758000
38.68135004280749|759000
38.68135004280749|760000
38.69228943761167|761000
38.69228943761167|762000
38.69228943761167|763000
38.69228943761167|764000
38.69228943761167|765000
38.700565645837166|766000
38.721480146594885|767000
38.721480146594885|768000
38.721480146594885|769000
38.721480146594885|770000
38.721480146594885|771000
38.721480146594885|772000
38.721480146594885|773000
38.721480146594885|774000
38.764334291353016|775000
38.764334291353016|776000
38.78268905888795|777000
38.78268905888795|778000
38.78268905888795|779000
38.85063498028423|780000
38.85063498028423|781000
38.85063498028423|782000
38.85063498028423|783000
38.85063498028423|784000
38.85063498028423|785000
38.85063498028423|786000
38.85063498028423|787000
38.85063498028423|788000
38.85063498028423|789000
38.85063498028423|790000
38.85063498028423|791000
38.85063498028423|792000
38.85063498028423|793000
38.85063498028423|794000
38.85063498028423|795000
38.85063498028423|796000
38.85063498028423|797000
38.85063498028423|798000
38.85063498028423|799000
38.85063498028423|800000
38.85063498028423|801000
38.85063498028423|802000
38.86554136240468|803000
38.866921050572586|804000
38.866921050572586|805000
38.866921050572586|806000
38.866921050572586|807000
38.866921050572586|808000
38.866921050572586|809000
38.866921050572586|810000
38.866921050572586|811000
38.866921050572586|812000
38.87845577963422|813000
38.87845577963422|814000
38.87845577963422|815000
38.87845577963422|816000
38.87845577963422|817000
38.87845577963422|818000
38.886983669359935|819000
38.886983669359935|820000
38.886983669359935|821000
38.919949064711176|822000
38.919949064711176|823000
38.919949064711176|824000
38.919949064711176|825000
38.919949064711176|826000
38.919949064711176|827000
38.93225372621242|828000
38.93225372621242|829000
38.93225372621242|830000
38.93225372621242|831000
38.93225372621242|832000
38.93225372621242|833000
38.93225372621242|834000
38.93225372621242|835000
38.93225372621242|836000
38.93225372621242|837000
38.957259518357155|838000
39.006844163009745|839000
39.006844163009745|840000
39.006844163009745|841000
39.01664183586164|842000
39.01664183586164|843000
39.01664183586164|844000
39.01664183586164|845000
39.01664183586164|846000
39.01664183586164|847000
39.03831278327171|848000
39.03831278327171|849000
39.03831278327171|850000
39.03831278327171|851000
39.03831278327171|852000
39.03831278327171|853000
39.03831278327171|854000
39.03831278327171|855000
39.03831278327171|856000
39.06827234022691|857000
39.06827234022691|858000
39.06827234022691|859000
39.06827234022691|860000
39.06827234022691|861000
39.06827234022691|862000
39.07667881009706|863000
39.07667881009706|864000
39.07667881009706|865000
39.07667881009706|866000
39.07667881009706|867000
39.07667881009706|868000
39.07667881009706|869000
39.07667881009706|870000
39.07667881009706|871000
39.07667881009706|872000
39.07667881009706|873000
39.07667881009706|874000
39.07667881009706|875000
39.07667881009706|876000
39.07667881009706|877000
39.08813666725106|878000
39.08813666725106|879000
39.08813666725106|880000
39.08813666725106|881000
39.08813666725106|882000
39.116906773780094|883000
39.116906773780094|884000
39.116906773780094|885000
39.116906773780094|886000
39.116906773780094|887000
39.116906773780094|888000
39.116906773780094|889000
39.117751419498134|890000
39.1668316043551|891000
39.1668316043551|892000
39.1668316043551|893000
39.1668316043551|894000
39.1668316043551|895000
39.1668316043551|896000
39.1668316043551|897000
39.1668316043551|898000
39.1668316043551|899000
39.1668316043551|900000
39.1668316043551|901000
39.1668316043551|902000
39.1668316043551|903000
39.1762607039889|904000
39.1762607039889|905000
39.21656359329436|906000
39.21656359329436|907000
39.21656359329436|908000
39.21656359329436|909000
39.21656359329436|910000
39.21656359329436|911000
39.21656359329436|912000
39.21656359329436|913000
39.23549349311432|914000
39.23549349311432|915000
39.23549349311432|916000
39.23549349311432|917000
39.23549349311432|918000
39.23549349311432|919000
39.23549349311432|920000
39.24276810373881|921000
39.24276810373881|922000
39.24276810373881|923000
39.25126228349542|924000
39.25126228349542|925000
39.25126228349542|926000
39.25126228349542|927000
39.25126228349542|928000
39.25126228349542|929000
39.26732628222101|930000
39.26732628222101|931000
39.26732628222101|932000
39.296290543051384|933000
39.296290543051384|934000
39.296290543051384|935000
39.296290543051384|936000
39.30052772693327|937000
39.30052772693327|938000
39.30874084433729|939000
39.30874084433729|940000
39.30874084433729|941000
39.30874084433729|942000
39.30874084433729|943000
39.30874084433729|944000
39.30874084433729|945000
39.30874084433729|946000
39.30874084433729|947000
39.30874084433729|948000
39.33195377457704|949000
39.33195377457704|950000
39.33223620925984|951000
39.33223620925984|952000
39.33223620925984|953000
39.3373867703545|954000
39.3373867703545|955000
39.3373867703545|956000
39.3373867703545|957000
39.378124734453316|958000
39.378124734453316|959000
39.378124734453316|960000
39.378124734453316|961000
39.378124734453316|962000
39.378124734453316|963000
39.378124734453316|964000
39.378124734453316|965000
39.378124734453316|966000
39.378124734453316|967000
39.378124734453316|968000
39.378124734453316|969000
39.378124734453316|970000
39.378124734453316|971000
39.378124734453316|972000
39.378124734453316|973000
39.378124734453316|974000
39.378124734453316|975000
39.378124734453316|976000
39.378124734453316|977000
39.39113021182373|978000
39.39113021182373|979000
39.39113021182373|980000
39.39113021182373|981000
39.39113021182373|982000
39.39113021182373|983000
39.39113021182373|984000
39.39113021182373|985000
39.39113021182373|986000
39.39113021182373|987000
39.39113021182373|988000
39.39113021182373|989000
39.39113021182373|990000
39.39113021182373|991000
39.39113021182373|992000
39.39113021182373|993000
39.39117250727356|994000
39.39117250727356|995000
39.39117250727356|996000
39.39427998268092|997000
39.39427998268092|998000
39.39427998268092|999000
39.39427998268092|1000000
