36.964431968704815|1010
38.090090998552085|2010
38.50686105724628|3010
38.62036799705252|4010
38.69883001011587|5010
38.772310469089675|6010
38.876423616617295|7010
38.98029524258872|8010
39.02823482547727|9010
39.11831957759306|10010
39.18257760100154|11010
39.22684388765708|12010
39.246256960596284|13010
39.24870681950647|14010
39.24870681950647|15010
39.29523930595494|16010
39.295239305954944|17010
39.32890446751756|18010
39.342054139732625|19010
39.377449569291166|20010
39.40125929797851|21010
39.411691852669726|22010
39.424339734489706|23010
39.431431533271905|24010
39.441433945362974|25010
39.44815205813215|26010
39.45857893660055|27010
39.45919458290834|28010
39.46032601195371|29010
39.46128988840148|30010
39.46137725140305|31010
39.46345385837536|32010
39.46345385837537|33010
39.46345385837537|34010
39.46387238707483|35010
39.46387238707483|36010
39.46549649714047|37010
39.46549649714047|38010
39.46549649714047|39010
39.47531178087646|40010
39.47531178087646|41010
39.47531178087646|42010
39.47531178087646|43010
39.47531178087646|44010
39.47531178087646|45010
39.47531178087646|46010
39.47531178087646|47010
39.47531178087646|48010
39.47531178087646|49010
39.47531178087646|50010
39.47531178087646|51010
39.4775432197107|52010
39.4775432197107|53010
39.4775432197107|54010
39.47754321971071|55010
39.47754321971071|56010
39.47754321971071|57010
39.47754321971071|58010
39.47754321971071|59010
39.47754321971071|60010
39.47754321971071|61010
39.47754321971071|62010
39.47754321971071|63010
39.47754321971071|64010
39.47754321971071|65010
39.47754321971071|66010
39.47754321971071|67010
39.47754321971071|68010
39.47754321971071|69010
39.47754321971071|70010
39.47754321971071|71010
39.47754321971071|72010
39.47754321971071|73010
39.47754321971071|74010
39.47754321971071|75010
39.47754321971071|76010
39.47754321971071|77010
39.47754321971071|78010
39.47754321971071|79010
39.47754321971071|80010
39.47754321971071|81010
39.47754321971071|82010
39.47754321971071|83010
39.47754321971071|84010
39.47754321971071|85010
39.47754321971071|86010
39.47754321971071|87010
39.47754321971071|88010
39.47754321971071|89010
39.47754321971071|90010
39.47754321971071|91010
39.47754321971071|92010
39.47754321971071|93010
39.47754321971071|94010
39.47754321971071|95010
39.47754321971071|96010
39.47754321971071|97010
39.47754321971071|98010
39.47754321971071|99010
39.47754321971071|100010
39.47754321971071|101010
39.47754321971071|102010
39.47754321971071|103010
39.47754321971071|104010
39.47754321971071|105010
39.47754321971071|106010
39.47754321971071|107010
39.47754321971071|108010
39.47754321971071|109010
39.47754321971071|110010
39.47754321971071|111010
39.47754321971071|112010
39.47754321971071|113010
39.47754321971071|114010
39.47754321971071|115010
39.47754321971071|116010
39.47754321971071|117010
39.47754321971071|118010
39.47754321971071|119010
39.47754321971071|120010
39.47754321971071|121010
39.47754321971071|122010
39.47754321971071|123010
39.47754321971071|124010
39.47754321971071|125010
39.47754321971071|126010
39.47754321971071|127010
39.47754321971071|128010
39.47754321971071|129010
39.47754321971071|130010
39.47754321971071|131010
39.47754321971071|132010
39.47754321971071|133010
39.47754321971071|134010
39.47754321971071|135010
39.47754321971071|136010
39.47754321971071|137010
39.47754321971071|138010
39.47754321971071|139010
39.47754321971071|140010
39.47754321971071|141010
39.47754321971071|142010
39.47754321971071|143010
39.47754321971071|144010
39.47754321971071|145010
39.47754321971071|146010
39.47754321971071|147010
39.47754321971071|148010
39.47754321971071|149010
39.47754321971071|150010
39.47754321971071|151010
39.47754321971071|152010
39.47754321971071|153010
39.47754321971071|154010
39.47754321971071|155010
39.47754321971071|156010
39.47754321971071|157010
39.47754321971071|158010
39.47754321971071|159010
39.47754321971071|160010
39.47754321971071|161010
39.47754321971071|162010
39.47754321971071|163010
39.47754321971071|164010
39.47754321971071|165010
39.47754321971071|166010
39.47754321971071|167010
39.47754321971071|168010
39.47754321971071|169010
39.47754321971071|170010
39.47754321971071|171010
39.47754321971071|172010
39.47754321971071|173010
39.47754321971071|174010
39.47754321971071|175010
39.47754321971071|176010
39.47754321971071|177010
39.47754321971071|178010
39.47754321971071|179010
39.47754321971071|180010
39.47754321971071|181010
39.47754321971071|182010
39.47754321971071|183010
39.47754321971071|184010
39.47754321971071|185010
39.47754321971071|186010
39.47754321971071|187010
39.47754321971071|188010
39.47754321971071|189010
39.47754321971071|190010
39.47754321971071|191010
39.47754321971071|192010
39.47754321971071|193010
39.47754321971071|194010
39.47754321971071|195010
39.47754321971071|196010
39.47754321971071|197010
39.47754321971071|198010
39.47754321971071|199010
39.47754321971071|200010
39.47754321971071|201010
39.47754321971071|202010
39.47754321971071|203010
39.47754321971071|204010
39.47754321971071|205010
39.47754321971071|206010
39.47754321971071|207010
39.47754321971071|208010
39.47754321971071|209010
39.47754321971071|210010
39.47754321971071|211010
39.47754321971071|212010
39.47754321971071|213010
39.47754321971071|214010
39.47754321971071|215010
39.47754321971071|216010
39.47754321971071|217010
39.47754321971071|218010
39.47754321971071|219010
39.47754321971071|220010
39.47754321971071|221010
39.47754321971071|222010
39.47754321971071|223010
39.47754321971071|224010
39.47754321971071|225010
39.47754321971071|226010
39.47754321971071|227010
39.47754321971071|228010
39.47754321971071|229010
39.47754321971071|230010
39.47754321971071|231010
39.47754321971071|232010
39.47754321971071|233010
39.47754321971071|234010
39.47754321971071|235010
39.47754321971071|236010
39.47754321971071|237010
39.47754321971071|238010
39.47754321971071|239010
39.47754321971071|240010
39.47754321971071|241010
39.47754321971071|242010
39.47754321971071|243010
39.47754321971071|244010
39.47754321971071|245010
39.47754321971071|246010
39.47754321971071|247010
39.47754321971071|248010
39.47754321971071|249010
39.47754321971071|250010
39.47754321971071|251010
39.47754321971071|252010
39.47754321971071|253010
39.47754321971071|254010
39.47754321971071|255010
39.47754321971071|256010
39.47754321971071|257010
39.47754321971071|258010
39.47754321971071|259010
39.47754321971071|260010
39.47754321971071|261010
39.47754321971071|262010
39.47754321971071|263010
39.47754321971071|264010
39.47754321971071|265010
39.47754321971071|266010
39.47754321971071|267010
39.47754321971071|268010
39.47754321971071|269010
39.47754321971071|270010
39.47754321971071|271010
39.47754321971071|272010
39.47754321971071|273010
39.47754321971071|274010
39.47754321971071|275010
39.47754321971071|276010
39.47754321971071|277010
39.47754321971071|278010
39.47754321971071|279010
39.47923144600678|280010
39.47923144600678|281010
39.47923144600678|282010
39.47923144600678|283010
39.47923144600678|284010
39.47923144600678|285010
39.47923144600678|286010
39.47923144600678|287010
39.47923144600678|288010
39.47923144600678|289010
39.48499468900686|290010
39.485777324641525|291010
39.485777324641525|292010
39.485777324641525|293010
39.485777324641525|294010
39.486840097315756|295010
39.486840097315756|296010
39.486840097315756|297010
39.486840097315756|298010
39.486840097315756|299010
39.486840097315756|300010
39.486840097315756|301010
39.486840097315756|302010
39.486840097315756|303010
39.486840097315756|304010
39.486840097315756|305010
39.486840097315756|306010
39.486840097315756|307010
39.486840097315756|308010
39.486840097315756|309010
39.486840097315756|310010
39.486840097315756|311010
39.486840097315756|312010
39.486840097315756|313010
39.486840097315756|314010
39.486840097315756|315010
39.486840097315756|316010
39.486840097315756|317010
39.486840097315756|318010
39.486840097315756|319010
39.486840097315756|320010
39.486840097315756|321010
39.486840097315756|322010
39.486840097315756|323010
39.486840097315756|324010
39.486840097315756|325010
39.486840097315756|326010
39.486840097315756|327010
39.486840097315756|328010
39.486840097315756|329010
39.486840097315756|330010
39.486840097315756|331010
39.486840097315756|332010
39.486840097315756|333010
39.486840097315756|334010
39.486840097315756|335010
39.486840097315756|336010
39.486840097315756|337010
39.486840097315756|338010
39.486840097315756|339010
39.486840097315756|340010
39.486840097315756|341010
39.486840097315756|342010
39.486840097315756|343010
39.486840097315756|344010
39.486840097315756|345010
39.486840097315756|346010
39.486840097315756|347010
39.486840097315756|348010
39.486840097315756|349010
39.486840097315756|350010
39.486840097315756|351010
39.486840097315756|352010
39.486840097315756|353010
39.486840097315756|354010
39.486840097315756|355010
39.486840097315756|356010
39.486840097315756|357010
39.486840097315756|358010
39.486840097315756|359010
39.486840097315756|360010
39.486840097315756|361010
39.486840097315756|362010
39.486840097315756|363010
39.49125760744793|364010
39.49532365797457|365010
39.49532365797457|366010
39.49532365797457|367010
39.49818254950515|368010
39.49818254950515|369010
39.49818254950515|370010
39.49818254950515|371010
39.49818254950515|372010
39.49818254950515|373010
39.49818254950515|374010
39.50018850771999|375010
39.50018850771999|376010
39.50018850771999|377010
39.50018850771999|378010
39.50018850771999|379010
39.50018850771999|380010
39.50018850771999|381010
39.50018850771999|382010
39.50018850771999|383010
39.50018850771999|384010
39.50018850771999|385010
39.50018850771999|386010
39.50018850771999|387010
39.50018850771999|388010
39.50018850771999|389010
39.50018850771999|390010
39.50018850771999|391010
39.50018850771999|392010
39.50018850771999|393010
39.50018850771999|394010
39.50018850771999|395010
39.50018850771999|396010
39.50018850771999|397010
39.50018850771999|398010
39.50018850771999|399010
39.50018850771999|400010
39.50018850771999|401010
39.50018850771999|402010
39.50018850771999|403010
39.50018850771999|404010
39.50018850771999|405010
39.50018850771999|406010
39.50018850771999|407010
39.50018850771999|408010
39.50018850771999|409010
39.50018850771999|410010
39.50018850771999|411010
39.50018850771999|412010
39.50018850771999|413010
39.50018850771999|414010
39.50018850771999|415010
39.50018850771999|416010
39.50018850771999|417010
39.50018850771999|418010
39.50018850771999|419010
39.50018850771999|420010
39.50018850771999|421010
39.50018850771999|422010
39.50018850771999|423010
39.50018850771999|424010
39.50018850771999|425010
39.50018850771999|426010
39.50018850771999|427010
39.50018850771999|428010
39.50018850771999|429010
39.50018850771999|430010
39.50018850771999|431010
39.50018850771999|432010
39.50018850771999|433010
39.50018850771999|434010
39.50018850771999|435010
39.50018850771999|436010
39.50018850771999|437010
39.50018850771999|438010
39.50018850771999|439010
39.50018850771999|440010
39.50018850771999|441010
39.50018850771999|442010
39.50018850771999|443010
39.50018850771999|444010
39.50018850771999|445010
39.50018850771999|446010
39.50018850771999|447010
39.50018850771999|448010
39.50018850771999|449010
39.50018850771999|450010
39.50018850771999|451010
39.50018850771999|452010
39.50018850771999|453010
39.50018850771999|454010
39.50018850771999|455010
39.50018850771999|456010
39.50018850771999|457010
39.50018850771999|458010
39.50018850771999|459010
39.50018850771999|460010
39.50018850771999|461010
39.50018850771999|462010
39.50018850771999|463010
39.50018850771999|464010
39.50018850771999|465010
39.50018850771999|466010
39.50018850771999|467010
39.50018850771999|468010
39.50018850771999|469010
39.50018850771999|470010
39.50018850771999|471010
39.50018850771999|472010
39.50018850771999|473010
39.50018850771999|474010
39.50018850771999|475010
39.50018850771999|476010
39.50018850771999|477010
39.50018850771999|478010
39.50018850771999|479010
39.50018850771999|480010
39.50018850771999|481010
39.50018850771999|482010
39.50018850771999|483010
39.50018850771999|484010
39.50018850771999|485010
39.50018850771999|486010
39.50018850771999|487010
39.50018850771999|488010
39.50018850771999|489010
39.50018850771999|490010
39.50018850771999|491010
39.50018850771999|492010
39.50018850771999|493010
39.50018850771999|494010
39.50018850771999|495010
39.50018850771999|496010
39.50018850771999|497010
39.50018850771999|498010
39.50018850771999|499010
39.50018850771999|500010
39.50018850771999|501010
39.50018850771999|502010
39.50018850771999|503010
39.50018850771999|504010
39.50018850771999|505010
39.50018850771999|506010
39.50018850771999|507010
39.50018850771999|508010
39.50018850771999|509010
39.50018850771999|510010
39.50018850771999|511010
39.50018850771999|512010
39.50018850771999|513010
39.50018850771999|514010
39.50018850771999|515010
39.50018850771999|516010
39.50018850771999|517010
39.50018850771999|518010
39.50018850771999|519010
39.50018850771999|520010
39.50018850771999|521010
39.50018850771999|522010
39.50018850771999|523010
39.50018850771999|524010
39.50018850771999|525010
39.50018850771999|526010
39.50018850771999|527010
39.50018850771999|528010
39.50018850771999|529010
39.50018850771999|530010
39.50018850771999|531010
39.50018850771999|532010
39.50018850771999|533010
39.50018850771999|534010
39.50018850771999|535010
39.50018850771999|536010
39.50018850771999|537010
39.50018850771999|538010
39.50018850771999|539010
39.50018850771999|540010
39.50018850771999|541010
39.50018850771999|542010
39.50018850771999|543010
39.50018850771999|544010
39.50018850771999|545010
39.50018850771999|546010
39.50018850771999|547010
39.50018850771999|548010
39.50018850771999|549010
39.50018850771999|550010
39.50018850771999|551010
39.50018850771999|552010
39.50018850771999|553010
39.50018850771999|554010
39.50018850771999|555010
39.50018850771999|556010
39.50018850771999|557010
39.50018850771999|558010
39.50018850771999|559010
39.50018850771999|560010
39.50018850771999|561010
39.50018850771999|562010
39.50018850771999|563010
39.50018850771999|564010
39.50018850771999|565010
39.50018850771999|566010
39.50018850771999|567010
39.50018850771999|568010
39.50018850771999|569010
39.50018850771999|570010
39.50018850771999|571010
39.50018850771999|572010
39.50018850771999|573010
39.50018850771999|574010
39.50018850771999|575010
39.50018850771999|576010
39.50018850771999|577010
39.50018850771999|578010
39.50018850771999|579010
39.50018850771999|580010
39.50018850771999|581010
39.50018850771999|582010
39.50018850771999|583010
39.50018850771999|584010
39.50018850771999|585010
39.50018850771999|586010
39.50018850771999|587010
39.50018850771999|588010
39.50018850771999|589010
39.50018850771999|590010
39.50018850771999|591010
39.50018850771999|592010
39.50018850771999|593010
39.50018850771999|594010
39.50018850771999|595010
39.50018850771999|596010
39.50018850771999|597010
39.50018850771999|598010
39.50018850771999|599010
39.50018850771999|600010
39.50018850771999|601010
39.50018850771999|602010
39.50018850771999|603010
39.50018850771999|604010
39.50018850771999|605010
39.50018850771999|606010
39.50018850771999|607010
39.50018850771999|608010
39.50018850771999|609010
39.50018850771999|610010
39.50018850771999|611010
39.50018850771999|612010
39.50018850771999|613010
39.50018850771999|614010
39.50018850771999|615010
39.50018850771999|616010
39.50018850771999|617010
39.50018850771999|618010
39.50018850771999|619010
39.50018850771999|620010
39.50018850771999|621010
39.50018850771999|622010
39.50018850771999|623010
39.50018850771999|624010
39.50018850771999|625010
39.50018850771999|626010
39.50018850771999|627010
39.50018850771999|628010
39.50018850771999|629010
39.50018850771999|630010
39.50018850771999|631010
39.50018850771999|632010
39.50018850771999|633010
39.50018850771999|634010
39.50018850771999|635010
39.50018850771999|636010
39.50018850771999|637010
39.50018850771999|638010
39.50018850771999|639010
39.50018850771999|640010
39.50018850771999|641010
39.50018850771999|642010
39.50018850771999|643010
39.50018850771999|644010
39.50018850771999|645010
39.50018850771999|646010
39.50018850771999|647010
39.50023319036763|648010
39.50023319036763|649010
39.50023319036763|650010
39.50023319036763|651010
39.50023319036763|652010
39.50023319036763|653010
39.50023319036763|654010
39.50023319036763|655010
39.50023319036763|656010
39.50023319036763|657010
39.50023319036763|658010
39.50023319036763|659010
39.50023319036763|660010
39.50023319036763|661010
39.50023319036763|662010
39.50023319036763|663010
39.50023319036763|664010
39.50023319036763|665010
39.50023319036763|666010
39.50023319036763|667010
39.50023319036763|668010
39.50023319036763|669010
39.50023319036763|670010
39.50023319036763|671010
39.50023319036763|672010
39.50023319036763|673010
39.50023319036763|674010
39.50023319036763|675010
39.50023319036763|676010
39.50023319036763|677010
39.50023319036763|678010
39.50023319036763|679010
39.50023319036763|680010
39.50023319036763|681010
39.50023319036763|682010
39.50023319036763|683010
39.50023319036763|684010
39.50023319036763|685010
39.50023319036763|686010
39.50023319036763|687010
39.50023319036763|688010
39.50023319036763|689010
39.50023319036763|690010
39.50023319036763|691010
39.50023319036763|692010
39.50023319036763|693010
39.50023319036763|694010
39.50023319036763|695010
39.50023319036763|696010
39.50023319036763|697010
39.50023319036763|698010
39.50023319036763|699010
39.50023319036763|700010
39.50023319036763|701010
39.50023319036763|702010
39.50023319036763|703010
39.50023319036763|704010
39.50023319036763|705010
39.50023319036763|706010
39.50023319036763|707010
39.50023319036763|708010
39.50023319036763|709010
39.50023319036763|710010
39.50023319036763|711010
39.50023319036763|712010
39.50023319036763|713010
39.50023319036763|714010
39.50023319036763|715010
39.50023319036763|716010
39.50023319036763|717010
39.50023319036763|718010
39.50023319036763|719010
39.50023319036763|720010
39.50023319036763|721010
39.50023319036763|722010
39.50023319036763|723010
39.50023319036763|724010
39.50023319036763|725010
39.50023319036763|726010
39.50023319036763|727010
39.50023319036763|728010
39.50023319036763|729010
39.50023319036763|730010
39.50023319036763|731010
39.50023319036763|732010
39.50023319036763|733010
39.50023319036763|734010
39.50023319036763|735010
39.50023319036763|736010
39.50023319036763|737010
39.50023319036763|738010
39.50023319036763|739010
39.50023319036763|740010
39.50023319036763|741010
39.50023319036763|742010
39.50023319036763|743010
39.50023319036763|744010
39.50023319036763|745010
39.50023319036763|746010
39.50023319036763|747010
39.50023319036763|748010
39.50023319036763|749010
39.50023319036763|750010
39.50023319036763|751010
39.50023319036763|752010
39.50023319036763|753010
39.50023319036763|754010
39.50023319036763|755010
39.50023319036763|756010
39.50023319036763|757010
39.50023319036763|758010
39.50023319036763|759010
39.50023319036763|760010
39.50023319036763|761010
39.50023319036763|762010
39.50023319036763|763010
39.50023319036763|764010
39.50023319036763|765010
39.50023319036763|766010
39.50023319036763|767010
39.50023319036763|768010
39.50023319036763|769010
39.50023319036763|770010
39.50023319036763|771010
39.50023319036763|772010
39.50023319036763|773010
39.50023319036763|774010
39.50023319036763|775010
39.50023319036763|776010
39.50023319036763|777010
39.50023319036763|778010
39.50023319036763|779010
39.50023319036763|780010
39.50023319036763|781010
39.50023319036763|782010
39.50023319036763|783010
39.50023319036763|784010
39.50023319036763|785010
39.50023319036763|786010
39.50023319036763|787010
39.50023319036763|788010
39.50023319036763|789010
39.50023319036763|790010
39.50023319036763|791010
39.50023319036763|792010
39.50023319036763|793010
39.50023319036763|794010
39.50023319036763|795010
39.50023319036763|796010
39.50023319036763|797010
39.50023319036763|798010
39.50023319036763|799010
39.50023319036763|800010
39.50023319036763|801010
39.50023319036763|802010
39.50023319036763|803010
39.50023319036763|804010
39.50023319036763|805010
39.50023319036763|806010
39.50023319036763|807010
39.50023319036763|808010
39.50023319036763|809010
39.50023319036763|810010
39.50023319036763|811010
39.50023319036763|812010
39.50023319036763|813010
39.50023319036763|814010
39.50023319036763|815010
39.50023319036763|816010
39.50023319036763|817010
39.50023319036763|818010
39.50023319036763|819010
39.50023319036763|820010
39.50023319036763|821010
39.50023319036763|822010
39.50023319036763|823010
39.50023319036763|824010
39.50023319036763|825010
39.50023319036763|826010
39.50023319036763|827010
39.50023319036763|828010
39.50023319036763|829010
39.50023319036763|830010
39.50023319036763|831010
39.50023319036763|832010
39.50023319036763|833010
39.50023319036763|834010
39.50023319036763|835010
39.50023319036763|836010
39.50023319036763|837010
39.50023319036763|838010
39.50023319036763|839010
39.50023319036763|840010
39.50023319036763|841010
39.50023319036763|842010
39.50023319036763|843010
39.50023319036763|844010
39.50023319036763|845010
39.50023319036763|846010
39.50023319036763|847010
39.50023319036763|848010
39.50023319036763|849010
39.50023319036763|850010
39.50023319036763|851010
39.50023319036763|852010
39.50023319036763|853010
39.50023319036763|854010
39.50023319036763|855010
39.50023319036763|856010
39.50023319036763|857010
39.50023319036763|858010
39.50023319036763|859010
39.50023319036763|860010
39.50023319036763|861010
39.50023319036763|862010
39.50023319036763|863010
39.50023319036763|864010
39.50023319036763|865010
39.50023319036763|866010
39.50023319036763|867010
39.50023319036763|868010
39.50023319036763|869010
39.50023319036763|870010
39.50023319036763|871010
39.50023319036763|872010
39.50023319036763|873010
39.50023319036763|874010
39.50023319036763|875010
39.50023319036763|876010
39.50023319036763|877010
39.50023319036763|878010
39.50023319036763|879010
39.50023319036763|880010
39.50023319036763|881010
39.50023319036763|882010
39.50023319036763|883010
39.50023319036763|884010
39.50023319036763|885010
39.50023319036763|886010
39.50023319036763|887010
39.50023319036763|888010
39.50023319036763|889010
39.50023319036763|890010
39.50329850656372|891010
39.50329850656372|892010
39.50329850656372|893010
39.50329850656372|894010
39.50329850656372|895010
39.50329850656372|896010
39.50329850656372|897010
39.50329850656372|898010
39.50329850656372|899010
39.50336030048479|900010
39.50336030048479|901010
39.50336030048479|902010
39.50336030048479|903010
39.50336030048479|904010
39.50336030048479|905010
39.50336030048479|906010
39.50336030048479|907010
39.50336030048479|908010
39.50336030048479|909010
39.50336030048479|910010
39.50336030048479|911010
39.50336030048479|912010
39.50336030048479|913010
39.50336030048479|914010
39.50336030048479|915010
39.50336030048479|916010
39.50336030048479|917010
39.50336030048479|918010
39.50336030048479|919010
39.50336030048479|920010
39.50336030048479|921010
39.50336030048479|922010
39.50336030048479|923010
39.50336030048479|924010
39.50336030048479|925010
39.50336030048479|926010
39.50336030048479|927010
39.50336030048479|928010
39.50336030048479|929010
39.50336030048479|930010
39.50336030048479|931010
39.50336030048479|932010
39.50336030048479|933010
39.50336030048479|934010
39.50336030048479|935010
39.50336030048479|936010
39.50336030048479|937010
39.50336030048479|938010
39.50336030048479|939010
39.50336030048479|940010
39.50336030048479|941010
39.50336030048479|942010
39.50336030048479|943010
39.50336030048479|944010
39.50336030048479|945010
39.50336030048479|946010
39.50336030048479|947010
39.50336030048479|948010
39.50336030048479|949010
39.50336030048479|950010
39.50336030048479|951010
39.50336030048479|952010
39.50336030048479|953010
39.50336030048479|954010
39.50336030048479|955010
39.50336030048479|956010
39.50336030048479|957010
39.50336030048479|958010
39.50336030048479|959010
39.50336030048479|960010
39.50336030048479|961010
39.50336030048479|962010
39.50336030048479|963010
39.50336030048479|964010
39.50336030048479|965010
39.50336030048479|966010
39.50336030048479|967010
39.50336030048479|968010
39.50336030048479|969010
39.50336030048479|970010
39.50336030048479|971010
39.50336030048479|972010
39.50336030048479|973010
39.50336030048479|974010
39.50336030048479|975010
39.50336030048479|976010
39.50336030048479|977010
39.50336030048479|978010
39.50336030048479|979010
39.50336030048479|980010
39.50336030048479|981010
39.50336030048479|982010
39.50336030048479|983010
39.50336030048479|984010
39.50336030048479|985010
39.50336030048479|986010
39.50429253448629|987010
39.50578419610954|988010
39.50578419610954|989010
39.50578419610954|990010
39.505784196109545|991010
39.505784196109545|992010
39.505784196109545|993010
39.505784196109545|994010
39.505784196109545|995010
39.505784196109545|996010
39.505784196109545|997010
39.505784196109545|998010
39.505784196109545|999010
39.505784196109545|1000010
