17.000631289530155|1010
15.527292462557671|2010
14.223854863906128|3010
12.978718610539289|4010
11.971652976994275|5010
11.505274745092333|6010
11.118636846201928|7010
10.924030745361602|8010
10.924030745361602|9010
10.791399725807164|10010
10.769354115551522|11010
10.659129664903347|12010
10.659129664903347|13010
10.651024664989567|14010
10.60582063962432|15010
10.583313778886225|16010
10.530348143977825|17010
10.530348143977825|18010
10.467882969770528|19010
10.340663386294512|20010
10.329385381298529|21010
10.329385381298529|22010
10.329385381298529|23010
10.215047960348096|24010
10.072466106668934|25010
10.072466106668934|26010
10.072466106668934|27010
10.072466106668934|28010
10.072466106668934|29010
10.072466106668934|30010
10.072466106668934|31010
10.072466106668934|32010
10.072466106668934|33010
10.072466106668934|34010
10.072466106668934|35010
10.072466106668934|36010
10.072466106668934|37010
10.072466106668934|38010
10.072466106668934|39010
10.072466106668934|40010
10.072466106668934|41010
10.072466106668934|42010
10.072466106668934|43010
10.072466106668934|44010
10.072466106668934|45010
10.072466106668934|46010
10.072466106668934|47010
10.072466106668934|48010
10.072466106668934|49010
10.072466106668934|50010
10.072466106668934|51010
10.072466106668934|52010
10.072466106668934|53010
10.072466106668934|54010
10.072466106668934|55010
10.072466106668934|56010
10.072466106668934|57010
10.072466106668934|58010
10.072466106668934|59010
10.072466106668934|60010
10.072466106668934|61010
10.072466106668934|62010
10.072466106668934|63010
10.072466106668934|64010
10.072466106668934|65010
10.072466106668934|66010
10.072466106668934|67010
10.072466106668934|68010
10.072466106668934|69010
10.072466106668934|70010
10.072466106668934|71010
10.072466106668934|72010
10.072466106668934|73010
10.072466106668934|74010
10.072466106668934|75010
10.072466106668934|76010
10.072466106668934|77010
10.072466106668934|78010
10.072466106668934|79010
10.072466106668934|80010
10.072466106668934|81010
10.072466106668934|82010
10.072466106668934|83010
10.072466106668934|84010
10.072466106668934|85010
10.072466106668934|86010
10.072466106668934|87010
10.072466106668934|88010
10.072466106668934|89010
10.072466106668934|90010
10.072466106668934|91010
10.072466106668934|92010
10.072466106668934|93010
10.072466106668934|94010
10.072466106668934|95010
10.072466106668934|96010
10.072466106668934|97010
10.072466106668934|98010
10.072466106668934|99010
10.072466106668934|100010
10.072466106668934|101010
10.072466106668934|102010
10.072466106668934|103010
10.072466106668934|104010
10.072466106668934|105010
10.072466106668934|106010
10.072466106668934|107010
10.072466106668934|108010
10.072466106668934|109010
10.072466106668934|110010
10.072466106668934|111010
10.072466106668934|112010
10.072466106668934|113010
10.072466106668934|114010
10.072466106668934|115010
10.072466106668934|116010
10.072466106668934|117010
10.072466106668934|118010
10.072466106668934|119010
10.072466106668934|120010
10.072466106668934|121010
10.072466106668934|122010
10.072466106668934|123010
10.072466106668934|124010
10.072466106668934|125010
10.072466106668934|126010
10.072466106668934|127010
10.072466106668934|128010
10.072466106668934|129010
10.072466106668934|130010
10.072466106668934|131010
10.072466106668934|132010
10.072466106668934|133010
10.072466106668934|134010
10.072466106668934|135010
10.072466106668934|136010
10.072466106668934|137010
10.072466106668934|138010
10.072466106668934|139010
10.072466106668934|140010
10.072466106668934|141010
10.072466106668934|142010
10.072466106668934|143010
10.072466106668934|144010
10.072466106668934|145010
10.072466106668934|146010
10.072466106668934|147010
10.072466106668934|148010
10.072466106668934|149010
10.072466106668934|150010
10.072466106668934|151010
10.072466106668934|152010
10.072466106668934|153010
10.072466106668934|154010
10.072466106668934|155010
10.072466106668934|156010
10.072466106668934|157010
10.072466106668934|158010
10.072466106668934|159010
10.072466106668934|160010
10.072466106668934|161010
10.072466106668934|162010
10.072466106668934|163010
10.072466106668934|164010
10.072466106668934|165010
10.072466106668934|166010
10.072466106668934|167010
10.072466106668934|168010
10.072466106668934|169010
10.072466106668934|170010
10.072466106668934|171010
10.072466106668934|172010
10.072466106668934|173010
10.072466106668934|174010
10.072466106668934|175010
10.072466106668934|176010
10.072466106668934|177010
10.072466106668934|178010
10.072466106668934|179010
10.072466106668934|180010
10.072466106668934|181010
10.072466106668934|182010
10.072466106668934|183010
10.072466106668934|184010
10.072466106668934|185010
10.072466106668934|186010
10.072466106668934|187010
10.072466106668934|188010
10.072466106668934|189010
10.072466106668934|190010
10.072466106668934|191010
10.072466106668934|192010
10.072466106668934|193010
10.072466106668934|194010
10.072466106668934|195010
10.072466106668934|196010
10.072466106668934|197010
10.072466106668934|198010
10.072466106668934|199010
10.072466106668934|200010
10.072466106668934|201010
10.072466106668934|202010
10.072466106668934|203010
10.072466106668934|204010
10.072466106668934|205010
10.072466106668934|206010
10.072466106668934|207010
10.072466106668934|208010
10.072466106668934|209010
10.072466106668934|210010
10.072466106668934|211010
10.072466106668934|212010
10.072466106668934|213010
10.072466106668934|214010
10.072466106668934|215010
10.072466106668934|216010
10.072466106668934|217010
10.072466106668934|218010
10.072466106668934|219010
10.072466106668934|220010
10.072466106668934|221010
10.072466106668934|222010
10.072466106668934|223010
10.072466106668934|224010
10.072466106668934|225010
10.072466106668934|226010
10.072466106668934|227010
10.072466106668934|228010
10.072466106668934|229010
10.072466106668934|230010
10.072466106668934|231010
10.072466106668934|232010
10.072466106668934|233010
10.072466106668934|234010
10.072466106668934|235010
10.072466106668934|236010
10.072466106668934|237010
10.072466106668934|238010
10.072466106668934|239010
10.072466106668934|240010
10.072466106668934|241010
10.072466106668934|242010
10.072466106668934|243010
10.072466106668934|244010
10.072466106668934|245010
10.072466106668934|246010
10.072466106668934|247010
10.072466106668934|248010
10.072466106668934|249010
10.072466106668934|250010
10.072466106668934|251010
10.072466106668934|252010
10.072466106668934|253010
10.072466106668934|254010
10.072466106668934|255010
10.072466106668934|256010
10.072466106668934|257010
10.072466106668934|258010
10.072466106668934|259010
10.072466106668934|260010
10.072466106668934|261010
10.072466106668934|262010
10.072466106668934|263010
10.072466106668934|264010
10.072466106668934|265010
10.072466106668934|266010
10.072466106668934|267010
10.072466106668934|268010
10.072466106668934|269010
10.072466106668934|270010
10.072466106668934|271010
10.072466106668934|272010
10.072466106668934|273010
10.072466106668934|274010
10.072466106668934|275010
10.072466106668934|276010
10.072466106668934|277010
10.072466106668934|278010
10.072466106668934|279010
10.072466106668934|280010
10.072466106668934|281010
10.072466106668934|282010
10.072466106668934|283010
10.072466106668934|284010
10.072466106668934|285010
10.072466106668934|286010
10.072466106668934|287010
10.072466106668934|288010
10.072466106668934|289010
10.072466106668934|290010
10.072466106668934|291010
10.072466106668934|292010
10.072466106668934|293010
10.072466106668934|294010
10.072466106668934|295010
10.072466106668934|296010
10.072466106668934|297010
10.072466106668934|298010
10.072466106668934|299010
10.072466106668934|300010
10.072466106668934|301010
10.072466106668934|302010
10.072466106668934|303010
10.072466106668934|304010
10.072466106668934|305010
10.072466106668934|306010
10.072466106668934|307010
10.072466106668934|308010
10.072466106668934|309010
10.072466106668934|310010
10.072466106668934|311010
10.072466106668934|312010
10.072466106668934|313010
10.072466106668934|314010
10.072466106668934|315010
10.072466106668934|316010
10.072466106668934|317010
10.072466106668934|318010
10.072466106668934|319010
10.072466106668934|320010
10.072466106668934|321010
10.072466106668934|322010
10.072466106668934|323010
10.072466106668934|324010
10.072466106668934|325010
10.072466106668934|326010
10.072466106668934|327010
10.072466106668934|328010
10.072466106668934|329010
10.072466106668934|330010
10.072466106668934|331010
10.072466106668934|332010
10.072466106668934|333010
10.072466106668934|334010
10.072466106668934|335010
10.072466106668934|336010
10.072466106668934|337010
10.072466106668934|338010
10.072466106668934|339010
10.072466106668934|340010
10.072466106668934|341010
10.072466106668934|342010
10.072466106668934|343010
10.072466106668934|344010
10.072466106668934|345010
10.072466106668934|346010
10.072466106668934|347010
10.072466106668934|348010
10.072466106668934|349010
10.072466106668934|350010
10.072466106668934|351010
10.072466106668934|352010
10.072466106668934|353010
10.072466106668934|354010
10.072466106668934|355010
10.072466106668934|356010
10.072466106668934|357010
10.072466106668934|358010
10.072466106668934|359010
10.072466106668934|360010
10.072466106668934|361010
10.072466106668934|362010
10.072466106668934|363010
10.072466106668934|364010
10.072466106668934|365010
10.072466106668934|366010
10.072466106668934|367010
10.072466106668934|368010
10.072466106668934|369010
10.072466106668934|370010
10.072466106668934|371010
10.072466106668934|372010
10.072466106668934|373010
10.072466106668934|374010
10.072466106668934|375010
10.072466106668934|376010
10.072466106668934|377010
10.072466106668934|378010
10.072466106668934|379010
10.072466106668934|380010
10.072466106668934|381010
10.072466106668934|382010
10.072466106668934|383010
10.072466106668934|384010
10.072466106668934|385010
10.072466106668934|386010
10.072466106668934|387010
10.072466106668934|388010
10.072466106668934|389010
10.072466106668934|390010
10.072466106668934|391010
10.072466106668934|392010
10.072466106668934|393010
10.072466106668934|394010
10.072466106668934|395010
10.072466106668934|396010
10.072466106668934|397010
10.072466106668934|398010
10.072466106668934|399010
10.072466106668934|400010
10.072466106668934|401010
10.072466106668934|402010
10.072466106668934|403010
10.072466106668934|404010
10.072466106668934|405010
10.072466106668934|406010
10.072466106668934|407010
10.072466106668934|408010
10.072466106668934|409010
10.072466106668934|410010
10.072466106668934|411010
10.072466106668934|412010
10.072466106668934|413010
10.072466106668934|414010
10.072466106668934|415010
10.072466106668934|416010
10.072466106668934|417010
10.072466106668934|418010
10.072466106668934|419010
10.072466106668934|420010
10.072466106668934|421010
10.072466106668934|422010
10.072466106668934|423010
10.072466106668934|424010
10.072466106668934|425010
10.072466106668934|426010
10.072466106668934|427010
10.072466106668934|428010
10.072466106668934|429010
10.072466106668934|430010
10.072466106668934|431010
10.072466106668934|432010
10.072466106668934|433010
10.072466106668934|434010
10.072466106668934|435010
10.072466106668934|436010
10.072466106668934|437010
10.072466106668934|438010
10.072466106668934|439010
10.072466106668934|440010
10.072466106668934|441010
10.072466106668934|442010
10.072466106668934|443010
10.072466106668934|444010
10.072466106668934|445010
10.072466106668934|446010
10.072466106668934|447010
10.072466106668934|448010
10.072466106668934|449010
10.072466106668934|450010
10.072466106668934|451010
10.072466106668934|452010
10.072466106668934|453010
10.072466106668934|454010
10.072466106668934|455010
10.072466106668934|456010
10.072466106668934|457010
10.072466106668934|458010
10.072466106668934|459010
10.072466106668934|460010
10.072466106668934|461010
10.072466106668934|462010
10.072466106668934|463010
10.072466106668934|464010
10.072466106668934|465010
10.072466106668934|466010
10.072466106668934|467010
10.072466106668934|468010
10.072466106668934|469010
10.072466106668934|470010
10.072466106668934|471010
10.072466106668934|472010
10.072466106668934|473010
10.072466106668934|474010
10.072466106668934|475010
10.072466106668934|476010
10.072466106668934|477010
10.072466106668934|478010
10.072466106668934|479010
10.072466106668934|480010
10.072466106668934|481010
10.072466106668934|482010
10.072466106668934|483010
10.072466106668934|484010
10.072466106668934|485010
10.072466106668934|486010
10.072466106668934|487010
10.072466106668934|488010
10.072466106668934|489010
10.072466106668934|490010
10.072466106668934|491010
10.072466106668934|492010
10.072466106668934|493010
10.072466106668934|494010
10.072466106668934|495010
10.072466106668934|496010
10.072466106668934|497010
10.072466106668934|498010
10.072466106668934|499010
10.072466106668934|500010
10.072466106668934|501010
10.072466106668934|502010
10.072466106668934|503010
10.072466106668934|504010
10.072466106668934|505010
10.072466106668934|506010
10.072466106668934|507010
10.072466106668934|508010
10.072466106668934|509010
10.072466106668934|510010
10.072466106668934|511010
10.072466106668934|512010
10.072466106668934|513010
10.072466106668934|514010
10.072466106668934|515010
10.072466106668934|516010
10.072466106668934|517010
10.072466106668934|518010
10.072466106668934|519010
10.072466106668934|520010
10.072466106668934|521010
10.072466106668934|522010
10.072466106668934|523010
10.072466106668934|524010
10.072466106668934|525010
10.072466106668934|526010
10.072466106668934|527010
10.072466106668934|528010
10.072466106668934|529010
10.072466106668934|530010
10.072466106668934|531010
10.072466106668934|532010
10.072466106668934|533010
10.072466106668934|534010
10.072466106668934|535010
10.072466106668934|536010
10.072466106668934|537010
10.072466106668934|538010
10.072466106668934|539010
10.072466106668934|540010
10.072466106668934|541010
10.072466106668934|542010
10.072466106668934|543010
10.072466106668934|544010
10.072466106668934|545010
10.072466106668934|546010
10.072466106668934|547010
10.072466106668934|548010
10.072466106668934|549010
10.072466106668934|550010
10.072466106668934|551010
10.072466106668934|552010
10.072466106668934|553010
10.072466106668934|554010
10.072466106668934|555010
10.072466106668934|556010
10.072466106668934|557010
10.072466106668934|558010
10.072466106668934|559010
10.072466106668934|560010
10.072466106668934|561010
10.072466106668934|562010
10.072466106668934|563010
10.072466106668934|564010
10.072466106668934|565010
10.072466106668934|566010
10.072466106668934|567010
10.072466106668934|568010
10.072466106668934|569010
10.072466106668934|570010
10.072466106668934|571010
10.072466106668934|572010
10.072466106668934|573010
10.072466106668934|574010
10.072466106668934|575010
10.072466106668934|576010
10.072466106668934|577010
10.072466106668934|578010
10.072466106668934|579010
10.072466106668934|580010
10.072466106668934|581010
10.072466106668934|582010
10.072466106668934|583010
10.072466106668934|584010
10.072466106668934|585010
10.072466106668934|586010
10.072466106668934|587010
10.072466106668934|588010
10.072466106668934|589010
10.072466106668934|590010
10.072466106668934|591010
10.072466106668934|592010
10.072466106668934|593010
10.072466106668934|594010
10.072466106668934|595010
10.072466106668934|596010
10.072466106668934|597010
10.072466106668934|598010
10.072466106668934|599010
10.072466106668934|600010
10.072466106668934|601010
10.072466106668934|602010
10.072466106668934|603010
10.072466106668934|604010
10.072466106668934|605010
10.072466106668934|606010
10.072466106668934|607010
10.072466106668934|608010
10.072466106668934|609010
10.072466106668934|610010
10.072466106668934|611010
10.072466106668934|612010
10.072466106668934|613010
10.072466106668934|614010
10.072466106668934|615010
10.072466106668934|616010
10.072466106668934|617010
10.072466106668934|618010
10.072466106668934|619010
10.072466106668934|620010
10.072466106668934|621010
10.072466106668934|622010
10.072466106668934|623010
10.072466106668934|624010
10.072466106668934|625010
10.072466106668934|626010
10.072466106668934|627010
10.072466106668934|628010
10.072466106668934|629010
10.072466106668934|630010
10.072466106668934|631010
10.072466106668934|632010
10.072466106668934|633010
10.072466106668934|634010
10.072466106668934|635010
10.072466106668934|636010
10.072466106668934|637010
10.072466106668934|638010
10.072466106668934|639010
10.072466106668934|640010
10.072466106668934|641010
10.072466106668934|642010
10.072466106668934|643010
10.072466106668934|644010
10.072466106668934|645010
10.072466106668934|646010
10.072466106668934|647010
10.072466106668934|648010
10.072466106668934|649010
10.072466106668934|650010
10.072466106668934|651010
10.072466106668934|652010
10.072466106668934|653010
10.072466106668934|654010
10.072466106668934|655010
10.072466106668934|656010
10.072466106668934|657010
10.072466106668934|658010
10.072466106668934|659010
10.072466106668934|660010
10.072466106668934|661010
10.072466106668934|662010
10.072466106668934|663010
10.072466106668934|664010
10.072466106668934|665010
10.072466106668934|666010
10.072466106668934|667010
10.072466106668934|668010
10.072466106668934|669010
10.072466106668934|670010
10.072466106668934|671010
10.072466106668934|672010
10.072466106668934|673010
10.072466106668934|674010
10.072466106668934|675010
10.072466106668934|676010
10.072466106668934|677010
10.072466106668934|678010
10.072466106668934|679010
10.072466106668934|680010
10.072466106668934|681010
10.072466106668934|682010
10.072466106668934|683010
10.072466106668934|684010
10.072466106668934|685010
10.072466106668934|686010
10.072466106668934|687010
10.072466106668934|688010
10.072466106668934|689010
10.072466106668934|690010
10.072466106668934|691010
10.072466106668934|692010
10.072466106668934|693010
10.072466106668934|694010
10.072466106668934|695010
10.072466106668934|696010
10.072466106668934|697010
10.072466106668934|698010
10.072466106668934|699010
10.072466106668934|700010
10.072466106668934|701010
10.072466106668934|702010
10.072466106668934|703010
10.072466106668934|704010
10.072466106668934|705010
10.072466106668934|706010
10.072466106668934|707010
10.072466106668934|708010
10.072466106668934|709010
10.072466106668934|710010
10.072466106668934|711010
10.072466106668934|712010
10.072466106668934|713010
10.072466106668934|714010
10.072466106668934|715010
10.072466106668934|716010
10.072466106668934|717010
10.072466106668934|718010
10.072466106668934|719010
10.072466106668934|720010
10.072466106668934|721010
10.072466106668934|722010
10.072466106668934|723010
10.072466106668934|724010
10.072466106668934|725010
10.072466106668934|726010
10.072466106668934|727010
10.072466106668934|728010
10.072466106668934|729010
10.072466106668934|730010
10.072466106668934|731010
10.072466106668934|732010
10.072466106668934|733010
10.072466106668934|734010
10.072466106668934|735010
10.072466106668934|736010
10.072466106668934|737010
10.072466106668934|738010
10.072466106668934|739010
10.072466106668934|740010
10.072466106668934|741010
10.072466106668934|742010
10.072466106668934|743010
10.072466106668934|744010
10.072466106668934|745010
10.072466106668934|746010
10.072466106668934|747010
10.072466106668934|748010
10.072466106668934|749010
10.072466106668934|750010
10.072466106668934|751010
10.072466106668934|752010
10.072466106668934|753010
10.072466106668934|754010
10.072466106668934|755010
10.072466106668934|756010
10.072466106668934|757010
10.072466106668934|758010
10.072466106668934|759010
10.072466106668934|760010
10.072466106668934|761010
10.072466106668934|762010
10.072466106668934|763010
10.072466106668934|764010
10.072466106668934|765010
10.072466106668934|766010
10.072466106668934|767010
10.072466106668934|768010
10.072466106668934|769010
10.072466106668934|770010
10.072466106668934|771010
10.072466106668934|772010
10.072466106668934|773010
10.072466106668934|774010
10.072466106668934|775010
10.072466106668934|776010
10.072466106668934|777010
10.072466106668934|778010
10.072466106668934|779010
10.072466106668934|780010
10.072466106668934|781010
10.072466106668934|782010
10.072466106668934|783010
10.072466106668934|784010
10.072466106668934|785010
10.072466106668934|786010
10.072466106668934|787010
10.072466106668934|788010
10.072466106668934|789010
10.072466106668934|790010
10.072466106668934|791010
10.072466106668934|792010
10.072466106668934|793010
10.072466106668934|794010
10.072466106668934|795010
10.072466106668934|796010
10.072466106668934|797010
10.072466106668934|798010
10.072466106668934|799010
10.072466106668934|800010
10.072466106668934|801010
10.072466106668934|802010
10.072466106668934|803010
10.072466106668934|804010
10.072466106668934|805010
10.072466106668934|806010
10.072466106668934|807010
10.072466106668934|808010
10.072466106668934|809010
10.072466106668934|810010
10.072466106668934|811010
10.072466106668934|812010
10.072466106668934|813010
10.072466106668934|814010
10.072466106668934|815010
10.072466106668934|816010
10.072466106668934|817010
10.072466106668934|818010
10.072466106668934|819010
10.072466106668934|820010
10.072466106668934|821010
10.072466106668934|822010
10.072466106668934|823010
10.072466106668934|824010
10.072466106668934|825010
10.072466106668934|826010
10.072466106668934|827010
10.072466106668934|828010
10.072466106668934|829010
10.072466106668934|830010
10.072466106668934|831010
10.072466106668934|832010
10.072466106668934|833010
10.072466106668934|834010
10.072466106668934|835010
10.072466106668934|836010
10.072466106668934|837010
10.072466106668934|838010
10.072466106668934|839010
10.072466106668934|840010
10.072466106668934|841010
10.072466106668934|842010
10.072466106668934|843010
10.072466106668934|844010
10.072466106668934|845010
10.072466106668934|846010
10.072466106668934|847010
10.072466106668934|848010
10.072466106668934|849010
10.072466106668934|850010
10.072466106668934|851010
10.072466106668934|852010
10.072466106668934|853010
10.072466106668934|854010
10.072466106668934|855010
10.072466106668934|856010
10.072466106668934|857010
10.072466106668934|858010
10.072466106668934|859010
10.072466106668934|860010
10.072466106668934|861010
10.072466106668934|862010
10.072466106668934|863010
10.072466106668934|864010
10.072466106668934|865010
10.072466106668934|866010
10.072466106668934|867010
10.072466106668934|868010
10.072466106668934|869010
10.072466106668934|870010
10.072466106668934|871010
10.072466106668934|872010
10.072466106668934|873010
10.072466106668934|874010
10.072466106668934|875010
10.072466106668934|876010
10.072466106668934|877010
10.072466106668934|878010
10.072466106668934|879010
10.072466106668934|880010
10.072466106668934|881010
10.072466106668934|882010
10.072466106668934|883010
10.072466106668934|884010
10.072466106668934|885010
10.072466106668934|886010
10.072466106668934|887010
10.072466106668934|888010
10.072466106668934|889010
10.072466106668934|890010
10.072466106668934|891010
10.072466106668934|892010
10.072466106668934|893010
10.072466106668934|894010
10.072466106668934|895010
10.072466106668934|896010
10.072466106668934|897010
10.072466106668934|898010
10.072466106668934|899010
10.072466106668934|900010
10.072466106668934|901010
10.072466106668934|902010
10.072466106668934|903010
10.072466106668934|904010
10.072466106668934|905010
10.072466106668934|906010
10.072466106668934|907010
10.072466106668934|908010
10.072466106668934|909010
10.072466106668934|910010
10.072466106668934|911010
10.072466106668934|912010
10.072466106668934|913010
10.072466106668934|914010
10.072466106668934|915010
10.072466106668934|916010
10.072466106668934|917010
10.072466106668934|918010
10.072466106668934|919010
10.072466106668934|920010
10.072466106668934|921010
10.072466106668934|922010
10.072466106668934|923010
10.072466106668934|924010
10.072466106668934|925010
10.072466106668934|926010
10.072466106668934|927010
10.072466106668934|928010
10.072466106668934|929010
10.072466106668934|930010
10.072466106668934|931010
10.072466106668934|932010
10.072466106668934|933010
10.072466106668934|934010
10.072466106668934|935010
10.072466106668934|936010
10.072466106668934|937010
10.072466106668934|938010
10.072466106668934|939010
10.072466106668934|940010
10.072466106668934|941010
10.072466106668934|942010
10.072466106668934|943010
10.072466106668934|944010
10.072466106668934|945010
10.072466106668934|946010
10.072466106668934|947010
10.072466106668934|948010
10.072466106668934|949010
10.072466106668934|950010
10.072466106668934|951010
10.072466106668934|952010
10.072466106668934|953010
10.072466106668934|954010
10.072466106668934|955010
10.072466106668934|956010
10.072466106668934|957010
10.072466106668934|958010
10.072466106668934|959010
10.072466106668934|960010
10.072466106668934|961010
10.072466106668934|962010
10.072466106668934|963010
10.072466106668934|964010
10.072466106668934|965010
10.072466106668934|966010
10.072466106668934|967010
10.072466106668934|968010
10.072466106668934|969010
10.072466106668934|970010
10.072466106668934|971010
10.072466106668934|972010
10.072466106668934|973010
10.072466106668934|974010
10.072466106668934|975010
10.072466106668934|976010
10.072466106668934|977010
10.072466106668934|978010
10.072466106668934|979010
10.072466106668934|980010
10.072466106668934|981010
10.072466106668934|982010
10.072466106668934|983010
10.072466106668934|984010
10.072466106668934|985010
10.072466106668934|986010
10.072466106668934|987010
10.072466106668934|988010
10.072466106668934|989010
10.072466106668934|990010
10.072466106668934|991010
10.072466106668934|992010
10.072466106668934|993010
10.072466106668934|994010
10.072466106668934|995010
10.072466106668934|996010
10.072466106668934|997010
10.072466106668934|998010
10.072466106668934|999010
10.072466106668934|1000010
