25.41370554668724|2000
24.92816754253434|3000
24.146685006200716|4000
23.007778000926447|5000
23.007778000926447|6000
22.73265916244454|7000
22.03367879793628|8000
21.315123406678513|9000
21.315123406678513|10000
20.918052088692303|11000
20.494238272791296|12000
20.289895744215748|13000
20.289895744215748|14000
19.549665789870893|15000
19.445007789909265|16000
19.323678034463473|17000
18.733856775972335|18000
18.509675592095434|19000
18.148789644570293|20000
18.148789644570293|21000
18.079178010082224|22000
17.51955825856771|23000
17.432903755484816|24000
17.432903755484816|25000
16.934704242177972|26000
16.86968532245652|27000
16.001666422550443|28000
16.001666422550443|29000
16.001666422550443|30000
15.820184078439015|31000
15.820184078439015|32000
15.820184078439015|33000
15.325331855309052|34000
15.059040311685285|35000
15.059040311685285|36000
14.757836130231743|37000
14.757836130231743|38000
14.757836130231743|39000
14.541822954261992|40000
14.485808565504044|41000
14.371203034476707|42000
14.371203034476707|43000
14.059050228975803|44000
14.059050228975803|45000
14.059050228975803|46000
14.00481042419666|47000
13.667751821617323|48000
13.667751821617323|49000
13.644922160151156|50000
13.644922160151156|51000
13.559030016384245|52000
13.211320549078094|53000
13.211320549078094|54000
13.199115046786531|55000
13.17676013787124|56000
12.989112983241865|57000
12.826657193200953|58000
12.826657193200953|59000
12.565531767261362|60000
12.565531767261362|61000
12.565531767261362|62000
12.565531767261362|63000
12.55217051322677|64000
12.490951273007898|65000
12.33209287871222|66000
12.191855784830077|67000
12.191855784830077|68000
12.056789646128022|69000
12.056789646128022|70000
12.056789646128022|71000
12.037435722770375|72000
11.807192428952938|73000
11.807192428952938|74000
11.807192428952938|75000
11.807192428952938|76000
11.672126290250882|77000
11.672126290250882|78000
11.57753571114252|79000
11.57753571114252|80000
11.57753571114252|81000
11.57753571114252|82000
11.297088518236835|83000
11.297088518236835|84000
11.297088518236835|85000
11.297088518236835|86000
11.197802903809853|87000
11.197802903809853|88000
11.197802903809853|89000
11.064438187995616|90000
11.034965429478227|91000
11.034965429478227|92000
11.034965429478227|93000
10.991996160709713|94000
10.991996160709713|95000
10.973852015269426|96000
10.868021536397606|97000
10.838548777880217|98000
10.838548777880217|99000
10.831987541589845|100000
10.770874127381044|101000
10.739263163453233|102000
10.638447094478899|103000
10.48087055716763|104000
10.48087055716763|105000
10.48087055716763|106000
10.48087055716763|107000
10.48087055716763|108000
10.48087055716763|109000
10.435469206590517|110000
10.435469206590517|111000
10.27789266927925|112000
10.27789266927925|113000
10.27789266927925|114000
10.27789266927925|115000
10.27789266927925|116000
10.164287879513205|117000
10.164287879513205|118000
10.164287879513205|119000
10.164287879513205|120000
10.164287879513205|121000
10.135605515803912|122000
10.063001749594909|123000
10.063001749594909|124000
10.063001749594909|125000
10.063001749594909|126000
10.051072466757214|127000
9.967525251390088|128000
9.967525251390088|129000
9.8769390786639|130000
9.8769390786639|131000
9.8769390786639|132000
9.8769390786639|133000
9.8769390786639|134000
9.8769390786639|135000
9.8769390786639|136000
9.865009795826206|137000
9.848256714954607|138000
9.844524841313188|139000
9.844524841313188|140000
9.844524841313188|141000
9.844524841313188|142000
9.54601961619609|143000
9.54601961619609|144000
9.54601961619609|145000
9.54601961619609|146000
9.54601961619609|147000
9.54601961619609|148000
9.54601961619609|149000
9.517337252486797|150000
9.517337252486797|151000
9.517337252486797|152000
9.517337252486797|153000
9.517337252486797|154000
9.517337252486797|155000
9.285555106943399|156000
9.285555106943399|157000
9.285555106943399|158000
9.263547857195508|159000
9.263547857195508|160000
9.263547857195508|161000
9.263547857195508|162000
9.263547857195508|163000
9.263547857195508|164000
9.263547857195508|165000
9.260014586111568|166000
9.260014586111568|167000
9.260014586111568|168000
9.260014586111568|169000
9.257145964561039|170000
9.257145964561039|171000
9.170804336091477|172000
9.170804336091477|173000
9.121565250848464|174000
9.121565250848464|175000
9.121565250848464|176000
9.121565250848464|177000
9.121565250848464|178000
9.121565250848464|179000
9.121565250848464|180000
9.121565250848464|181000
9.095035425076128|182000
9.095035425076128|183000
9.095035425076128|184000
9.032355000828373|185000
9.032355000828373|186000
9.032355000828373|187000
9.032355000828373|188000
9.032355000828373|189000
8.894098719985847|190000
8.894098719985847|191000
8.894098719985847|192000
8.894098719985847|193000
8.894098719985847|194000
8.894098719985847|195000
8.870837347583986|196000
8.870837347583986|197000
8.870837347583986|198000
8.85515879795066|199000
8.85515879795066|200000
8.85515879795066|201000
8.85515879795066|202000
8.85515879795066|203000
8.743759595374483|204000
8.743759595374483|205000
8.743759595374483|206000
8.743759595374483|207000
8.743759595374483|208000
8.743759595374483|209000
8.743759595374483|210000
8.743759595374483|211000
8.743759595374483|212000
8.743759595374483|213000
8.743759595374483|214000
8.743759595374483|215000
8.743759595374483|216000
8.743759595374483|217000
8.743759595374483|218000
8.743759595374483|219000
8.743759595374483|220000
8.743759595374483|221000
8.743759595374483|222000
8.743759595374483|223000
8.743759595374483|224000
8.743759595374483|225000
8.743759595374483|226000
8.743759595374483|227000
8.743759595374483|228000
8.743759595374483|229000
8.743759595374483|230000
8.743759595374483|231000
8.743759595374483|232000
8.743759595374483|233000
8.743759595374483|234000
8.743759595374483|235000
8.743759595374483|236000
8.743759595374483|237000
8.743759595374483|238000
8.743759595374483|239000
8.743759595374483|240000
8.743759595374483|241000
8.743759595374483|242000
8.743759595374483|243000
8.743759595374483|244000
8.743759595374483|245000
8.743759595374483|246000
8.743759595374483|247000
8.743759595374483|248000
8.743759595374483|249000
8.743759595374483|250000
8.743759595374483|251000
8.743759595374483|252000
8.743759595374483|253000
8.743759595374483|254000
8.743759595374483|255000
8.743759595374483|256000
8.743759595374483|257000
8.743759595374483|258000
8.743759595374483|259000
8.743759595374483|260000
8.743759595374483|261000
8.743759595374483|262000
8.743759595374483|263000
8.743759595374483|264000
8.743759595374483|265000
8.743759595374483|266000
8.743759595374483|267000
8.743759595374483|268000
8.743759595374483|269000
8.743759595374483|270000
8.743759595374483|271000
8.743759595374483|272000
8.743759595374483|273000
8.743759595374483|274000
8.743759595374483|275000
8.743759595374483|276000
8.743759595374483|277000
8.743759595374483|278000
8.743759595374483|279000
8.743759595374483|280000
8.743759595374483|281000
8.743759595374483|282000
8.743759595374483|283000
8.743759595374483|284000
8.743759595374483|285000
8.743759595374483|286000
8.743759595374483|287000
8.743759595374483|288000
8.743759595374483|289000
8.743759595374483|290000
8.743759595374483|291000
8.743759595374483|292000
8.743759595374483|293000
8.743759595374483|294000
8.743759595374483|295000
8.743759595374483|296000
8.743759595374483|297000
8.743759595374483|298000
8.743759595374483|299000
8.743759595374483|300000
8.743759595374483|301000
8.743759595374483|302000
8.743759595374483|303000
8.743759595374483|304000
8.743759595374483|305000
8.743759595374483|306000
8.743759595374483|307000
8.743759595374483|308000
8.743759595374483|309000
8.743759595374483|310000
8.743759595374483|311000
8.743759595374483|312000
8.743759595374483|313000
8.743759595374483|314000
8.743759595374483|315000
8.743759595374483|316000
8.743759595374483|317000
8.743759595374483|318000
8.743759595374483|319000
8.743759595374483|320000
8.743759595374483|321000
8.743759595374483|322000
8.743759595374483|323000
8.743759595374483|324000
8.743759595374483|325000
8.743759595374483|326000
8.743759595374483|327000
8.743759595374483|328000
8.743759595374483|329000
8.743759595374483|330000
8.743759595374483|331000
8.743759595374483|332000
8.743759595374483|333000
8.743759595374483|334000
8.743759595374483|335000
8.743759595374483|336000
8.743759595374483|337000
8.743759595374483|338000
8.743759595374483|339000
8.743759595374483|340000
8.743759595374483|341000
8.743759595374483|342000
8.743759595374483|343000
8.743759595374483|344000
8.743759595374483|345000
8.743759595374483|346000
8.743759595374483|347000
8.743759595374483|348000
8.743759595374483|349000
8.743759595374483|350000
8.743759595374483|351000
8.743759595374483|352000
8.743759595374483|353000
8.743759595374483|354000
8.743759595374483|355000
8.743759595374483|356000
8.743759595374483|357000
8.743759595374483|358000
8.743759595374483|359000
8.743759595374483|360000
8.743759595374483|361000
8.743759595374483|362000
8.743759595374483|363000
8.743759595374483|364000
8.743759595374483|365000
8.743759595374483|366000
8.743759595374483|367000
8.743759595374483|368000
8.743759595374483|369000
8.743759595374483|370000
8.743759595374483|371000
8.743759595374483|372000
8.743759595374483|373000
8.743759595374483|374000
8.743759595374483|375000
8.743759595374483|376000
8.743759595374483|377000
8.743759595374483|378000
8.743759595374483|379000
8.743759595374483|380000
8.743759595374483|381000
8.743759595374483|382000
8.743759595374483|383000
8.743759595374483|384000
8.743759595374483|385000
8.743759595374483|386000
8.743759595374483|387000
8.743759595374483|388000
8.743759595374483|389000
8.743759595374483|390000
8.743759595374483|391000
8.743759595374483|392000
8.743759595374483|393000
8.743759595374483|394000
8.743759595374483|395000
8.743759595374483|396000
8.743759595374483|397000
8.743759595374483|398000
8.743759595374483|399000
8.743759595374483|400000
8.743759595374483|401000
8.743759595374483|402000
8.743759595374483|403000
8.743759595374483|404000
8.743759595374483|405000
8.743759595374483|406000
8.743759595374483|407000
8.743759595374483|408000
8.743759595374483|409000
8.743759595374483|410000
8.743759595374483|411000
8.743759595374483|412000
8.743759595374483|413000
8.743759595374483|414000
8.743759595374483|415000
8.743759595374483|416000
8.743759595374483|417000
8.743759595374483|418000
8.743759595374483|419000
8.743759595374483|420000
8.743759595374483|421000
8.743759595374483|422000
8.743759595374483|423000
8.743759595374483|424000
8.743759595374483|425000
8.743759595374483|426000
8.743759595374483|427000
8.743759595374483|428000
8.743759595374483|429000
8.743759595374483|430000
8.743759595374483|431000
8.743759595374483|432000
8.743759595374483|433000
8.743759595374483|434000
8.743759595374483|435000
8.743759595374483|436000
8.743759595374483|437000
8.743759595374483|438000
8.743759595374483|439000
8.743759595374483|440000
8.743759595374483|441000
8.743759595374483|442000
8.743759595374483|443000
8.743759595374483|444000
8.743759595374483|445000
8.743759595374483|446000
8.743759595374483|447000
8.743759595374483|448000
8.743759595374483|449000
8.743759595374483|450000
8.743759595374483|451000
8.743759595374483|452000
8.743759595374483|453000
8.743759595374483|454000
8.743759595374483|455000
8.743759595374483|456000
8.743759595374483|457000
8.743759595374483|458000
8.743759595374483|459000
8.743759595374483|460000
8.743759595374483|461000
8.743759595374483|462000
8.743759595374483|463000
8.743759595374483|464000
8.743759595374483|465000
8.743759595374483|466000
8.743759595374483|467000
8.743759595374483|468000
8.743759595374483|469000
8.743759595374483|470000
8.743759595374483|471000
8.743759595374483|472000
8.743759595374483|473000
8.743759595374483|474000
8.743759595374483|475000
8.743759595374483|476000
8.743759595374483|477000
8.743759595374483|478000
8.743759595374483|479000
8.743759595374483|480000
8.743759595374483|481000
8.743759595374483|482000
8.743759595374483|483000
8.743759595374483|484000
8.743759595374483|485000
8.743759595374483|486000
8.743759595374483|487000
8.743759595374483|488000
8.743759595374483|489000
8.743759595374483|490000
8.743759595374483|491000
8.743759595374483|492000
8.743759595374483|493000
8.743759595374483|494000
8.743759595374483|495000
8.743759595374483|496000
8.743759595374483|497000
8.743759595374483|498000
8.743759595374483|499000
8.743759595374483|500000
8.743759595374483|501000
8.743759595374483|502000
8.743759595374483|503000
8.743759595374483|504000
8.743759595374483|505000
8.743759595374483|506000
8.743759595374483|507000
8.743759595374483|508000
8.743759595374483|509000
8.743759595374483|510000
8.743759595374483|511000
8.743759595374483|512000
8.743759595374483|513000
8.743759595374483|514000
8.743759595374483|515000
8.743759595374483|516000
8.743759595374483|517000
8.743759595374483|518000
8.743759595374483|519000
8.743759595374483|520000
8.743759595374483|521000
8.743759595374483|522000
8.743759595374483|523000
8.743759595374483|524000
8.743759595374483|525000
8.743759595374483|526000
8.743759595374483|527000
8.743759595374483|528000
8.743759595374483|529000
8.743759595374483|530000
8.743759595374483|531000
8.743759595374483|532000
8.743759595374483|533000
8.743759595374483|534000
8.743759595374483|535000
8.743759595374483|536000
8.743759595374483|537000
8.743759595374483|538000
8.743759595374483|539000
8.743759595374483|540000
8.743759595374483|541000
8.743759595374483|542000
8.743759595374483|543000
8.743759595374483|544000
8.743759595374483|545000
8.743759595374483|546000
8.743759595374483|547000
8.743759595374483|548000
8.743759595374483|549000
8.743759595374483|550000
8.743759595374483|551000
8.743759595374483|552000
8.743759595374483|553000
8.743759595374483|554000
8.743759595374483|555000
8.743759595374483|556000
8.743759595374483|557000
8.743759595374483|558000
8.743759595374483|559000
8.743759595374483|560000
8.743759595374483|561000
8.743759595374483|562000
8.743759595374483|563000
8.743759595374483|564000
8.743759595374483|565000
8.743759595374483|566000
8.743759595374483|567000
8.743759595374483|568000
8.743759595374483|569000
8.743759595374483|570000
8.743759595374483|571000
8.743759595374483|572000
8.743759595374483|573000
8.743759595374483|574000
8.743759595374483|575000
8.743759595374483|576000
8.743759595374483|577000
8.743759595374483|578000
8.743759595374483|579000
8.743759595374483|580000
8.743759595374483|581000
8.743759595374483|582000
8.743759595374483|583000
8.743759595374483|584000
8.743759595374483|585000
8.743759595374483|586000
8.743759595374483|587000
8.743759595374483|588000
8.743759595374483|589000
8.743759595374483|590000
8.743759595374483|591000
8.743759595374483|592000
8.743759595374483|593000
8.743759595374483|594000
8.743759595374483|595000
8.743759595374483|596000
8.743759595374483|597000
8.743759595374483|598000
8.743759595374483|599000
8.743759595374483|600000
8.743759595374483|601000
8.743759595374483|602000
8.743759595374483|603000
8.743759595374483|604000
8.743759595374483|605000
8.743759595374483|606000
8.743759595374483|607000
8.743759595374483|608000
8.743759595374483|609000
8.743759595374483|610000
8.743759595374483|611000
8.743759595374483|612000
8.743759595374483|613000
8.743759595374483|614000
8.743759595374483|615000
8.743759595374483|616000
8.743759595374483|617000
8.743759595374483|618000
8.743759595374483|619000
8.743759595374483|620000
8.743759595374483|621000
8.743759595374483|622000
8.743759595374483|623000
8.743759595374483|624000
8.743759595374483|625000
8.743759595374483|626000
8.743759595374483|627000
8.743759595374483|628000
8.743759595374483|629000
8.743759595374483|630000
8.743759595374483|631000
8.743759595374483|632000
8.743759595374483|633000
8.743759595374483|634000
8.743759595374483|635000
8.743759595374483|636000
8.743759595374483|637000
8.743759595374483|638000
8.743759595374483|639000
8.743759595374483|640000
8.743759595374483|641000
8.743759595374483|642000
8.743759595374483|643000
8.743759595374483|644000
8.743759595374483|645000
8.743759595374483|646000
8.743759595374483|647000
8.743759595374483|648000
8.743759595374483|649000
8.743759595374483|650000
8.743759595374483|651000
8.743759595374483|652000
8.743759595374483|653000
8.743759595374483|654000
8.743759595374483|655000
8.743759595374483|656000
8.743759595374483|657000
8.743759595374483|658000
8.743759595374483|659000
8.743759595374483|660000
8.743759595374483|661000
8.743759595374483|662000
8.743759595374483|663000
8.743759595374483|664000
8.743759595374483|665000
8.743759595374483|666000
8.743759595374483|667000
8.743759595374483|668000
8.743759595374483|669000
8.743759595374483|670000
8.743759595374483|671000
8.743759595374483|672000
8.743759595374483|673000
8.743759595374483|674000
8.743759595374483|675000
8.743759595374483|676000
8.743759595374483|677000
8.743759595374483|678000
8.743759595374483|679000
8.743759595374483|680000
8.743759595374483|681000
8.743759595374483|682000
8.743759595374483|683000
8.743759595374483|684000
8.743759595374483|685000
8.743759595374483|686000
8.743759595374483|687000
8.743759595374483|688000
8.743759595374483|689000
8.743759595374483|690000
8.743759595374483|691000
8.743759595374483|692000
8.743759595374483|693000
8.743759595374483|694000
8.743759595374483|695000
8.743759595374483|696000
8.743759595374483|697000
8.743759595374483|698000
8.743759595374483|699000
8.743759595374483|700000
8.743759595374483|701000
8.743759595374483|702000
8.743759595374483|703000
8.743759595374483|704000
8.743759595374483|705000
8.743759595374483|706000
8.743759595374483|707000
8.743759595374483|708000
8.743759595374483|709000
8.743759595374483|710000
8.743759595374483|711000
8.743759595374483|712000
8.743759595374483|713000
8.743759595374483|714000
8.743759595374483|715000
8.743759595374483|716000
8.743759595374483|717000
8.743759595374483|718000
8.743759595374483|719000
8.743759595374483|720000
8.743759595374483|721000
8.743759595374483|722000
8.743759595374483|723000
8.743759595374483|724000
8.743759595374483|725000
8.743759595374483|726000
8.743759595374483|727000
8.743759595374483|728000
8.743759595374483|729000
8.743759595374483|730000
8.743759595374483|731000
8.743759595374483|732000
8.743759595374483|733000
8.743759595374483|734000
8.743759595374483|735000
8.743759595374483|736000
8.743759595374483|737000
8.743759595374483|738000
8.743759595374483|739000
8.743759595374483|740000
8.743759595374483|741000
8.743759595374483|742000
8.743759595374483|743000
8.743759595374483|744000
8.743759595374483|745000
8.743759595374483|746000
8.743759595374483|747000
8.743759595374483|748000
8.743759595374483|749000
8.743759595374483|750000
8.743759595374483|751000
8.743759595374483|752000
8.743759595374483|753000
8.743759595374483|754000
8.743759595374483|755000
8.743759595374483|756000
8.743759595374483|757000
8.743759595374483|758000
8.743759595374483|759000
8.743759595374483|760000
8.743759595374483|761000
8.743759595374483|762000
8.743759595374483|763000
8.743759595374483|764000
8.743759595374483|765000
8.743759595374483|766000
8.743759595374483|767000
8.743759595374483|768000
8.743759595374483|769000
8.743759595374483|770000
8.743759595374483|771000
8.743759595374483|772000
8.743759595374483|773000
8.743759595374483|774000
8.743759595374483|775000
8.743759595374483|776000
8.743759595374483|777000
8.743759595374483|778000
8.743759595374483|779000
8.743759595374483|780000
8.743759595374483|781000
8.743759595374483|782000
8.743759595374483|783000
8.743759595374483|784000
8.743759595374483|785000
8.743759595374483|786000
8.743759595374483|787000
8.743759595374483|788000
8.743759595374483|789000
8.743759595374483|790000
8.743759595374483|791000
8.743759595374483|792000
8.743759595374483|793000
8.743759595374483|794000
8.743759595374483|795000
8.743759595374483|796000
8.743759595374483|797000
8.743759595374483|798000
8.743759595374483|799000
8.743759595374483|800000
8.743759595374483|801000
8.743759595374483|802000
8.743759595374483|803000
8.743759595374483|804000
8.743759595374483|805000
8.743759595374483|806000
8.743759595374483|807000
8.743759595374483|808000
8.743759595374483|809000
8.743759595374483|810000
8.743759595374483|811000
8.743759595374483|812000
8.743759595374483|813000
8.743759595374483|814000
8.743759595374483|815000
8.743759595374483|816000
8.743759595374483|817000
8.743759595374483|818000
8.743759595374483|819000
8.743759595374483|820000
8.743759595374483|821000
8.743759595374483|822000
8.743759595374483|823000
8.743759595374483|824000
8.743759595374483|825000
8.743759595374483|826000
8.743759595374483|827000
8.743759595374483|828000
8.743759595374483|829000
8.743759595374483|830000
8.743759595374483|831000
8.743759595374483|832000
8.743759595374483|833000
8.743759595374483|834000
8.743759595374483|835000
8.743759595374483|836000
8.743759595374483|837000
8.743759595374483|838000
8.743759595374483|839000
8.743759595374483|840000
8.743759595374483|841000
8.743759595374483|842000
8.743759595374483|843000
8.743759595374483|844000
8.743759595374483|845000
8.743759595374483|846000
8.743759595374483|847000
8.743759595374483|848000
8.743759595374483|849000
8.743759595374483|850000
8.743759595374483|851000
8.743759595374483|852000
8.743759595374483|853000
8.743759595374483|854000
8.743759595374483|855000
8.743759595374483|856000
8.743759595374483|857000
8.743759595374483|858000
8.743759595374483|859000
8.743759595374483|860000
8.743759595374483|861000
8.743759595374483|862000
8.743759595374483|863000
8.743759595374483|864000
8.743759595374483|865000
8.743759595374483|866000
8.743759595374483|867000
8.743759595374483|868000
8.743759595374483|869000
8.743759595374483|870000
8.743759595374483|871000
8.743759595374483|872000
8.743759595374483|873000
8.743759595374483|874000
8.743759595374483|875000
8.743759595374483|876000
8.743759595374483|877000
8.743759595374483|878000
8.743759595374483|879000
8.743759595374483|880000
8.743759595374483|881000
8.743759595374483|882000
8.743759595374483|883000
8.743759595374483|884000
8.743759595374483|885000
8.743759595374483|886000
8.743759595374483|887000
8.743759595374483|888000
8.743759595374483|889000
8.743759595374483|890000
8.743759595374483|891000
8.743759595374483|892000
8.743759595374483|893000
8.743759595374483|894000
8.743759595374483|895000
8.743759595374483|896000
8.743759595374483|897000
8.743759595374483|898000
8.743759595374483|899000
8.743759595374483|900000
8.743759595374483|901000
8.743759595374483|902000
8.743759595374483|903000
8.743759595374483|904000
8.743759595374483|905000
8.743759595374483|906000
8.743759595374483|907000
8.743759595374483|908000
8.743759595374483|909000
8.743759595374483|910000
8.743759595374483|911000
8.743759595374483|912000
8.743759595374483|913000
8.743759595374483|914000
8.743759595374483|915000
8.743759595374483|916000
8.743759595374483|917000
8.743759595374483|918000
8.743759595374483|919000
8.743759595374483|920000
8.743759595374483|921000
8.743759595374483|922000
8.743759595374483|923000
8.743759595374483|924000
8.743759595374483|925000
8.743759595374483|926000
8.743759595374483|927000
8.743759595374483|928000
8.743759595374483|929000
8.743759595374483|930000
8.743759595374483|931000
8.743759595374483|932000
8.743759595374483|933000
8.743759595374483|934000
8.743759595374483|935000
8.743759595374483|936000
8.743759595374483|937000
8.743759595374483|938000
8.743759595374483|939000
8.743759595374483|940000
8.743759595374483|941000
8.743759595374483|942000
8.743759595374483|943000
8.743759595374483|944000
8.743759595374483|945000
8.743759595374483|946000
8.743759595374483|947000
8.743759595374483|948000
8.743759595374483|949000
8.743759595374483|950000
8.743759595374483|951000
8.743759595374483|952000
8.743759595374483|953000
8.743759595374483|954000
8.743759595374483|955000
8.743759595374483|956000
8.743759595374483|957000
8.743759595374483|958000
8.743759595374483|959000
8.743759595374483|960000
8.743759595374483|961000
8.743759595374483|962000
8.743759595374483|963000
8.743759595374483|964000
8.743759595374483|965000
8.743759595374483|966000
8.743759595374483|967000
8.743759595374483|968000
8.743759595374483|969000
8.743759595374483|970000
8.743759595374483|971000
8.743759595374483|972000
8.743759595374483|973000
8.743759595374483|974000
8.743759595374483|975000
8.743759595374483|976000
8.743759595374483|977000
8.743759595374483|978000
8.743759595374483|979000
8.743759595374483|980000
8.743759595374483|981000
8.743759595374483|982000
8.743759595374483|983000
8.743759595374483|984000
8.743759595374483|985000
8.743759595374483|986000
8.743759595374483|987000
8.743759595374483|988000
8.743759595374483|989000
8.743759595374483|990000
8.743759595374483|991000
8.743759595374483|992000
8.743759595374483|993000
8.743759595374483|994000
8.743759595374483|995000
8.743759595374483|996000
8.743759595374483|997000
8.743759595374483|998000
8.743759595374483|999000
8.743759595374483|1000000
