16.145347756373337|1010
13.143877795611703|2010
12.65337709726416|3010
12.322128273173496|4010
11.79361644622079|5010
11.59892332871864|6010
11.413296764142723|7010
11.20284487187677|8010
11.016239006323636|9010
10.936413830247158|10010
10.933567424625373|11010
10.753160082271133|12010
10.42528751367007|13010
10.2443137329272|14010
10.126307165647338|15010
10.126307165647338|16010
9.921008925071366|17010
9.784519467332899|18010
9.784519467332899|19010
9.784519467332899|20010
9.784519467332899|21010
9.784519467332899|22010
9.784519467332899|23010
9.784519467332899|24010
9.784519467332899|25010
9.784519467332899|26010
9.784519467332899|27010
9.784519467332899|28010
9.784519467332899|29010
9.784519467332899|30010
9.784519467332899|31010
9.784519467332899|32010
9.784519467332899|33010
9.784519467332899|34010
9.784519467332899|35010
9.784519467332899|36010
9.784519467332899|37010
9.784519467332899|38010
9.784519467332899|39010
9.784519467332899|40010
9.784519467332899|41010
9.784519467332899|42010
9.784519467332899|43010
9.784519467332899|44010
9.784519467332899|45010
9.784519467332899|46010
9.784519467332899|47010
9.784519467332899|48010
9.784519467332899|49010
9.784519467332899|50010
9.784519467332899|51010
9.784519467332899|52010
9.784519467332899|53010
9.784519467332899|54010
9.784519467332899|55010
9.784519467332899|56010
9.784519467332899|57010
9.784519467332899|58010
9.784519467332899|59010
9.784519467332899|60010
9.784519467332899|61010
9.784519467332899|62010
9.784519467332899|63010
9.784519467332899|64010
9.784519467332899|65010
9.784519467332899|66010
9.784519467332899|67010
9.784519467332899|68010
9.784519467332899|69010
9.784519467332899|70010
9.784519467332899|71010
9.784519467332899|72010
9.784519467332899|73010
9.784519467332899|74010
9.784519467332899|75010
9.784519467332899|76010
9.784519467332899|77010
9.784519467332899|78010
9.784519467332899|79010
9.784519467332899|80010
9.784519467332899|81010
9.784519467332899|82010
9.784519467332899|83010
9.784519467332899|84010
9.784519467332899|85010
9.784519467332899|86010
9.784519467332899|87010
9.784519467332899|88010
9.784519467332899|89010
9.784519467332899|90010
9.784519467332899|91010
9.784519467332899|92010
9.784519467332899|93010
9.784519467332899|94010
9.784519467332899|95010
9.784519467332899|96010
9.784519467332899|97010
9.784519467332899|98010
9.784519467332899|99010
9.784519467332899|100010
9.784519467332899|101010
9.784519467332899|102010
9.784519467332899|103010
9.784519467332899|104010
9.784519467332899|105010
9.784519467332899|106010
9.784519467332899|107010
9.784519467332899|108010
9.784519467332899|109010
9.784519467332899|110010
9.784519467332899|111010
9.784519467332899|112010
9.784519467332899|113010
9.784519467332899|114010
9.784519467332899|115010
9.784519467332899|116010
9.784519467332899|117010
9.784519467332899|118010
9.784519467332899|119010
9.784519467332899|120010
9.784519467332899|121010
9.784519467332899|122010
9.784519467332899|123010
9.784519467332899|124010
9.784519467332899|125010
9.784519467332899|126010
9.784519467332899|127010
9.784519467332899|128010
9.784519467332899|129010
9.784519467332899|130010
9.784519467332899|131010
9.784519467332899|132010
9.784519467332899|133010
9.784519467332899|134010
9.784519467332899|135010
9.784519467332899|136010
9.784519467332899|137010
9.784519467332899|138010
9.784519467332899|139010
9.784519467332899|140010
9.784519467332899|141010
9.784519467332899|142010
9.784519467332899|143010
9.784519467332899|144010
9.784519467332899|145010
9.784519467332899|146010
9.784519467332899|147010
9.784519467332899|148010
9.784519467332899|149010
9.784519467332899|150010
9.784519467332899|151010
9.784519467332899|152010
9.784519467332899|153010
9.784519467332899|154010
9.784519467332899|155010
9.784519467332899|156010
9.784519467332899|157010
9.784519467332899|158010
9.784519467332899|159010
9.784519467332899|160010
9.784519467332899|161010
9.784519467332899|162010
9.784519467332899|163010
9.784519467332899|164010
9.784519467332899|165010
9.784519467332899|166010
9.784519467332899|167010
9.784519467332899|168010
9.784519467332899|169010
9.784519467332899|170010
9.784519467332899|171010
9.784519467332899|172010
9.784519467332899|173010
9.784519467332899|174010
9.784519467332899|175010
9.784519467332899|176010
9.784519467332899|177010
9.784519467332899|178010
9.784519467332899|179010
9.784519467332899|180010
9.784519467332899|181010
9.784519467332899|182010
9.784519467332899|183010
9.784519467332899|184010
9.784519467332899|185010
9.784519467332899|186010
9.784519467332899|187010
9.784519467332899|188010
9.784519467332899|189010
9.784519467332899|190010
9.784519467332899|191010
9.784519467332899|192010
9.784519467332899|193010
9.784519467332899|194010
9.784519467332899|195010
9.784519467332899|196010
9.784519467332899|197010
9.784519467332899|198010
9.784519467332899|199010
9.784519467332899|200010
9.784519467332899|201010
9.784519467332899|202010
9.784519467332899|203010
9.784519467332899|204010
9.784519467332899|205010
9.784519467332899|206010
9.784519467332899|207010
9.784519467332899|208010
9.784519467332899|209010
9.784519467332899|210010
9.784519467332899|211010
9.784519467332899|212010
9.784519467332899|213010
9.784519467332899|214010
9.784519467332899|215010
9.784519467332899|216010
9.784519467332899|217010
9.784519467332899|218010
9.784519467332899|219010
9.784519467332899|220010
9.784519467332899|221010
9.784519467332899|222010
9.784519467332899|223010
9.784519467332899|224010
9.784519467332899|225010
9.784519467332899|226010
9.784519467332899|227010
9.784519467332899|228010
9.784519467332899|229010
9.784519467332899|230010
9.784519467332899|231010
9.784519467332899|232010
9.784519467332899|233010
9.784519467332899|234010
9.784519467332899|235010
9.784519467332899|236010
9.784519467332899|237010
9.784519467332899|238010
9.784519467332899|239010
9.784519467332899|240010
9.784519467332899|241010
9.784519467332899|242010
9.784519467332899|243010
9.784519467332899|244010
9.784519467332899|245010
9.784519467332899|246010
9.784519467332899|247010
9.784519467332899|248010
9.784519467332899|249010
9.784519467332899|250010
9.784519467332899|251010
9.784519467332899|252010
9.784519467332899|253010
9.784519467332899|254010
9.784519467332899|255010
9.784519467332899|256010
9.784519467332899|257010
9.784519467332899|258010
9.784519467332899|259010
9.784519467332899|260010
9.784519467332899|261010
9.784519467332899|262010
9.784519467332899|263010
9.784519467332899|264010
9.784519467332899|265010
9.784519467332899|266010
9.784519467332899|267010
9.784519467332899|268010
9.784519467332899|269010
9.784519467332899|270010
9.784519467332899|271010
9.784519467332899|272010
9.784519467332899|273010
9.784519467332899|274010
9.784519467332899|275010
9.784519467332899|276010
9.784519467332899|277010
9.784519467332899|278010
9.784519467332899|279010
9.784519467332899|280010
9.784519467332899|281010
9.784519467332899|282010
9.784519467332899|283010
9.784519467332899|284010
9.784519467332899|285010
9.784519467332899|286010
9.784519467332899|287010
9.784519467332899|288010
9.784519467332899|289010
9.784519467332899|290010
9.784519467332899|291010
9.784519467332899|292010
9.784519467332899|293010
9.784519467332899|294010
9.784519467332899|295010
9.784519467332899|296010
9.784519467332899|297010
9.784519467332899|298010
9.784519467332899|299010
9.784519467332899|300010
9.784519467332899|301010
9.784519467332899|302010
9.784519467332899|303010
9.784519467332899|304010
9.784519467332899|305010
9.784519467332899|306010
9.784519467332899|307010
9.784519467332899|308010
9.784519467332899|309010
9.784519467332899|310010
9.784519467332899|311010
9.784519467332899|312010
9.784519467332899|313010
9.784519467332899|314010
9.784519467332899|315010
9.784519467332899|316010
9.784519467332899|317010
9.784519467332899|318010
9.784519467332899|319010
9.784519467332899|320010
9.784519467332899|321010
9.784519467332899|322010
9.784519467332899|323010
9.784519467332899|324010
9.784519467332899|325010
9.784519467332899|326010
9.784519467332899|327010
9.784519467332899|328010
9.784519467332899|329010
9.784519467332899|330010
9.784519467332899|331010
9.784519467332899|332010
9.784519467332899|333010
9.784519467332899|334010
9.784519467332899|335010
9.784519467332899|336010
9.784519467332899|337010
9.784519467332899|338010
9.784519467332899|339010
9.784519467332899|340010
9.784519467332899|341010
9.784519467332899|342010
9.784519467332899|343010
9.784519467332899|344010
9.784519467332899|345010
9.784519467332899|346010
9.784519467332899|347010
9.784519467332899|348010
9.784519467332899|349010
9.784519467332899|350010
9.784519467332899|351010
9.784519467332899|352010
9.784519467332899|353010
9.784519467332899|354010
9.784519467332899|355010
9.784519467332899|356010
9.784519467332899|357010
9.784519467332899|358010
9.784519467332899|359010
9.784519467332899|360010
9.784519467332899|361010
9.784519467332899|362010
9.784519467332899|363010
9.784519467332899|364010
9.784519467332899|365010
9.784519467332899|366010
9.784519467332899|367010
9.784519467332899|368010
9.784519467332899|369010
9.784519467332899|370010
9.784519467332899|371010
9.784519467332899|372010
9.784519467332899|373010
9.784519467332899|374010
9.784519467332899|375010
9.784519467332899|376010
9.784519467332899|377010
9.784519467332899|378010
9.784519467332899|379010
9.784519467332899|380010
9.784519467332899|381010
9.784519467332899|382010
9.784519467332899|383010
9.784519467332899|384010
9.784519467332899|385010
9.784519467332899|386010
9.784519467332899|387010
9.784519467332899|388010
9.784519467332899|389010
9.784519467332899|390010
9.784519467332899|391010
9.784519467332899|392010
9.784519467332899|393010
9.784519467332899|394010
9.784519467332899|395010
9.784519467332899|396010
9.784519467332899|397010
9.784519467332899|398010
9.784519467332899|399010
9.784519467332899|400010
9.784519467332899|401010
9.784519467332899|402010
9.784519467332899|403010
9.784519467332899|404010
9.784519467332899|405010
9.784519467332899|406010
9.784519467332899|407010
9.784519467332899|408010
9.784519467332899|409010
9.784519467332899|410010
9.784519467332899|411010
9.784519467332899|412010
9.784519467332899|413010
9.784519467332899|414010
9.784519467332899|415010
9.784519467332899|416010
9.784519467332899|417010
9.784519467332899|418010
9.784519467332899|419010
9.784519467332899|420010
9.784519467332899|421010
9.784519467332899|422010
9.784519467332899|423010
9.784519467332899|424010
9.784519467332899|425010
9.784519467332899|426010
9.784519467332899|427010
9.784519467332899|428010
9.784519467332899|429010
9.784519467332899|430010
9.784519467332899|431010
9.784519467332899|432010
9.784519467332899|433010
9.784519467332899|434010
9.784519467332899|435010
9.784519467332899|436010
9.784519467332899|437010
9.784519467332899|438010
9.784519467332899|439010
9.784519467332899|440010
9.784519467332899|441010
9.784519467332899|442010
9.784519467332899|443010
9.784519467332899|444010
9.784519467332899|445010
9.784519467332899|446010
9.784519467332899|447010
9.784519467332899|448010
9.784519467332899|449010
9.784519467332899|450010
9.784519467332899|451010
9.784519467332899|452010
9.784519467332899|453010
9.784519467332899|454010
9.784519467332899|455010
9.784519467332899|456010
9.784519467332899|457010
9.784519467332899|458010
9.784519467332899|459010
9.784519467332899|460010
9.784519467332899|461010
9.784519467332899|462010
9.784519467332899|463010
9.784519467332899|464010
9.784519467332899|465010
9.784519467332899|466010
9.784519467332899|467010
9.784519467332899|468010
9.784519467332899|469010
9.784519467332899|470010
9.784519467332899|471010
9.784519467332899|472010
9.784519467332899|473010
9.784519467332899|474010
9.784519467332899|475010
9.784519467332899|476010
9.784519467332899|477010
9.784519467332899|478010
9.784519467332899|479010
9.784519467332899|480010
9.784519467332899|481010
9.784519467332899|482010
9.784519467332899|483010
9.784519467332899|484010
9.784519467332899|485010
9.784519467332899|486010
9.784519467332899|487010
9.784519467332899|488010
9.784519467332899|489010
9.784519467332899|490010
9.784519467332899|491010
9.784519467332899|492010
9.784519467332899|493010
9.784519467332899|494010
9.784519467332899|495010
9.784519467332899|496010
9.784519467332899|497010
9.784519467332899|498010
9.784519467332899|499010
9.784519467332899|500010
9.784519467332899|501010
9.784519467332899|502010
9.784519467332899|503010
9.784519467332899|504010
9.784519467332899|505010
9.784519467332899|506010
9.784519467332899|507010
9.784519467332899|508010
9.784519467332899|509010
9.784519467332899|510010
9.784519467332899|511010
9.784519467332899|512010
9.784519467332899|513010
9.784519467332899|514010
9.784519467332899|515010
9.784519467332899|516010
9.784519467332899|517010
9.784519467332899|518010
9.784519467332899|519010
9.784519467332899|520010
9.784519467332899|521010
9.784519467332899|522010
9.784519467332899|523010
9.784519467332899|524010
9.784519467332899|525010
9.784519467332899|526010
9.784519467332899|527010
9.784519467332899|528010
9.784519467332899|529010
9.784519467332899|530010
9.784519467332899|531010
9.784519467332899|532010
9.784519467332899|533010
9.784519467332899|534010
9.784519467332899|535010
9.784519467332899|536010
9.784519467332899|537010
9.784519467332899|538010
9.784519467332899|539010
9.784519467332899|540010
9.784519467332899|541010
9.784519467332899|542010
9.784519467332899|543010
9.784519467332899|544010
9.784519467332899|545010
9.784519467332899|546010
9.784519467332899|547010
9.784519467332899|548010
9.784519467332899|549010
9.784519467332899|550010
9.784519467332899|551010
9.784519467332899|552010
9.784519467332899|553010
9.784519467332899|554010
9.784519467332899|555010
9.784519467332899|556010
9.784519467332899|557010
9.784519467332899|558010
9.784519467332899|559010
9.784519467332899|560010
9.784519467332899|561010
9.784519467332899|562010
9.784519467332899|563010
9.784519467332899|564010
9.784519467332899|565010
9.784519467332899|566010
9.784519467332899|567010
9.784519467332899|568010
9.784519467332899|569010
9.784519467332899|570010
9.784519467332899|571010
9.784519467332899|572010
9.784519467332899|573010
9.784519467332899|574010
9.784519467332899|575010
9.784519467332899|576010
9.784519467332899|577010
9.784519467332899|578010
9.784519467332899|579010
9.784519467332899|580010
9.784519467332899|581010
9.784519467332899|582010
9.784519467332899|583010
9.784519467332899|584010
9.784519467332899|585010
9.784519467332899|586010
9.784519467332899|587010
9.784519467332899|588010
9.784519467332899|589010
9.784519467332899|590010
9.784519467332899|591010
9.784519467332899|592010
9.784519467332899|593010
9.784519467332899|594010
9.784519467332899|595010
9.784519467332899|596010
9.784519467332899|597010
9.784519467332899|598010
9.784519467332899|599010
9.784519467332899|600010
9.784519467332899|601010
9.784519467332899|602010
9.784519467332899|603010
9.784519467332899|604010
9.784519467332899|605010
9.784519467332899|606010
9.784519467332899|607010
9.784519467332899|608010
9.784519467332899|609010
9.784519467332899|610010
9.784519467332899|611010
9.784519467332899|612010
9.784519467332899|613010
9.784519467332899|614010
9.784519467332899|615010
9.784519467332899|616010
9.784519467332899|617010
9.784519467332899|618010
9.784519467332899|619010
9.784519467332899|620010
9.784519467332899|621010
9.784519467332899|622010
9.784519467332899|623010
9.784519467332899|624010
9.784519467332899|625010
9.784519467332899|626010
9.784519467332899|627010
9.784519467332899|628010
9.784519467332899|629010
9.784519467332899|630010
9.784519467332899|631010
9.784519467332899|632010
9.784519467332899|633010
9.784519467332899|634010
9.784519467332899|635010
9.784519467332899|636010
9.784519467332899|637010
9.784519467332899|638010
9.784519467332899|639010
9.784519467332899|640010
9.784519467332899|641010
9.784519467332899|642010
9.784519467332899|643010
9.784519467332899|644010
9.784519467332899|645010
9.784519467332899|646010
9.784519467332899|647010
9.784519467332899|648010
9.784519467332899|649010
9.784519467332899|650010
9.784519467332899|651010
9.784519467332899|652010
9.784519467332899|653010
9.784519467332899|654010
9.784519467332899|655010
9.784519467332899|656010
9.784519467332899|657010
9.784519467332899|658010
9.784519467332899|659010
9.784519467332899|660010
9.784519467332899|661010
9.784519467332899|662010
9.784519467332899|663010
9.784519467332899|664010
9.784519467332899|665010
9.784519467332899|666010
9.784519467332899|667010
9.784519467332899|668010
9.784519467332899|669010
9.784519467332899|670010
9.784519467332899|671010
9.784519467332899|672010
9.784519467332899|673010
9.784519467332899|674010
9.784519467332899|675010
9.784519467332899|676010
9.784519467332899|677010
9.784519467332899|678010
9.784519467332899|679010
9.784519467332899|680010
9.784519467332899|681010
9.784519467332899|682010
9.784519467332899|683010
9.784519467332899|684010
9.784519467332899|685010
9.784519467332899|686010
9.784519467332899|687010
9.784519467332899|688010
9.784519467332899|689010
9.784519467332899|690010
9.784519467332899|691010
9.784519467332899|692010
9.784519467332899|693010
9.784519467332899|694010
9.784519467332899|695010
9.784519467332899|696010
9.784519467332899|697010
9.784519467332899|698010
9.784519467332899|699010
9.784519467332899|700010
9.784519467332899|701010
9.784519467332899|702010
9.784519467332899|703010
9.784519467332899|704010
9.784519467332899|705010
9.784519467332899|706010
9.784519467332899|707010
9.784519467332899|708010
9.784519467332899|709010
9.784519467332899|710010
9.784519467332899|711010
9.784519467332899|712010
9.784519467332899|713010
9.784519467332899|714010
9.784519467332899|715010
9.784519467332899|716010
9.784519467332899|717010
9.784519467332899|718010
9.784519467332899|719010
9.784519467332899|720010
9.784519467332899|721010
9.784519467332899|722010
9.784519467332899|723010
9.784519467332899|724010
9.784519467332899|725010
9.784519467332899|726010
9.784519467332899|727010
9.784519467332899|728010
9.784519467332899|729010
9.784519467332899|730010
9.784519467332899|731010
9.784519467332899|732010
9.784519467332899|733010
9.784519467332899|734010
9.784519467332899|735010
9.784519467332899|736010
9.784519467332899|737010
9.784519467332899|738010
9.784519467332899|739010
9.784519467332899|740010
9.784519467332899|741010
9.784519467332899|742010
9.784519467332899|743010
9.784519467332899|744010
9.784519467332899|745010
9.784519467332899|746010
9.784519467332899|747010
9.784519467332899|748010
9.784519467332899|749010
9.784519467332899|750010
9.784519467332899|751010
9.784519467332899|752010
9.784519467332899|753010
9.784519467332899|754010
9.784519467332899|755010
9.784519467332899|756010
9.784519467332899|757010
9.784519467332899|758010
9.784519467332899|759010
9.784519467332899|760010
9.784519467332899|761010
9.784519467332899|762010
9.784519467332899|763010
9.784519467332899|764010
9.784519467332899|765010
9.784519467332899|766010
9.784519467332899|767010
9.784519467332899|768010
9.784519467332899|769010
9.784519467332899|770010
9.784519467332899|771010
9.784519467332899|772010
9.784519467332899|773010
9.784519467332899|774010
9.784519467332899|775010
9.784519467332899|776010
9.784519467332899|777010
9.784519467332899|778010
9.784519467332899|779010
9.784519467332899|780010
9.784519467332899|781010
9.784519467332899|782010
9.784519467332899|783010
9.784519467332899|784010
9.784519467332899|785010
9.784519467332899|786010
9.784519467332899|787010
9.784519467332899|788010
9.784519467332899|789010
9.784519467332899|790010
9.784519467332899|791010
9.784519467332899|792010
9.784519467332899|793010
9.784519467332899|794010
9.784519467332899|795010
9.784519467332899|796010
9.784519467332899|797010
9.784519467332899|798010
9.784519467332899|799010
9.784519467332899|800010
9.784519467332899|801010
9.784519467332899|802010
9.784519467332899|803010
9.784519467332899|804010
9.784519467332899|805010
9.784519467332899|806010
9.784519467332899|807010
9.784519467332899|808010
9.784519467332899|809010
9.784519467332899|810010
9.784519467332899|811010
9.784519467332899|812010
9.784519467332899|813010
9.784519467332899|814010
9.784519467332899|815010
9.784519467332899|816010
9.784519467332899|817010
9.784519467332899|818010
9.784519467332899|819010
9.784519467332899|820010
9.784519467332899|821010
9.784519467332899|822010
9.784519467332899|823010
9.784519467332899|824010
9.784519467332899|825010
9.784519467332899|826010
9.784519467332899|827010
9.784519467332899|828010
9.784519467332899|829010
9.784519467332899|830010
9.784519467332899|831010
9.784519467332899|832010
9.784519467332899|833010
9.784519467332899|834010
9.784519467332899|835010
9.784519467332899|836010
9.784519467332899|837010
9.784519467332899|838010
9.784519467332899|839010
9.784519467332899|840010
9.784519467332899|841010
9.784519467332899|842010
9.784519467332899|843010
9.784519467332899|844010
9.784519467332899|845010
9.784519467332899|846010
9.784519467332899|847010
9.784519467332899|848010
9.784519467332899|849010
9.784519467332899|850010
9.784519467332899|851010
9.784519467332899|852010
9.784519467332899|853010
9.784519467332899|854010
9.784519467332899|855010
9.784519467332899|856010
9.784519467332899|857010
9.784519467332899|858010
9.784519467332899|859010
9.784519467332899|860010
9.784519467332899|861010
9.784519467332899|862010
9.784519467332899|863010
9.784519467332899|864010
9.784519467332899|865010
9.784519467332899|866010
9.784519467332899|867010
9.784519467332899|868010
9.784519467332899|869010
9.784519467332899|870010
9.784519467332899|871010
9.784519467332899|872010
9.784519467332899|873010
9.784519467332899|874010
9.784519467332899|875010
9.784519467332899|876010
9.784519467332899|877010
9.784519467332899|878010
9.784519467332899|879010
9.784519467332899|880010
9.784519467332899|881010
9.784519467332899|882010
9.784519467332899|883010
9.784519467332899|884010
9.784519467332899|885010
9.784519467332899|886010
9.784519467332899|887010
9.784519467332899|888010
9.784519467332899|889010
9.784519467332899|890010
9.784519467332899|891010
9.784519467332899|892010
9.784519467332899|893010
9.784519467332899|894010
9.784519467332899|895010
9.784519467332899|896010
9.784519467332899|897010
9.784519467332899|898010
9.784519467332899|899010
9.784519467332899|900010
9.784519467332899|901010
9.784519467332899|902010
9.784519467332899|903010
9.784519467332899|904010
9.784519467332899|905010
9.784519467332899|906010
9.784519467332899|907010
9.784519467332899|908010
9.784519467332899|909010
9.784519467332899|910010
9.784519467332899|911010
9.784519467332899|912010
9.784519467332899|913010
9.784519467332899|914010
9.784519467332899|915010
9.784519467332899|916010
9.784519467332899|917010
9.784519467332899|918010
9.784519467332899|919010
9.784519467332899|920010
9.784519467332899|921010
9.784519467332899|922010
9.784519467332899|923010
9.784519467332899|924010
9.784519467332899|925010
9.784519467332899|926010
9.784519467332899|927010
9.784519467332899|928010
9.784519467332899|929010
9.784519467332899|930010
9.784519467332899|931010
9.784519467332899|932010
9.784519467332899|933010
9.784519467332899|934010
9.784519467332899|935010
9.784519467332899|936010
9.784519467332899|937010
9.784519467332899|938010
9.784519467332899|939010
9.784519467332899|940010
9.784519467332899|941010
9.784519467332899|942010
9.784519467332899|943010
9.784519467332899|944010
9.784519467332899|945010
9.784519467332899|946010
9.784519467332899|947010
9.784519467332899|948010
9.784519467332899|949010
9.784519467332899|950010
9.784519467332899|951010
9.784519467332899|952010
9.784519467332899|953010
9.784519467332899|954010
9.784519467332899|955010
9.784519467332899|956010
9.784519467332899|957010
9.784519467332899|958010
9.784519467332899|959010
9.784519467332899|960010
9.784519467332899|961010
9.784519467332899|962010
9.784519467332899|963010
9.784519467332899|964010
9.784519467332899|965010
9.784519467332899|966010
9.784519467332899|967010
9.784519467332899|968010
9.784519467332899|969010
9.784519467332899|970010
9.784519467332899|971010
9.784519467332899|972010
9.784519467332899|973010
9.784519467332899|974010
9.784519467332899|975010
9.784519467332899|976010
9.784519467332899|977010
9.784519467332899|978010
9.784519467332899|979010
9.784519467332899|980010
9.784519467332899|981010
9.784519467332899|982010
9.784519467332899|983010
9.784519467332899|984010
9.784519467332899|985010
9.784519467332899|986010
9.784519467332899|987010
9.784519467332899|988010
9.784519467332899|989010
9.784519467332899|990010
9.784519467332899|991010
9.784519467332899|992010
9.784519467332899|993010
9.784519467332899|994010
9.784519467332899|995010
9.784519467332899|996010
9.784519467332899|997010
9.784519467332899|998010
9.784519467332899|999010
9.784519467332899|1000010
