21.753429623570398|1100
19.576093397449828|2100
18.578429070683153|3100
17.287129179148017|4100
16.08913137816283|5100
15.417471351421966|6100
14.777634812468076|7100
14.29733696696572|8100
13.947101155105935|9100
13.587095321342929|10100
13.33362303189753|11100
13.06537862899141|12100
12.882632953523823|13100
12.76791909047833|14100
12.528159518665207|15100
12.467312440203726|16100
12.374613557677772|17100
12.358370730121015|18100
12.34647041526864|19100
12.217786885378182|20100
12.082358759193133|21100
11.795599424018707|22100
11.755301447562626|23100
11.613184645669755|24100
11.600476749056709|25100
11.598304187653234|26100
11.493966691592101|27100
11.491794130188627|28100
11.386496941394606|29100
11.22920152626217|30100
11.194408152283616|31100
11.063005652131732|32100
11.055617041598202|33100
10.683432304654671|34100
10.098199373029395|35100
10.098199373029395|36100
9.914722139107024|37100
9.91020782030101|38100
9.91020782030101|39100
9.91020782030101|40100
9.91020782030101|41100
9.876169714146494|42100
9.801904357034957|43100
9.801904357034957|44100
9.801904357034957|45100
9.801904357034957|46100
9.801904357034957|47100
9.801904357034957|48100
9.801904357034957|49100
9.801904357034957|50100
9.801904357034957|51100
9.801904357034957|52100
9.801904357034957|53100
9.801904357034957|54100
9.801904357034957|55100
9.801904357034957|56100
9.801904357034957|57100
9.801904357034957|58100
9.801904357034957|59100
9.801904357034957|60100
9.801904357034957|61100
9.801904357034957|62100
9.801904357034957|63100
9.801904357034957|64100
9.801904357034957|65100
9.801904357034957|66100
9.801904357034957|67100
9.801904357034957|68100
9.801904357034957|69100
9.801904357034957|70100
9.801904357034957|71100
9.801904357034957|72100
9.801904357034957|73100
9.801904357034957|74100
9.801904357034957|75100
9.801904357034957|76100
9.801904357034957|77100
9.801904357034957|78100
9.801904357034957|79100
9.801904357034957|80100
9.801904357034957|81100
9.801904357034957|82100
9.801904357034957|83100
9.801904357034957|84100
9.801904357034957|85100
9.801904357034957|86100
9.801904357034957|87100
9.801904357034957|88100
9.801904357034957|89100
9.801904357034957|90100
9.801904357034957|91100
9.801904357034957|92100
9.801904357034957|93100
9.801904357034957|94100
9.801904357034957|95100
9.801904357034957|96100
9.801904357034957|97100
9.801904357034957|98100
9.801904357034957|99100
9.801904357034957|100100
9.801904357034957|101100
9.801904357034957|102100
9.801904357034957|103100
9.801904357034957|104100
9.801904357034957|105100
9.801904357034957|106100
9.801904357034957|107100
9.801904357034957|108100
9.801904357034957|109100
9.801904357034957|110100
9.801904357034957|111100
9.801904357034957|112100
9.801904357034957|113100
9.801904357034957|114100
9.801904357034957|115100
9.801904357034957|116100
9.801904357034957|117100
9.801904357034957|118100
9.801904357034957|119100
9.801904357034957|120100
9.801904357034957|121100
9.801904357034957|122100
9.801904357034957|123100
9.801904357034957|124100
9.801904357034957|125100
9.801904357034957|126100
9.801904357034957|127100
9.801904357034957|128100
9.801904357034957|129100
9.801904357034957|130100
9.801904357034957|131100
9.801904357034957|132100
9.801904357034957|133100
9.801904357034957|134100
9.801904357034957|135100
9.801904357034957|136100
9.801904357034957|137100
9.801904357034957|138100
9.801904357034957|139100
9.801904357034957|140100
9.801904357034957|141100
9.801904357034957|142100
9.801904357034957|143100
9.801904357034957|144100
9.801904357034957|145100
9.801904357034957|146100
9.801904357034957|147100
9.801904357034957|148100
9.801904357034957|149100
9.801904357034957|150100
9.801904357034957|151100
9.801904357034957|152100
9.801904357034957|153100
9.801904357034957|154100
9.801904357034957|155100
9.801904357034957|156100
9.801904357034957|157100
9.801904357034957|158100
9.801904357034957|159100
9.801904357034957|160100
9.801904357034957|161100
9.801904357034957|162100
9.801904357034957|163100
9.801904357034957|164100
9.801904357034957|165100
9.801904357034957|166100
9.801904357034957|167100
9.801904357034957|168100
9.801904357034957|169100
9.801904357034957|170100
9.801904357034957|171100
9.801904357034957|172100
9.801904357034957|173100
9.801904357034957|174100
9.801904357034957|175100
9.801904357034957|176100
9.801904357034957|177100
9.801904357034957|178100
9.801904357034957|179100
9.801904357034957|180100
9.801904357034957|181100
9.801904357034957|182100
9.801904357034957|183100
9.801904357034957|184100
9.801904357034957|185100
9.801904357034957|186100
9.801904357034957|187100
9.801904357034957|188100
9.801904357034957|189100
9.801904357034957|190100
9.801904357034957|191100
9.801904357034957|192100
9.801904357034957|193100
9.801904357034957|194100
9.801904357034957|195100
9.801904357034957|196100
9.801904357034957|197100
9.801904357034957|198100
9.801904357034957|199100
9.801904357034957|200100
9.801904357034957|201100
9.801904357034957|202100
9.801904357034957|203100
9.801904357034957|204100
9.801904357034957|205100
9.801904357034957|206100
9.801904357034957|207100
9.801904357034957|208100
9.801904357034957|209100
9.801904357034957|210100
9.801904357034957|211100
9.801904357034957|212100
9.801904357034957|213100
9.801904357034957|214100
9.801904357034957|215100
9.801904357034957|216100
9.801904357034957|217100
9.801904357034957|218100
9.801904357034957|219100
9.801904357034957|220100
9.801904357034957|221100
9.801904357034957|222100
9.801904357034957|223100
9.801904357034957|224100
9.801904357034957|225100
9.801904357034957|226100
9.801904357034957|227100
9.801904357034957|228100
9.801904357034957|229100
9.801904357034957|230100
9.801904357034957|231100
9.801904357034957|232100
9.801904357034957|233100
9.801904357034957|234100
9.801904357034957|235100
9.801904357034957|236100
9.801904357034957|237100
9.801904357034957|238100
9.801904357034957|239100
9.801904357034957|240100
9.801904357034957|241100
9.801904357034957|242100
9.801904357034957|243100
9.801904357034957|244100
9.801904357034957|245100
9.801904357034957|246100
9.801904357034957|247100
9.801904357034957|248100
9.801904357034957|249100
9.801904357034957|250100
9.801904357034957|251100
9.801904357034957|252100
9.801904357034957|253100
9.801904357034957|254100
9.801904357034957|255100
9.801904357034957|256100
9.801904357034957|257100
9.801904357034957|258100
9.801904357034957|259100
9.801904357034957|260100
9.801904357034957|261100
9.801904357034957|262100
9.801904357034957|263100
9.801904357034957|264100
9.801904357034957|265100
9.801904357034957|266100
9.801904357034957|267100
9.801904357034957|268100
9.801904357034957|269100
9.801904357034957|270100
9.801904357034957|271100
9.801904357034957|272100
9.801904357034957|273100
9.801904357034957|274100
9.801904357034957|275100
9.801904357034957|276100
9.801904357034957|277100
9.801904357034957|278100
9.801904357034957|279100
9.801904357034957|280100
9.801904357034957|281100
9.801904357034957|282100
9.801904357034957|283100
9.801904357034957|284100
9.801904357034957|285100
9.801904357034957|286100
9.801904357034957|287100
9.801904357034957|288100
9.801904357034957|289100
9.801904357034957|290100
9.801904357034957|291100
9.801904357034957|292100
9.801904357034957|293100
9.801904357034957|294100
9.801904357034957|295100
9.801904357034957|296100
9.801904357034957|297100
9.801904357034957|298100
9.801904357034957|299100
9.801904357034957|300100
9.801904357034957|301100
9.801904357034957|302100
9.801904357034957|303100
9.801904357034957|304100
9.801904357034957|305100
9.801904357034957|306100
9.801904357034957|307100
9.801904357034957|308100
9.801904357034957|309100
9.801904357034957|310100
9.801904357034957|311100
9.801904357034957|312100
9.801904357034957|313100
9.801904357034957|314100
9.801904357034957|315100
9.801904357034957|316100
9.801904357034957|317100
9.801904357034957|318100
9.801904357034957|319100
9.801904357034957|320100
9.801904357034957|321100
9.801904357034957|322100
9.801904357034957|323100
9.801904357034957|324100
9.801904357034957|325100
9.801904357034957|326100
9.801904357034957|327100
9.801904357034957|328100
9.801904357034957|329100
9.801904357034957|330100
9.801904357034957|331100
9.801904357034957|332100
9.801904357034957|333100
9.801904357034957|334100
9.801904357034957|335100
9.801904357034957|336100
9.801904357034957|337100
9.801904357034957|338100
9.801904357034957|339100
9.801904357034957|340100
9.801904357034957|341100
9.801904357034957|342100
9.801904357034957|343100
9.801904357034957|344100
9.801904357034957|345100
9.801904357034957|346100
9.801904357034957|347100
9.801904357034957|348100
9.801904357034957|349100
9.801904357034957|350100
9.801904357034957|351100
9.801904357034957|352100
9.801904357034957|353100
9.801904357034957|354100
9.801904357034957|355100
9.801904357034957|356100
9.801904357034957|357100
9.801904357034957|358100
9.801904357034957|359100
9.801904357034957|360100
9.801904357034957|361100
9.801904357034957|362100
9.801904357034957|363100
9.801904357034957|364100
9.801904357034957|365100
9.801904357034957|366100
9.801904357034957|367100
9.801904357034957|368100
9.801904357034957|369100
9.801904357034957|370100
9.801904357034957|371100
9.801904357034957|372100
9.801904357034957|373100
9.801904357034957|374100
9.801904357034957|375100
9.801904357034957|376100
9.801904357034957|377100
9.801904357034957|378100
9.801904357034957|379100
9.801904357034957|380100
9.801904357034957|381100
9.801904357034957|382100
9.801904357034957|383100
9.801904357034957|384100
9.801904357034957|385100
9.801904357034957|386100
9.801904357034957|387100
9.801904357034957|388100
9.801904357034957|389100
9.801904357034957|390100
9.801904357034957|391100
9.801904357034957|392100
9.801904357034957|393100
9.801904357034957|394100
9.801904357034957|395100
9.801904357034957|396100
9.801904357034957|397100
9.801904357034957|398100
9.801904357034957|399100
9.801904357034957|400100
9.801904357034957|401100
9.801904357034957|402100
9.801904357034957|403100
9.801904357034957|404100
9.801904357034957|405100
9.801904357034957|406100
9.801904357034957|407100
9.801904357034957|408100
9.801904357034957|409100
9.801904357034957|410100
9.801904357034957|411100
9.801904357034957|412100
9.801904357034957|413100
9.801904357034957|414100
9.801904357034957|415100
9.801904357034957|416100
9.801904357034957|417100
9.801904357034957|418100
9.801904357034957|419100
9.801904357034957|420100
9.801904357034957|421100
9.801904357034957|422100
9.801904357034957|423100
9.801904357034957|424100
9.801904357034957|425100
9.801904357034957|426100
9.801904357034957|427100
9.801904357034957|428100
9.801904357034957|429100
9.801904357034957|430100
9.801904357034957|431100
9.801904357034957|432100
9.801904357034957|433100
9.801904357034957|434100
9.801904357034957|435100
9.801904357034957|436100
9.801904357034957|437100
9.801904357034957|438100
9.801904357034957|439100
9.801904357034957|440100
9.801904357034957|441100
9.801904357034957|442100
9.801904357034957|443100
9.801904357034957|444100
9.801904357034957|445100
9.801904357034957|446100
9.801904357034957|447100
9.801904357034957|448100
9.801904357034957|449100
9.801904357034957|450100
9.801904357034957|451100
9.801904357034957|452100
9.801904357034957|453100
9.801904357034957|454100
9.801904357034957|455100
9.801904357034957|456100
9.801904357034957|457100
9.801904357034957|458100
9.801904357034957|459100
9.801904357034957|460100
9.801904357034957|461100
9.801904357034957|462100
9.801904357034957|463100
9.801904357034957|464100
9.801904357034957|465100
9.801904357034957|466100
9.801904357034957|467100
9.801904357034957|468100
9.801904357034957|469100
9.801904357034957|470100
9.801904357034957|471100
9.801904357034957|472100
9.801904357034957|473100
9.801904357034957|474100
9.801904357034957|475100
9.801904357034957|476100
9.801904357034957|477100
9.801904357034957|478100
9.801904357034957|479100
9.801904357034957|480100
9.801904357034957|481100
9.801904357034957|482100
9.801904357034957|483100
9.801904357034957|484100
9.801904357034957|485100
9.801904357034957|486100
9.801904357034957|487100
9.801904357034957|488100
9.801904357034957|489100
9.801904357034957|490100
9.801904357034957|491100
9.801904357034957|492100
9.801904357034957|493100
9.801904357034957|494100
9.801904357034957|495100
9.801904357034957|496100
9.801904357034957|497100
9.801904357034957|498100
9.801904357034957|499100
9.801904357034957|500100
9.801904357034957|501100
9.801904357034957|502100
9.801904357034957|503100
9.801904357034957|504100
9.801904357034957|505100
9.801904357034957|506100
9.801904357034957|507100
9.801904357034957|508100
9.801904357034957|509100
9.801904357034957|510100
9.801904357034957|511100
9.801904357034957|512100
9.801904357034957|513100
9.801904357034957|514100
9.801904357034957|515100
9.801904357034957|516100
9.801904357034957|517100
9.801904357034957|518100
9.801904357034957|519100
9.801904357034957|520100
9.801904357034957|521100
9.801904357034957|522100
9.801904357034957|523100
9.801904357034957|524100
9.801904357034957|525100
9.801904357034957|526100
9.801904357034957|527100
9.801904357034957|528100
9.801904357034957|529100
9.801904357034957|530100
9.801904357034957|531100
9.801904357034957|532100
9.801904357034957|533100
9.801904357034957|534100
9.801904357034957|535100
9.801904357034957|536100
9.801904357034957|537100
9.801904357034957|538100
9.801904357034957|539100
9.801904357034957|540100
9.801904357034957|541100
9.801904357034957|542100
9.801904357034957|543100
9.801904357034957|544100
9.801904357034957|545100
9.801904357034957|546100
9.801904357034957|547100
9.801904357034957|548100
9.801904357034957|549100
9.801904357034957|550100
9.801904357034957|551100
9.801904357034957|552100
9.801904357034957|553100
9.801904357034957|554100
9.801904357034957|555100
9.801904357034957|556100
9.801904357034957|557100
9.801904357034957|558100
9.801904357034957|559100
9.801904357034957|560100
9.801904357034957|561100
9.801904357034957|562100
9.801904357034957|563100
9.801904357034957|564100
9.801904357034957|565100
9.801904357034957|566100
9.801904357034957|567100
9.801904357034957|568100
9.801904357034957|569100
9.801904357034957|570100
9.801904357034957|571100
9.801904357034957|572100
9.801904357034957|573100
9.801904357034957|574100
9.801904357034957|575100
9.801904357034957|576100
9.801904357034957|577100
9.801904357034957|578100
9.801904357034957|579100
9.801904357034957|580100
9.801904357034957|581100
9.801904357034957|582100
9.801904357034957|583100
9.801904357034957|584100
9.801904357034957|585100
9.801904357034957|586100
9.801904357034957|587100
9.801904357034957|588100
9.801904357034957|589100
9.801904357034957|590100
9.801904357034957|591100
9.801904357034957|592100
9.801904357034957|593100
9.801904357034957|594100
9.801904357034957|595100
9.801904357034957|596100
9.801904357034957|597100
9.801904357034957|598100
9.801904357034957|599100
9.801904357034957|600100
9.801904357034957|601100
9.801904357034957|602100
9.801904357034957|603100
9.801904357034957|604100
9.801904357034957|605100
9.801904357034957|606100
9.801904357034957|607100
9.801904357034957|608100
9.801904357034957|609100
9.801904357034957|610100
9.801904357034957|611100
9.801904357034957|612100
9.801904357034957|613100
9.801904357034957|614100
9.801904357034957|615100
9.801904357034957|616100
9.801904357034957|617100
9.801904357034957|618100
9.801904357034957|619100
9.801904357034957|620100
9.801904357034957|621100
9.801904357034957|622100
9.801904357034957|623100
9.801904357034957|624100
9.801904357034957|625100
9.801904357034957|626100
9.801904357034957|627100
9.801904357034957|628100
9.801904357034957|629100
9.801904357034957|630100
9.801904357034957|631100
9.801904357034957|632100
9.801904357034957|633100
9.801904357034957|634100
9.801904357034957|635100
9.801904357034957|636100
9.801904357034957|637100
9.801904357034957|638100
9.801904357034957|639100
9.801904357034957|640100
9.801904357034957|641100
9.801904357034957|642100
9.801904357034957|643100
9.801904357034957|644100
9.801904357034957|645100
9.801904357034957|646100
9.801904357034957|647100
9.801904357034957|648100
9.801904357034957|649100
9.801904357034957|650100
9.801904357034957|651100
9.801904357034957|652100
9.801904357034957|653100
9.801904357034957|654100
9.801904357034957|655100
9.801904357034957|656100
9.801904357034957|657100
9.801904357034957|658100
9.801904357034957|659100
9.801904357034957|660100
9.801904357034957|661100
9.801904357034957|662100
9.801904357034957|663100
9.801904357034957|664100
9.801904357034957|665100
9.801904357034957|666100
9.801904357034957|667100
9.801904357034957|668100
9.801904357034957|669100
9.801904357034957|670100
9.801904357034957|671100
9.801904357034957|672100
9.801904357034957|673100
9.801904357034957|674100
9.801904357034957|675100
9.801904357034957|676100
9.801904357034957|677100
9.801904357034957|678100
9.801904357034957|679100
9.801904357034957|680100
9.801904357034957|681100
9.801904357034957|682100
9.801904357034957|683100
9.801904357034957|684100
9.801904357034957|685100
9.801904357034957|686100
9.801904357034957|687100
9.801904357034957|688100
9.801904357034957|689100
9.801904357034957|690100
9.801904357034957|691100
9.801904357034957|692100
9.801904357034957|693100
9.801904357034957|694100
9.801904357034957|695100
9.801904357034957|696100
9.801904357034957|697100
9.801904357034957|698100
9.801904357034957|699100
9.801904357034957|700100
9.801904357034957|701100
9.801904357034957|702100
9.801904357034957|703100
9.801904357034957|704100
9.801904357034957|705100
9.801904357034957|706100
9.801904357034957|707100
9.801904357034957|708100
9.801904357034957|709100
9.801904357034957|710100
9.801904357034957|711100
9.801904357034957|712100
9.801904357034957|713100
9.801904357034957|714100
9.801904357034957|715100
9.801904357034957|716100
9.801904357034957|717100
9.801904357034957|718100
9.801904357034957|719100
9.801904357034957|720100
9.801904357034957|721100
9.801904357034957|722100
9.801904357034957|723100
9.801904357034957|724100
9.801904357034957|725100
9.801904357034957|726100
9.801904357034957|727100
9.801904357034957|728100
9.801904357034957|729100
9.801904357034957|730100
9.801904357034957|731100
9.801904357034957|732100
9.801904357034957|733100
9.801904357034957|734100
9.801904357034957|735100
9.801904357034957|736100
9.801904357034957|737100
9.801904357034957|738100
9.801904357034957|739100
9.801904357034957|740100
9.801904357034957|741100
9.801904357034957|742100
9.801904357034957|743100
9.801904357034957|744100
9.801904357034957|745100
9.801904357034957|746100
9.801904357034957|747100
9.801904357034957|748100
9.801904357034957|749100
9.801904357034957|750100
9.801904357034957|751100
9.801904357034957|752100
9.801904357034957|753100
9.801904357034957|754100
9.801904357034957|755100
9.801904357034957|756100
9.801904357034957|757100
9.801904357034957|758100
9.801904357034957|759100
9.801904357034957|760100
9.801904357034957|761100
9.801904357034957|762100
9.801904357034957|763100
9.801904357034957|764100
9.801904357034957|765100
9.801904357034957|766100
9.801904357034957|767100
9.801904357034957|768100
9.801904357034957|769100
9.801904357034957|770100
9.801904357034957|771100
9.801904357034957|772100
9.801904357034957|773100
9.801904357034957|774100
9.801904357034957|775100
9.801904357034957|776100
9.801904357034957|777100
9.801904357034957|778100
9.801904357034957|779100
9.801904357034957|780100
9.801904357034957|781100
9.801904357034957|782100
9.801904357034957|783100
9.801904357034957|784100
9.801904357034957|785100
9.801904357034957|786100
9.801904357034957|787100
9.801904357034957|788100
9.801904357034957|789100
9.801904357034957|790100
9.801904357034957|791100
9.801904357034957|792100
9.801904357034957|793100
9.801904357034957|794100
9.801904357034957|795100
9.801904357034957|796100
9.801904357034957|797100
9.801904357034957|798100
9.801904357034957|799100
9.801904357034957|800100
9.801904357034957|801100
9.801904357034957|802100
9.801904357034957|803100
9.801904357034957|804100
9.801904357034957|805100
9.801904357034957|806100
9.801904357034957|807100
9.801904357034957|808100
9.801904357034957|809100
9.801904357034957|810100
9.801904357034957|811100
9.801904357034957|812100
9.801904357034957|813100
9.801904357034957|814100
9.801904357034957|815100
9.801904357034957|816100
9.801904357034957|817100
9.801904357034957|818100
9.801904357034957|819100
9.801904357034957|820100
9.801904357034957|821100
9.801904357034957|822100
9.801904357034957|823100
9.801904357034957|824100
9.801904357034957|825100
9.801904357034957|826100
9.801904357034957|827100
9.801904357034957|828100
9.801904357034957|829100
9.801904357034957|830100
9.801904357034957|831100
9.801904357034957|832100
9.801904357034957|833100
9.801904357034957|834100
9.801904357034957|835100
9.801904357034957|836100
9.801904357034957|837100
9.801904357034957|838100
9.801904357034957|839100
9.801904357034957|840100
9.801904357034957|841100
9.801904357034957|842100
9.801904357034957|843100
9.801904357034957|844100
9.801904357034957|845100
9.801904357034957|846100
9.801904357034957|847100
9.801904357034957|848100
9.801904357034957|849100
9.801904357034957|850100
9.801904357034957|851100
9.801904357034957|852100
9.801904357034957|853100
9.801904357034957|854100
9.801904357034957|855100
9.801904357034957|856100
9.801904357034957|857100
9.801904357034957|858100
9.801904357034957|859100
9.801904357034957|860100
9.801904357034957|861100
9.801904357034957|862100
9.801904357034957|863100
9.801904357034957|864100
9.801904357034957|865100
9.801904357034957|866100
9.801904357034957|867100
9.801904357034957|868100
9.801904357034957|869100
9.801904357034957|870100
9.801904357034957|871100
9.801904357034957|872100
9.801904357034957|873100
9.801904357034957|874100
9.801904357034957|875100
9.801904357034957|876100
9.801904357034957|877100
9.801904357034957|878100
9.801904357034957|879100
9.801904357034957|880100
9.801904357034957|881100
9.801904357034957|882100
9.801904357034957|883100
9.801904357034957|884100
9.801904357034957|885100
9.801904357034957|886100
9.801904357034957|887100
9.801904357034957|888100
9.801904357034957|889100
9.801904357034957|890100
9.801904357034957|891100
9.801904357034957|892100
9.801904357034957|893100
9.801904357034957|894100
9.801904357034957|895100
9.801904357034957|896100
9.801904357034957|897100
9.801904357034957|898100
9.801904357034957|899100
9.801904357034957|900100
9.801904357034957|901100
9.801904357034957|902100
9.801904357034957|903100
9.801904357034957|904100
9.801904357034957|905100
9.801904357034957|906100
9.801904357034957|907100
9.801904357034957|908100
9.801904357034957|909100
9.801904357034957|910100
9.801904357034957|911100
9.801904357034957|912100
9.801904357034957|913100
9.801904357034957|914100
9.801904357034957|915100
9.801904357034957|916100
9.801904357034957|917100
9.801904357034957|918100
9.801904357034957|919100
9.801904357034957|920100
9.801904357034957|921100
9.801904357034957|922100
9.801904357034957|923100
9.801904357034957|924100
9.801904357034957|925100
9.801904357034957|926100
9.801904357034957|927100
9.801904357034957|928100
9.801904357034957|929100
9.801904357034957|930100
9.801904357034957|931100
9.801904357034957|932100
9.801904357034957|933100
9.801904357034957|934100
9.801904357034957|935100
9.801904357034957|936100
9.801904357034957|937100
9.801904357034957|938100
9.801904357034957|939100
9.801904357034957|940100
9.801904357034957|941100
9.801904357034957|942100
9.801904357034957|943100
9.801904357034957|944100
9.801904357034957|945100
9.801904357034957|946100
9.801904357034957|947100
9.801904357034957|948100
9.801904357034957|949100
9.801904357034957|950100
9.801904357034957|951100
9.801904357034957|952100
9.801904357034957|953100
9.801904357034957|954100
9.801904357034957|955100
9.801904357034957|956100
9.801904357034957|957100
9.801904357034957|958100
9.801904357034957|959100
9.801904357034957|960100
9.801904357034957|961100
9.801904357034957|962100
9.801904357034957|963100
9.801904357034957|964100
9.801904357034957|965100
9.801904357034957|966100
9.801904357034957|967100
9.801904357034957|968100
9.801904357034957|969100
9.801904357034957|970100
9.801904357034957|971100
9.801904357034957|972100
9.801904357034957|973100
9.801904357034957|974100
9.801904357034957|975100
9.801904357034957|976100
9.801904357034957|977100
9.801904357034957|978100
9.801904357034957|979100
9.801904357034957|980100
9.801904357034957|981100
9.801904357034957|982100
9.801904357034957|983100
9.801904357034957|984100
9.801904357034957|985100
9.801904357034957|986100
9.801904357034957|987100
9.801904357034957|988100
9.801904357034957|989100
9.801904357034957|990100
9.801904357034957|991100
9.801904357034957|992100
9.801904357034957|993100
9.801904357034957|994100
9.801904357034957|995100
9.801904357034957|996100
9.801904357034957|997100
9.801904357034957|998100
9.801904357034957|999100
9.801904357034957|1000100
