25.485825366074373|2000
25.265576999913506|3000
24.93967737912192|4000
24.435227468715887|5000
23.98365741673373|6000
22.59021351450707|7000
22.59021351450707|8000
22.304476222346207|9000
22.258710122637527|10000
22.046328279254485|11000
21.402539134514427|12000
21.325301435626574|13000
20.913095279260663|14000
20.913095279260663|15000
20.46448082170547|16000
20.14733530691734|17000
19.686844606376273|18000
19.296986894884366|19000
19.248773740613856|20000
19.062281495582845|21000
18.882751988518564|22000
18.876564277006153|23000
18.395247567067578|24000
18.234612207141023|25000
18.033930167820905|26000
17.71031591563635|27000
17.26819340086987|28000
17.26819340086987|29000
17.26819340086987|30000
17.26819340086987|31000
17.058618242692045|32000
16.439834607273063|33000
16.439834607273063|34000
16.30810172296659|35000
16.210053357314365|36000
16.13215617466136|37000
15.873618091315091|38000
15.778766863548793|39000
15.778766863548793|40000
15.778766863548793|41000
15.673843797034234|42000
15.068080843749641|43000
15.050100444956817|44000
15.050100444956817|45000
14.797464044736442|46000
14.797464044736442|47000
14.568446859151345|48000
14.568446859151345|49000
14.568446859151345|50000
14.552469735263957|51000
14.133963227499843|52000
14.03911270141383|53000
14.03911270141383|54000
14.03911270141383|55000
13.779198248868406|56000
13.75134171911018|57000
13.73130822632963|58000
13.636316748061835|59000
13.636316748061835|60000
13.535032494968183|61000
13.48940920398961|62000
13.356921100608712|63000
13.153367087493832|64000
13.153367087493832|65000
12.991348626829613|66000
12.798596044392841|67000
12.798596044392841|68000
12.739154758561185|69000
12.717371496520594|70000
12.700342276039814|71000
12.68838078824788|72000
12.588109585399867|73000
12.345589391986318|74000
12.345589391986318|75000
12.345589391986318|76000
12.317173486330377|77000
12.135102932993343|78000
12.135102932993343|79000
12.135102932993343|80000
12.135102932993343|81000
12.135102932993343|82000
11.9978774661513|83000
11.978398512369674|84000
11.796744342356563|85000
11.791701885395321|86000
11.791701885395321|87000
11.731855387920888|88000
11.70715327498844|89000
11.661323453379886|90000
11.549596727943264|91000
11.549596727943264|92000
11.362752096926892|93000
11.34799180523598|94000
11.34799180523598|95000
11.34799180523598|96000
11.34799180523598|97000
11.314735561640838|98000
11.27316102955877|99000
11.27316102955877|100000
11.27316102955877|101000
11.239390399130956|102000
11.133313914919235|103000
11.11088732242884|104000
11.11088732242884|105000
11.02679964679497|106000
11.02679964679497|107000
11.02679964679497|108000
10.978288067974756|109000
10.93112743892344|110000
10.93112743892344|111000
10.93112743892344|112000
10.823996881137859|113000
10.823996881137859|114000
10.748820593712013|115000
10.728324673266332|116000
10.661761252298888|117000
10.661761252298888|118000
10.661761252298888|119000
10.661761252298888|120000
10.632237432463144|121000
10.632237432463144|122000
10.632237432463144|123000
10.592096563137|124000
10.43799078149774|125000
10.43799078149774|126000
10.43799078149774|127000
10.43799078149774|128000
10.43799078149774|129000
10.43799078149774|130000
10.234455347331272|131000
10.234455347331272|132000
10.204761244019442|133000
10.204761244019442|134000
10.204761244019442|135000
10.204761244019442|136000
10.138783139459742|137000
10.138783139459742|138000
10.138783139459742|139000
10.122514237609316|140000
10.04131609126707|141000
10.009592104007947|142000
10.009592104007947|143000
10.009592104007947|144000
10.009592104007947|145000
9.9270156497222|146000
9.9270156497222|147000
9.872250354504303|148000
9.872250354504303|149000
9.844499946731279|150000
9.844499946731279|151000
9.844499946731279|152000
9.829749878677777|153000
9.829749878677777|154000
9.775335172477101|155000
9.775335172477101|156000
9.775335172477101|157000
9.775335172477101|158000
9.688869279067783|159000
9.616060831680677|160000
9.616060831680677|161000
9.616060831680677|162000
9.616060831680677|163000
9.616060831680677|164000
9.616060831680677|165000
9.552076660828625|166000
9.552076660828625|167000
9.552076660828625|168000
9.552076660828625|169000
9.552076660828625|170000
9.552076660828625|171000
9.552076660828625|172000
9.552076660828625|173000
9.552076660828625|174000
9.552076660828625|175000
9.552076660828625|176000
9.526551386401724|177000
9.526551386401724|178000
9.526551386401724|179000
9.526551386401724|180000
9.526551386401724|181000
9.526056670608146|182000
9.526056670608146|183000
9.526056670608146|184000
9.526056670608146|185000
9.526056670608146|186000
9.526056670608146|187000
9.526056670608146|188000
9.526056670608146|189000
9.526056670608146|190000
9.526056670608146|191000
9.499107006457354|192000
9.499107006457354|193000
9.499107006457354|194000
9.499107006457354|195000
9.499107006457354|196000
9.499107006457354|197000
9.499107006457354|198000
9.394657516068023|199000
9.394657516068023|200000
9.394657516068023|201000
9.149321982686747|202000
9.149321982686747|203000
9.149321982686747|204000
9.149321982686747|205000
9.149321982686747|206000
9.149321982686747|207000
9.149321982686747|208000
9.149321982686747|209000
9.149321982686747|210000
9.149321982686747|211000
9.149321982686747|212000
9.149321982686747|213000
9.142460966808843|214000
9.142460966808843|215000
9.142460966808843|216000
9.142460966808843|217000
9.142460966808843|218000
9.142460966808843|219000
9.142460966808843|220000
9.142460966808843|221000
9.142460966808843|222000
9.142460966808843|223000
9.142460966808843|224000
9.142460966808843|225000
9.142460966808843|226000
9.142460966808843|227000
9.142460966808843|228000
9.142460966808843|229000
9.142460966808843|230000
9.142460966808843|231000
9.142460966808843|232000
9.142460966808843|233000
9.142460966808843|234000
9.142460966808843|235000
9.142460966808843|236000
9.142460966808843|237000
9.142460966808843|238000
9.142460966808843|239000
9.142460966808843|240000
9.142460966808843|241000
9.142460966808843|242000
9.142460966808843|243000
9.142460966808843|244000
9.142460966808843|245000
9.142460966808843|246000
9.142460966808843|247000
9.142460966808843|248000
9.142460966808843|249000
9.142460966808843|250000
9.142460966808843|251000
9.142460966808843|252000
9.142460966808843|253000
9.142460966808843|254000
9.142460966808843|255000
9.142460966808843|256000
9.142460966808843|257000
9.142460966808843|258000
9.142460966808843|259000
9.142460966808843|260000
9.142460966808843|261000
9.142460966808843|262000
9.142460966808843|263000
9.142460966808843|264000
9.142460966808843|265000
9.142460966808843|266000
9.142460966808843|267000
9.142460966808843|268000
9.142460966808843|269000
9.142460966808843|270000
9.142460966808843|271000
9.142460966808843|272000
9.142460966808843|273000
9.142460966808843|274000
9.142460966808843|275000
9.142460966808843|276000
9.142460966808843|277000
9.142460966808843|278000
9.142460966808843|279000
9.142460966808843|280000
9.142460966808843|281000
9.142460966808843|282000
9.142460966808843|283000
9.142460966808843|284000
9.142460966808843|285000
9.142460966808843|286000
9.142460966808843|287000
9.142460966808843|288000
9.142460966808843|289000
9.142460966808843|290000
9.142460966808843|291000
9.142460966808843|292000
9.142460966808843|293000
9.142460966808843|294000
9.142460966808843|295000
9.142460966808843|296000
9.142460966808843|297000
9.142460966808843|298000
9.142460966808843|299000
9.142460966808843|300000
9.142460966808843|301000
9.142460966808843|302000
9.142460966808843|303000
9.142460966808843|304000
9.142460966808843|305000
9.142460966808843|306000
9.142460966808843|307000
9.142460966808843|308000
9.142460966808843|309000
9.142460966808843|310000
9.142460966808843|311000
9.142460966808843|312000
9.142460966808843|313000
9.142460966808843|314000
9.142460966808843|315000
9.142460966808843|316000
9.142460966808843|317000
9.142460966808843|318000
9.142460966808843|319000
9.142460966808843|320000
9.142460966808843|321000
9.142460966808843|322000
9.142460966808843|323000
9.142460966808843|324000
9.142460966808843|325000
9.142460966808843|326000
9.142460966808843|327000
9.142460966808843|328000
9.142460966808843|329000
9.142460966808843|330000
9.142460966808843|331000
9.142460966808843|332000
9.142460966808843|333000
9.142460966808843|334000
9.142460966808843|335000
9.142460966808843|336000
9.142460966808843|337000
9.142460966808843|338000
9.142460966808843|339000
9.142460966808843|340000
9.142460966808843|341000
9.142460966808843|342000
9.142460966808843|343000
9.142460966808843|344000
9.142460966808843|345000
9.142460966808843|346000
9.142460966808843|347000
9.142460966808843|348000
9.142460966808843|349000
9.142460966808843|350000
9.142460966808843|351000
9.142460966808843|352000
9.142460966808843|353000
9.142460966808843|354000
9.142460966808843|355000
9.142460966808843|356000
9.142460966808843|357000
9.142460966808843|358000
9.142460966808843|359000
9.142460966808843|360000
9.142460966808843|361000
9.142460966808843|362000
9.142460966808843|363000
9.142460966808843|364000
9.142460966808843|365000
9.142460966808843|366000
9.142460966808843|367000
9.142460966808843|368000
9.142460966808843|369000
9.142460966808843|370000
9.142460966808843|371000
9.142460966808843|372000
9.142460966808843|373000
9.142460966808843|374000
9.142460966808843|375000
9.142460966808843|376000
9.142460966808843|377000
9.142460966808843|378000
9.142460966808843|379000
9.142460966808843|380000
9.142460966808843|381000
9.142460966808843|382000
9.142460966808843|383000
9.142460966808843|384000
9.142460966808843|385000
9.142460966808843|386000
9.142460966808843|387000
9.142460966808843|388000
9.142460966808843|389000
9.142460966808843|390000
9.142460966808843|391000
9.142460966808843|392000
9.142460966808843|393000
9.142460966808843|394000
9.142460966808843|395000
9.142460966808843|396000
9.142460966808843|397000
9.142460966808843|398000
9.142460966808843|399000
9.142460966808843|400000
9.142460966808843|401000
9.142460966808843|402000
9.142460966808843|403000
9.142460966808843|404000
9.142460966808843|405000
9.142460966808843|406000
9.142460966808843|407000
9.142460966808843|408000
9.142460966808843|409000
9.142460966808843|410000
9.142460966808843|411000
9.142460966808843|412000
9.142460966808843|413000
9.142460966808843|414000
9.142460966808843|415000
9.142460966808843|416000
9.142460966808843|417000
9.142460966808843|418000
9.142460966808843|419000
9.142460966808843|420000
9.142460966808843|421000
9.142460966808843|422000
9.142460966808843|423000
9.142460966808843|424000
9.142460966808843|425000
9.142460966808843|426000
9.142460966808843|427000
9.142460966808843|428000
9.142460966808843|429000
9.142460966808843|430000
9.142460966808843|431000
9.142460966808843|432000
9.142460966808843|433000
9.142460966808843|434000
9.142460966808843|435000
9.142460966808843|436000
9.142460966808843|437000
9.142460966808843|438000
9.142460966808843|439000
9.142460966808843|440000
9.142460966808843|441000
9.142460966808843|442000
9.142460966808843|443000
9.142460966808843|444000
9.142460966808843|445000
9.142460966808843|446000
9.142460966808843|447000
9.142460966808843|448000
9.142460966808843|449000
9.142460966808843|450000
9.142460966808843|451000
9.142460966808843|452000
9.142460966808843|453000
9.142460966808843|454000
9.142460966808843|455000
9.142460966808843|456000
9.142460966808843|457000
9.142460966808843|458000
9.142460966808843|459000
9.142460966808843|460000
9.142460966808843|461000
9.142460966808843|462000
9.142460966808843|463000
9.142460966808843|464000
9.142460966808843|465000
9.142460966808843|466000
9.142460966808843|467000
9.142460966808843|468000
9.142460966808843|469000
9.142460966808843|470000
9.142460966808843|471000
9.142460966808843|472000
9.142460966808843|473000
9.142460966808843|474000
9.142460966808843|475000
9.142460966808843|476000
9.142460966808843|477000
9.142460966808843|478000
9.142460966808843|479000
9.142460966808843|480000
9.142460966808843|481000
9.142460966808843|482000
9.142460966808843|483000
9.142460966808843|484000
9.142460966808843|485000
9.142460966808843|486000
9.142460966808843|487000
9.142460966808843|488000
9.142460966808843|489000
9.142460966808843|490000
9.142460966808843|491000
9.142460966808843|492000
9.142460966808843|493000
9.142460966808843|494000
9.142460966808843|495000
9.142460966808843|496000
9.142460966808843|497000
9.142460966808843|498000
9.142460966808843|499000
9.142460966808843|500000
9.142460966808843|501000
9.142460966808843|502000
9.142460966808843|503000
9.142460966808843|504000
9.142460966808843|505000
9.142460966808843|506000
9.142460966808843|507000
9.142460966808843|508000
9.142460966808843|509000
9.142460966808843|510000
9.142460966808843|511000
9.142460966808843|512000
9.142460966808843|513000
9.142460966808843|514000
9.142460966808843|515000
9.142460966808843|516000
9.142460966808843|517000
9.142460966808843|518000
9.142460966808843|519000
9.142460966808843|520000
9.142460966808843|521000
9.142460966808843|522000
9.142460966808843|523000
9.142460966808843|524000
9.142460966808843|525000
9.142460966808843|526000
9.142460966808843|527000
9.142460966808843|528000
9.142460966808843|529000
9.142460966808843|530000
9.142460966808843|531000
9.142460966808843|532000
9.142460966808843|533000
9.142460966808843|534000
9.142460966808843|535000
9.142460966808843|536000
9.142460966808843|537000
9.142460966808843|538000
9.142460966808843|539000
9.142460966808843|540000
9.142460966808843|541000
9.142460966808843|542000
9.142460966808843|543000
9.142460966808843|544000
9.142460966808843|545000
9.142460966808843|546000
9.142460966808843|547000
9.142460966808843|548000
9.142460966808843|549000
9.142460966808843|550000
9.142460966808843|551000
9.142460966808843|552000
9.142460966808843|553000
9.142460966808843|554000
9.142460966808843|555000
9.142460966808843|556000
9.142460966808843|557000
9.142460966808843|558000
9.142460966808843|559000
9.142460966808843|560000
9.142460966808843|561000
9.142460966808843|562000
9.142460966808843|563000
9.142460966808843|564000
9.142460966808843|565000
9.142460966808843|566000
9.142460966808843|567000
9.142460966808843|568000
9.142460966808843|569000
9.142460966808843|570000
9.142460966808843|571000
9.142460966808843|572000
9.142460966808843|573000
9.142460966808843|574000
9.142460966808843|575000
9.142460966808843|576000
9.142460966808843|577000
9.142460966808843|578000
9.142460966808843|579000
9.142460966808843|580000
9.142460966808843|581000
9.142460966808843|582000
9.142460966808843|583000
9.142460966808843|584000
9.142460966808843|585000
9.142460966808843|586000
9.142460966808843|587000
9.142460966808843|588000
9.142460966808843|589000
9.142460966808843|590000
9.142460966808843|591000
9.142460966808843|592000
9.142460966808843|593000
9.142460966808843|594000
9.142460966808843|595000
9.142460966808843|596000
9.142460966808843|597000
9.142460966808843|598000
9.142460966808843|599000
9.142460966808843|600000
9.142460966808843|601000
9.142460966808843|602000
9.142460966808843|603000
9.142460966808843|604000
9.142460966808843|605000
9.142460966808843|606000
9.142460966808843|607000
9.142460966808843|608000
9.142460966808843|609000
9.142460966808843|610000
9.142460966808843|611000
9.142460966808843|612000
9.142460966808843|613000
9.142460966808843|614000
9.142460966808843|615000
9.142460966808843|616000
9.142460966808843|617000
9.142460966808843|618000
9.142460966808843|619000
9.142460966808843|620000
9.142460966808843|621000
9.142460966808843|622000
9.142460966808843|623000
9.142460966808843|624000
9.142460966808843|625000
9.142460966808843|626000
9.142460966808843|627000
9.142460966808843|628000
9.142460966808843|629000
9.142460966808843|630000
9.142460966808843|631000
9.142460966808843|632000
9.142460966808843|633000
9.142460966808843|634000
9.142460966808843|635000
9.142460966808843|636000
9.142460966808843|637000
9.142460966808843|638000
9.142460966808843|639000
9.142460966808843|640000
9.142460966808843|641000
9.142460966808843|642000
9.142460966808843|643000
9.142460966808843|644000
9.142460966808843|645000
9.142460966808843|646000
9.142460966808843|647000
9.142460966808843|648000
9.142460966808843|649000
9.142460966808843|650000
9.142460966808843|651000
9.142460966808843|652000
9.142460966808843|653000
9.142460966808843|654000
9.142460966808843|655000
9.142460966808843|656000
9.142460966808843|657000
9.142460966808843|658000
9.142460966808843|659000
9.142460966808843|660000
9.142460966808843|661000
9.142460966808843|662000
9.142460966808843|663000
9.142460966808843|664000
9.142460966808843|665000
9.142460966808843|666000
9.142460966808843|667000
9.142460966808843|668000
9.142460966808843|669000
9.142460966808843|670000
9.142460966808843|671000
9.142460966808843|672000
9.142460966808843|673000
9.142460966808843|674000
9.142460966808843|675000
9.142460966808843|676000
9.142460966808843|677000
9.142460966808843|678000
9.142460966808843|679000
9.142460966808843|680000
9.142460966808843|681000
9.142460966808843|682000
9.142460966808843|683000
9.142460966808843|684000
9.142460966808843|685000
9.142460966808843|686000
9.142460966808843|687000
9.142460966808843|688000
9.142460966808843|689000
9.142460966808843|690000
9.142460966808843|691000
9.142460966808843|692000
9.142460966808843|693000
9.142460966808843|694000
9.142460966808843|695000
9.142460966808843|696000
9.142460966808843|697000
9.142460966808843|698000
9.142460966808843|699000
9.142460966808843|700000
9.142460966808843|701000
9.142460966808843|702000
9.142460966808843|703000
9.142460966808843|704000
9.142460966808843|705000
9.142460966808843|706000
9.142460966808843|707000
9.142460966808843|708000
9.142460966808843|709000
9.142460966808843|710000
9.142460966808843|711000
9.142460966808843|712000
9.142460966808843|713000
9.142460966808843|714000
9.142460966808843|715000
9.142460966808843|716000
9.142460966808843|717000
9.142460966808843|718000
9.142460966808843|719000
9.142460966808843|720000
9.142460966808843|721000
9.142460966808843|722000
9.142460966808843|723000
9.142460966808843|724000
9.142460966808843|725000
9.142460966808843|726000
9.142460966808843|727000
9.142460966808843|728000
9.142460966808843|729000
9.142460966808843|730000
9.142460966808843|731000
9.142460966808843|732000
9.142460966808843|733000
9.142460966808843|734000
9.142460966808843|735000
9.142460966808843|736000
9.142460966808843|737000
9.142460966808843|738000
9.142460966808843|739000
9.142460966808843|740000
9.142460966808843|741000
9.142460966808843|742000
9.142460966808843|743000
9.142460966808843|744000
9.142460966808843|745000
9.142460966808843|746000
9.142460966808843|747000
9.142460966808843|748000
9.142460966808843|749000
9.142460966808843|750000
9.142460966808843|751000
9.142460966808843|752000
9.142460966808843|753000
9.142460966808843|754000
9.142460966808843|755000
9.142460966808843|756000
9.142460966808843|757000
9.142460966808843|758000
9.142460966808843|759000
9.142460966808843|760000
9.142460966808843|761000
9.142460966808843|762000
9.142460966808843|763000
9.142460966808843|764000
9.142460966808843|765000
9.142460966808843|766000
9.142460966808843|767000
9.142460966808843|768000
9.142460966808843|769000
9.142460966808843|770000
9.142460966808843|771000
9.142460966808843|772000
9.142460966808843|773000
9.142460966808843|774000
9.142460966808843|775000
9.142460966808843|776000
9.142460966808843|777000
9.142460966808843|778000
9.142460966808843|779000
9.142460966808843|780000
9.142460966808843|781000
9.142460966808843|782000
9.142460966808843|783000
9.142460966808843|784000
9.142460966808843|785000
9.142460966808843|786000
9.142460966808843|787000
9.142460966808843|788000
9.142460966808843|789000
9.142460966808843|790000
9.142460966808843|791000
9.142460966808843|792000
9.142460966808843|793000
9.142460966808843|794000
9.142460966808843|795000
9.142460966808843|796000
9.142460966808843|797000
9.142460966808843|798000
9.142460966808843|799000
9.142460966808843|800000
9.142460966808843|801000
9.142460966808843|802000
9.142460966808843|803000
9.142460966808843|804000
9.142460966808843|805000
9.142460966808843|806000
9.142460966808843|807000
9.142460966808843|808000
9.142460966808843|809000
9.142460966808843|810000
9.142460966808843|811000
9.142460966808843|812000
9.142460966808843|813000
9.142460966808843|814000
9.142460966808843|815000
9.142460966808843|816000
9.142460966808843|817000
9.142460966808843|818000
9.142460966808843|819000
9.142460966808843|820000
9.142460966808843|821000
9.142460966808843|822000
9.142460966808843|823000
9.142460966808843|824000
9.142460966808843|825000
9.142460966808843|826000
9.142460966808843|827000
9.142460966808843|828000
9.142460966808843|829000
9.142460966808843|830000
9.142460966808843|831000
9.142460966808843|832000
9.142460966808843|833000
9.142460966808843|834000
9.142460966808843|835000
9.142460966808843|836000
9.142460966808843|837000
9.142460966808843|838000
9.142460966808843|839000
9.142460966808843|840000
9.142460966808843|841000
9.142460966808843|842000
9.142460966808843|843000
9.142460966808843|844000
9.142460966808843|845000
9.142460966808843|846000
9.142460966808843|847000
9.142460966808843|848000
9.142460966808843|849000
9.142460966808843|850000
9.142460966808843|851000
9.142460966808843|852000
9.142460966808843|853000
9.142460966808843|854000
9.142460966808843|855000
9.142460966808843|856000
9.142460966808843|857000
9.142460966808843|858000
9.142460966808843|859000
9.142460966808843|860000
9.142460966808843|861000
9.142460966808843|862000
9.142460966808843|863000
9.142460966808843|864000
9.142460966808843|865000
9.142460966808843|866000
9.142460966808843|867000
9.142460966808843|868000
9.142460966808843|869000
9.142460966808843|870000
9.142460966808843|871000
9.142460966808843|872000
9.142460966808843|873000
9.142460966808843|874000
9.142460966808843|875000
9.142460966808843|876000
9.142460966808843|877000
9.142460966808843|878000
9.142460966808843|879000
9.142460966808843|880000
9.142460966808843|881000
9.142460966808843|882000
9.142460966808843|883000
9.142460966808843|884000
9.142460966808843|885000
9.142460966808843|886000
9.142460966808843|887000
9.142460966808843|888000
9.142460966808843|889000
9.142460966808843|890000
9.142460966808843|891000
9.142460966808843|892000
9.142460966808843|893000
9.142460966808843|894000
9.142460966808843|895000
9.142460966808843|896000
9.142460966808843|897000
9.142460966808843|898000
9.142460966808843|899000
9.142460966808843|900000
9.142460966808843|901000
9.142460966808843|902000
9.142460966808843|903000
9.142460966808843|904000
9.142460966808843|905000
9.142460966808843|906000
9.142460966808843|907000
9.142460966808843|908000
9.142460966808843|909000
9.142460966808843|910000
9.142460966808843|911000
9.142460966808843|912000
9.142460966808843|913000
9.142460966808843|914000
9.142460966808843|915000
9.142460966808843|916000
9.142460966808843|917000
9.142460966808843|918000
9.142460966808843|919000
9.142460966808843|920000
9.142460966808843|921000
9.142460966808843|922000
9.142460966808843|923000
9.142460966808843|924000
9.142460966808843|925000
9.142460966808843|926000
9.142460966808843|927000
9.142460966808843|928000
9.142460966808843|929000
9.142460966808843|930000
9.142460966808843|931000
9.142460966808843|932000
9.142460966808843|933000
9.142460966808843|934000
9.142460966808843|935000
9.142460966808843|936000
9.142460966808843|937000
9.142460966808843|938000
9.142460966808843|939000
9.142460966808843|940000
9.142460966808843|941000
9.142460966808843|942000
9.142460966808843|943000
9.142460966808843|944000
9.142460966808843|945000
9.142460966808843|946000
9.142460966808843|947000
9.142460966808843|948000
9.142460966808843|949000
9.142460966808843|950000
9.142460966808843|951000
9.142460966808843|952000
9.142460966808843|953000
9.142460966808843|954000
9.142460966808843|955000
9.142460966808843|956000
9.142460966808843|957000
9.142460966808843|958000
9.142460966808843|959000
9.142460966808843|960000
9.142460966808843|961000
9.142460966808843|962000
9.142460966808843|963000
9.142460966808843|964000
9.142460966808843|965000
9.142460966808843|966000
9.142460966808843|967000
9.142460966808843|968000
9.142460966808843|969000
9.142460966808843|970000
9.142460966808843|971000
9.142460966808843|972000
9.142460966808843|973000
9.142460966808843|974000
9.142460966808843|975000
9.142460966808843|976000
9.142460966808843|977000
9.142460966808843|978000
9.142460966808843|979000
9.142460966808843|980000
9.142460966808843|981000
9.142460966808843|982000
9.142460966808843|983000
9.142460966808843|984000
9.142460966808843|985000
9.142460966808843|986000
9.142460966808843|987000
9.142460966808843|988000
9.142460966808843|989000
9.142460966808843|990000
9.142460966808843|991000
9.142460966808843|992000
9.142460966808843|993000
9.142460966808843|994000
9.142460966808843|995000
9.142460966808843|996000
9.142460966808843|997000
9.142460966808843|998000
9.142460966808843|999000
9.142460966808843|1000000
