17.907897027371313|1010
15.038380094756429|2010
13.337648773053276|3010
11.824697997151777|4010
11.583497622272176|5010
11.290258183825596|6010
11.240590281364444|7010
11.023723116200596|8010
10.916731272129677|9010
10.753906704056725|10010
10.609679992003521|11010
10.593742727192256|12010
10.525063927682872|13010
10.525063927682872|14010
10.442321259642366|15010
10.442321259642366|16010
10.390140751221491|17010
10.390140751221491|18010
10.390140751221491|19010
10.390140751221491|20010
10.390140751221491|21010
10.390140751221491|22010
10.390140751221491|23010
10.390140751221491|24010
10.390140751221491|25010
10.390140751221491|26010
10.390140751221491|27010
10.390140751221491|28010
10.390140751221491|29010
10.390140751221491|30010
10.390140751221491|31010
10.390140751221491|32010
10.390140751221491|33010
10.390140751221491|34010
10.390140751221491|35010
10.390140751221491|36010
10.390140751221491|37010
10.390140751221491|38010
10.390140751221491|39010
10.390140751221491|40010
10.390140751221491|41010
10.390140751221491|42010
10.390140751221491|43010
10.390140751221491|44010
10.390140751221491|45010
10.390140751221491|46010
10.390140751221491|47010
10.390140751221491|48010
10.390140751221491|49010
10.390140751221491|50010
10.390140751221491|51010
10.390140751221491|52010
10.390140751221491|53010
10.390140751221491|54010
10.390140751221491|55010
10.390140751221491|56010
10.390140751221491|57010
10.390140751221491|58010
10.390140751221491|59010
10.390140751221491|60010
10.390140751221491|61010
10.390140751221491|62010
10.390140751221491|63010
10.390140751221491|64010
10.390140751221491|65010
10.390140751221491|66010
10.390140751221491|67010
10.390140751221491|68010
10.390140751221491|69010
10.390140751221491|70010
10.390140751221491|71010
10.390140751221491|72010
10.390140751221491|73010
10.390140751221491|74010
10.390140751221491|75010
10.390140751221491|76010
10.390140751221491|77010
10.390140751221491|78010
10.390140751221491|79010
10.390140751221491|80010
10.390140751221491|81010
10.390140751221491|82010
10.390140751221491|83010
10.390140751221491|84010
10.390140751221491|85010
10.390140751221491|86010
10.390140751221491|87010
10.390140751221491|88010
10.390140751221491|89010
10.390140751221491|90010
10.390140751221491|91010
10.390140751221491|92010
10.390140751221491|93010
10.390140751221491|94010
10.390140751221491|95010
10.390140751221491|96010
10.390140751221491|97010
10.390140751221491|98010
10.390140751221491|99010
10.390140751221491|100010
10.390140751221491|101010
10.390140751221491|102010
10.390140751221491|103010
10.390140751221491|104010
10.390140751221491|105010
10.390140751221491|106010
10.390140751221491|107010
10.390140751221491|108010
10.390140751221491|109010
10.390140751221491|110010
10.390140751221491|111010
10.390140751221491|112010
10.390140751221491|113010
10.390140751221491|114010
10.390140751221491|115010
10.390140751221491|116010
10.390140751221491|117010
10.390140751221491|118010
10.390140751221491|119010
10.390140751221491|120010
10.390140751221491|121010
10.390140751221491|122010
10.390140751221491|123010
10.390140751221491|124010
10.390140751221491|125010
10.390140751221491|126010
10.390140751221491|127010
10.390140751221491|128010
10.390140751221491|129010
10.390140751221491|130010
10.390140751221491|131010
10.390140751221491|132010
10.390140751221491|133010
10.390140751221491|134010
10.390140751221491|135010
10.390140751221491|136010
10.390140751221491|137010
10.390140751221491|138010
10.390140751221491|139010
10.390140751221491|140010
10.390140751221491|141010
10.390140751221491|142010
10.390140751221491|143010
10.390140751221491|144010
10.390140751221491|145010
10.390140751221491|146010
10.390140751221491|147010
10.390140751221491|148010
10.390140751221491|149010
10.390140751221491|150010
10.390140751221491|151010
10.390140751221491|152010
10.390140751221491|153010
10.390140751221491|154010
10.390140751221491|155010
10.390140751221491|156010
10.390140751221491|157010
10.390140751221491|158010
10.390140751221491|159010
10.390140751221491|160010
10.390140751221491|161010
10.390140751221491|162010
10.390140751221491|163010
10.390140751221491|164010
10.390140751221491|165010
10.390140751221491|166010
10.390140751221491|167010
10.390140751221491|168010
10.390140751221491|169010
10.390140751221491|170010
10.390140751221491|171010
10.390140751221491|172010
10.390140751221491|173010
10.390140751221491|174010
10.390140751221491|175010
10.390140751221491|176010
10.390140751221491|177010
10.390140751221491|178010
10.390140751221491|179010
10.390140751221491|180010
10.390140751221491|181010
10.390140751221491|182010
10.390140751221491|183010
10.390140751221491|184010
10.390140751221491|185010
10.390140751221491|186010
10.390140751221491|187010
10.390140751221491|188010
10.390140751221491|189010
10.390140751221491|190010
10.390140751221491|191010
10.390140751221491|192010
10.390140751221491|193010
10.390140751221491|194010
10.390140751221491|195010
10.390140751221491|196010
10.390140751221491|197010
10.390140751221491|198010
10.390140751221491|199010
10.390140751221491|200010
10.390140751221491|201010
10.390140751221491|202010
10.390140751221491|203010
10.390140751221491|204010
10.390140751221491|205010
10.390140751221491|206010
10.390140751221491|207010
10.390140751221491|208010
10.390140751221491|209010
10.390140751221491|210010
10.390140751221491|211010
10.390140751221491|212010
10.390140751221491|213010
10.390140751221491|214010
10.390140751221491|215010
10.390140751221491|216010
10.390140751221491|217010
10.390140751221491|218010
10.390140751221491|219010
10.390140751221491|220010
10.390140751221491|221010
10.390140751221491|222010
10.390140751221491|223010
10.390140751221491|224010
10.390140751221491|225010
10.390140751221491|226010
10.390140751221491|227010
10.390140751221491|228010
10.390140751221491|229010
10.390140751221491|230010
10.390140751221491|231010
10.390140751221491|232010
10.390140751221491|233010
10.390140751221491|234010
10.390140751221491|235010
10.390140751221491|236010
10.390140751221491|237010
10.390140751221491|238010
10.390140751221491|239010
10.390140751221491|240010
10.390140751221491|241010
10.390140751221491|242010
10.390140751221491|243010
10.390140751221491|244010
10.390140751221491|245010
10.390140751221491|246010
10.390140751221491|247010
10.390140751221491|248010
10.390140751221491|249010
10.390140751221491|250010
10.390140751221491|251010
10.390140751221491|252010
10.390140751221491|253010
10.390140751221491|254010
10.390140751221491|255010
10.390140751221491|256010
10.390140751221491|257010
10.390140751221491|258010
10.390140751221491|259010
10.390140751221491|260010
10.390140751221491|261010
10.390140751221491|262010
10.390140751221491|263010
10.390140751221491|264010
10.390140751221491|265010
10.390140751221491|266010
10.390140751221491|267010
10.390140751221491|268010
10.390140751221491|269010
10.390140751221491|270010
10.390140751221491|271010
10.390140751221491|272010
10.390140751221491|273010
10.390140751221491|274010
10.390140751221491|275010
10.390140751221491|276010
10.390140751221491|277010
10.390140751221491|278010
10.390140751221491|279010
10.390140751221491|280010
10.390140751221491|281010
10.390140751221491|282010
10.390140751221491|283010
10.390140751221491|284010
10.390140751221491|285010
10.390140751221491|286010
10.390140751221491|287010
10.390140751221491|288010
10.390140751221491|289010
10.390140751221491|290010
10.390140751221491|291010
10.390140751221491|292010
10.390140751221491|293010
10.390140751221491|294010
10.390140751221491|295010
10.390140751221491|296010
10.390140751221491|297010
10.390140751221491|298010
10.390140751221491|299010
10.390140751221491|300010
10.390140751221491|301010
10.390140751221491|302010
10.390140751221491|303010
10.390140751221491|304010
10.390140751221491|305010
10.390140751221491|306010
10.390140751221491|307010
10.390140751221491|308010
10.390140751221491|309010
10.390140751221491|310010
10.390140751221491|311010
10.390140751221491|312010
10.390140751221491|313010
10.390140751221491|314010
10.390140751221491|315010
10.390140751221491|316010
10.390140751221491|317010
10.390140751221491|318010
10.390140751221491|319010
10.390140751221491|320010
10.390140751221491|321010
10.390140751221491|322010
10.390140751221491|323010
10.390140751221491|324010
10.390140751221491|325010
10.390140751221491|326010
10.390140751221491|327010
10.390140751221491|328010
10.390140751221491|329010
10.390140751221491|330010
10.390140751221491|331010
10.390140751221491|332010
10.390140751221491|333010
10.390140751221491|334010
10.390140751221491|335010
10.390140751221491|336010
10.390140751221491|337010
10.390140751221491|338010
10.390140751221491|339010
10.390140751221491|340010
10.390140751221491|341010
10.390140751221491|342010
10.390140751221491|343010
10.390140751221491|344010
10.390140751221491|345010
10.390140751221491|346010
10.390140751221491|347010
10.390140751221491|348010
10.390140751221491|349010
10.390140751221491|350010
10.390140751221491|351010
10.390140751221491|352010
10.390140751221491|353010
10.390140751221491|354010
10.390140751221491|355010
10.390140751221491|356010
10.390140751221491|357010
10.390140751221491|358010
10.390140751221491|359010
10.390140751221491|360010
10.390140751221491|361010
10.390140751221491|362010
10.390140751221491|363010
10.390140751221491|364010
10.390140751221491|365010
10.390140751221491|366010
10.390140751221491|367010
10.390140751221491|368010
10.390140751221491|369010
10.390140751221491|370010
10.390140751221491|371010
10.390140751221491|372010
10.390140751221491|373010
10.390140751221491|374010
10.390140751221491|375010
10.390140751221491|376010
10.390140751221491|377010
10.390140751221491|378010
10.390140751221491|379010
10.390140751221491|380010
10.390140751221491|381010
10.390140751221491|382010
10.390140751221491|383010
10.390140751221491|384010
10.390140751221491|385010
10.390140751221491|386010
10.390140751221491|387010
10.390140751221491|388010
10.390140751221491|389010
10.390140751221491|390010
10.390140751221491|391010
10.390140751221491|392010
10.390140751221491|393010
10.390140751221491|394010
10.390140751221491|395010
10.390140751221491|396010
10.390140751221491|397010
10.390140751221491|398010
10.390140751221491|399010
10.390140751221491|400010
10.390140751221491|401010
10.390140751221491|402010
10.390140751221491|403010
10.390140751221491|404010
10.390140751221491|405010
10.390140751221491|406010
10.390140751221491|407010
10.390140751221491|408010
10.390140751221491|409010
10.390140751221491|410010
10.390140751221491|411010
10.390140751221491|412010
10.390140751221491|413010
10.390140751221491|414010
10.390140751221491|415010
10.390140751221491|416010
10.390140751221491|417010
10.390140751221491|418010
10.390140751221491|419010
10.390140751221491|420010
10.390140751221491|421010
10.390140751221491|422010
10.390140751221491|423010
10.390140751221491|424010
10.390140751221491|425010
10.390140751221491|426010
10.390140751221491|427010
10.390140751221491|428010
10.390140751221491|429010
10.390140751221491|430010
10.390140751221491|431010
10.390140751221491|432010
10.390140751221491|433010
10.390140751221491|434010
10.390140751221491|435010
10.390140751221491|436010
10.390140751221491|437010
10.390140751221491|438010
10.390140751221491|439010
10.390140751221491|440010
10.390140751221491|441010
10.390140751221491|442010
10.390140751221491|443010
10.390140751221491|444010
10.390140751221491|445010
10.390140751221491|446010
10.390140751221491|447010
10.390140751221491|448010
10.390140751221491|449010
10.390140751221491|450010
10.390140751221491|451010
10.390140751221491|452010
10.390140751221491|453010
10.390140751221491|454010
10.390140751221491|455010
10.390140751221491|456010
10.390140751221491|457010
10.390140751221491|458010
10.390140751221491|459010
10.390140751221491|460010
10.390140751221491|461010
10.390140751221491|462010
10.390140751221491|463010
10.390140751221491|464010
10.390140751221491|465010
10.390140751221491|466010
10.390140751221491|467010
10.390140751221491|468010
10.390140751221491|469010
10.390140751221491|470010
10.390140751221491|471010
10.390140751221491|472010
10.390140751221491|473010
10.390140751221491|474010
10.390140751221491|475010
10.390140751221491|476010
10.390140751221491|477010
10.390140751221491|478010
10.390140751221491|479010
10.390140751221491|480010
10.390140751221491|481010
10.390140751221491|482010
10.390140751221491|483010
10.390140751221491|484010
10.390140751221491|485010
10.390140751221491|486010
10.390140751221491|487010
10.390140751221491|488010
10.390140751221491|489010
10.390140751221491|490010
10.390140751221491|491010
10.390140751221491|492010
10.390140751221491|493010
10.390140751221491|494010
10.390140751221491|495010
10.390140751221491|496010
10.390140751221491|497010
10.390140751221491|498010
10.390140751221491|499010
10.390140751221491|500010
10.390140751221491|501010
10.390140751221491|502010
10.390140751221491|503010
10.390140751221491|504010
10.390140751221491|505010
10.390140751221491|506010
10.390140751221491|507010
10.390140751221491|508010
10.390140751221491|509010
10.390140751221491|510010
10.390140751221491|511010
10.390140751221491|512010
10.390140751221491|513010
10.390140751221491|514010
10.390140751221491|515010
10.390140751221491|516010
10.390140751221491|517010
10.390140751221491|518010
10.390140751221491|519010
10.390140751221491|520010
10.390140751221491|521010
10.390140751221491|522010
10.390140751221491|523010
10.390140751221491|524010
10.390140751221491|525010
10.390140751221491|526010
10.390140751221491|527010
10.390140751221491|528010
10.390140751221491|529010
10.390140751221491|530010
10.390140751221491|531010
10.390140751221491|532010
10.390140751221491|533010
10.390140751221491|534010
10.390140751221491|535010
10.390140751221491|536010
10.390140751221491|537010
10.390140751221491|538010
10.390140751221491|539010
10.390140751221491|540010
10.390140751221491|541010
10.390140751221491|542010
10.390140751221491|543010
10.390140751221491|544010
10.390140751221491|545010
10.390140751221491|546010
10.390140751221491|547010
10.390140751221491|548010
10.390140751221491|549010
10.390140751221491|550010
10.390140751221491|551010
10.390140751221491|552010
10.390140751221491|553010
10.390140751221491|554010
10.390140751221491|555010
10.390140751221491|556010
10.390140751221491|557010
10.390140751221491|558010
10.390140751221491|559010
10.390140751221491|560010
10.390140751221491|561010
10.390140751221491|562010
10.390140751221491|563010
10.390140751221491|564010
10.390140751221491|565010
10.390140751221491|566010
10.390140751221491|567010
10.390140751221491|568010
10.390140751221491|569010
10.390140751221491|570010
10.390140751221491|571010
10.390140751221491|572010
10.390140751221491|573010
10.390140751221491|574010
10.390140751221491|575010
10.390140751221491|576010
10.390140751221491|577010
10.390140751221491|578010
10.390140751221491|579010
10.390140751221491|580010
10.390140751221491|581010
10.390140751221491|582010
10.390140751221491|583010
10.390140751221491|584010
10.390140751221491|585010
10.390140751221491|586010
10.390140751221491|587010
10.390140751221491|588010
10.390140751221491|589010
10.390140751221491|590010
10.390140751221491|591010
10.390140751221491|592010
10.390140751221491|593010
10.390140751221491|594010
10.390140751221491|595010
10.390140751221491|596010
10.390140751221491|597010
10.390140751221491|598010
10.390140751221491|599010
10.390140751221491|600010
10.390140751221491|601010
10.390140751221491|602010
10.390140751221491|603010
10.390140751221491|604010
10.390140751221491|605010
10.390140751221491|606010
10.390140751221491|607010
10.390140751221491|608010
10.390140751221491|609010
10.390140751221491|610010
10.390140751221491|611010
10.390140751221491|612010
10.390140751221491|613010
10.390140751221491|614010
10.390140751221491|615010
10.390140751221491|616010
10.390140751221491|617010
10.390140751221491|618010
10.390140751221491|619010
10.390140751221491|620010
10.390140751221491|621010
10.390140751221491|622010
10.390140751221491|623010
10.390140751221491|624010
10.390140751221491|625010
10.390140751221491|626010
10.390140751221491|627010
10.390140751221491|628010
10.390140751221491|629010
10.390140751221491|630010
10.390140751221491|631010
10.390140751221491|632010
10.390140751221491|633010
10.390140751221491|634010
10.390140751221491|635010
10.390140751221491|636010
10.390140751221491|637010
10.390140751221491|638010
10.390140751221491|639010
10.390140751221491|640010
10.390140751221491|641010
10.390140751221491|642010
10.390140751221491|643010
10.390140751221491|644010
10.390140751221491|645010
10.390140751221491|646010
10.390140751221491|647010
10.390140751221491|648010
10.390140751221491|649010
10.390140751221491|650010
10.390140751221491|651010
10.390140751221491|652010
10.390140751221491|653010
10.390140751221491|654010
10.390140751221491|655010
10.390140751221491|656010
10.390140751221491|657010
10.390140751221491|658010
10.390140751221491|659010
10.390140751221491|660010
10.390140751221491|661010
10.390140751221491|662010
10.390140751221491|663010
10.390140751221491|664010
10.390140751221491|665010
10.390140751221491|666010
10.390140751221491|667010
10.390140751221491|668010
10.390140751221491|669010
10.390140751221491|670010
10.390140751221491|671010
10.390140751221491|672010
10.390140751221491|673010
10.390140751221491|674010
10.390140751221491|675010
10.390140751221491|676010
10.390140751221491|677010
10.390140751221491|678010
10.390140751221491|679010
10.390140751221491|680010
10.390140751221491|681010
10.390140751221491|682010
10.390140751221491|683010
10.390140751221491|684010
10.390140751221491|685010
10.390140751221491|686010
10.390140751221491|687010
10.390140751221491|688010
10.390140751221491|689010
10.390140751221491|690010
10.390140751221491|691010
10.390140751221491|692010
10.390140751221491|693010
10.390140751221491|694010
10.390140751221491|695010
10.390140751221491|696010
10.390140751221491|697010
10.390140751221491|698010
10.390140751221491|699010
10.390140751221491|700010
10.390140751221491|701010
10.390140751221491|702010
10.390140751221491|703010
10.390140751221491|704010
10.390140751221491|705010
10.390140751221491|706010
10.390140751221491|707010
10.390140751221491|708010
10.390140751221491|709010
10.390140751221491|710010
10.390140751221491|711010
10.390140751221491|712010
10.390140751221491|713010
10.390140751221491|714010
10.390140751221491|715010
10.390140751221491|716010
10.390140751221491|717010
10.390140751221491|718010
10.390140751221491|719010
10.390140751221491|720010
10.390140751221491|721010
10.390140751221491|722010
10.390140751221491|723010
10.390140751221491|724010
10.390140751221491|725010
10.390140751221491|726010
10.390140751221491|727010
10.390140751221491|728010
10.390140751221491|729010
10.390140751221491|730010
10.390140751221491|731010
10.390140751221491|732010
10.390140751221491|733010
10.390140751221491|734010
10.390140751221491|735010
10.390140751221491|736010
10.390140751221491|737010
10.390140751221491|738010
10.390140751221491|739010
10.390140751221491|740010
10.390140751221491|741010
10.390140751221491|742010
10.390140751221491|743010
10.390140751221491|744010
10.390140751221491|745010
10.390140751221491|746010
10.390140751221491|747010
10.390140751221491|748010
10.390140751221491|749010
10.390140751221491|750010
10.390140751221491|751010
10.390140751221491|752010
10.390140751221491|753010
10.390140751221491|754010
10.390140751221491|755010
10.390140751221491|756010
10.390140751221491|757010
10.390140751221491|758010
10.390140751221491|759010
10.390140751221491|760010
10.390140751221491|761010
10.390140751221491|762010
10.390140751221491|763010
10.390140751221491|764010
10.390140751221491|765010
10.390140751221491|766010
10.390140751221491|767010
10.390140751221491|768010
10.390140751221491|769010
10.390140751221491|770010
10.390140751221491|771010
10.390140751221491|772010
10.390140751221491|773010
10.390140751221491|774010
10.390140751221491|775010
10.390140751221491|776010
10.390140751221491|777010
10.390140751221491|778010
10.390140751221491|779010
10.390140751221491|780010
10.390140751221491|781010
10.390140751221491|782010
10.390140751221491|783010
10.390140751221491|784010
10.390140751221491|785010
10.390140751221491|786010
10.390140751221491|787010
10.390140751221491|788010
10.390140751221491|789010
10.390140751221491|790010
10.390140751221491|791010
10.390140751221491|792010
10.390140751221491|793010
10.390140751221491|794010
10.390140751221491|795010
10.390140751221491|796010
10.390140751221491|797010
10.390140751221491|798010
10.390140751221491|799010
10.390140751221491|800010
10.390140751221491|801010
10.390140751221491|802010
10.390140751221491|803010
10.390140751221491|804010
10.390140751221491|805010
10.390140751221491|806010
10.390140751221491|807010
10.390140751221491|808010
10.390140751221491|809010
10.390140751221491|810010
10.390140751221491|811010
10.390140751221491|812010
10.390140751221491|813010
10.390140751221491|814010
10.390140751221491|815010
10.390140751221491|816010
10.390140751221491|817010
10.390140751221491|818010
10.390140751221491|819010
10.390140751221491|820010
10.390140751221491|821010
10.390140751221491|822010
10.390140751221491|823010
10.390140751221491|824010
10.390140751221491|825010
10.390140751221491|826010
10.390140751221491|827010
10.390140751221491|828010
10.390140751221491|829010
10.390140751221491|830010
10.390140751221491|831010
10.390140751221491|832010
10.390140751221491|833010
10.390140751221491|834010
10.390140751221491|835010
10.390140751221491|836010
10.390140751221491|837010
10.390140751221491|838010
10.390140751221491|839010
10.390140751221491|840010
10.390140751221491|841010
10.390140751221491|842010
10.390140751221491|843010
10.390140751221491|844010
10.390140751221491|845010
10.390140751221491|846010
10.390140751221491|847010
10.390140751221491|848010
10.390140751221491|849010
10.390140751221491|850010
10.390140751221491|851010
10.390140751221491|852010
10.390140751221491|853010
10.390140751221491|854010
10.390140751221491|855010
10.390140751221491|856010
10.390140751221491|857010
10.390140751221491|858010
10.390140751221491|859010
10.390140751221491|860010
10.390140751221491|861010
10.390140751221491|862010
10.390140751221491|863010
10.390140751221491|864010
10.390140751221491|865010
10.390140751221491|866010
10.390140751221491|867010
10.390140751221491|868010
10.390140751221491|869010
10.390140751221491|870010
10.390140751221491|871010
10.390140751221491|872010
10.390140751221491|873010
10.390140751221491|874010
10.390140751221491|875010
10.390140751221491|876010
10.390140751221491|877010
10.390140751221491|878010
10.390140751221491|879010
10.390140751221491|880010
10.390140751221491|881010
10.390140751221491|882010
10.390140751221491|883010
10.390140751221491|884010
10.390140751221491|885010
10.390140751221491|886010
10.390140751221491|887010
10.390140751221491|888010
10.390140751221491|889010
10.390140751221491|890010
10.390140751221491|891010
10.390140751221491|892010
10.390140751221491|893010
10.390140751221491|894010
10.390140751221491|895010
10.390140751221491|896010
10.390140751221491|897010
10.390140751221491|898010
10.390140751221491|899010
10.390140751221491|900010
10.390140751221491|901010
10.390140751221491|902010
10.390140751221491|903010
10.390140751221491|904010
10.390140751221491|905010
10.390140751221491|906010
10.390140751221491|907010
10.390140751221491|908010
10.390140751221491|909010
10.390140751221491|910010
10.390140751221491|911010
10.390140751221491|912010
10.390140751221491|913010
10.390140751221491|914010
10.390140751221491|915010
10.390140751221491|916010
10.390140751221491|917010
10.390140751221491|918010
10.390140751221491|919010
10.390140751221491|920010
10.390140751221491|921010
10.390140751221491|922010
10.390140751221491|923010
10.390140751221491|924010
10.390140751221491|925010
10.390140751221491|926010
10.390140751221491|927010
10.390140751221491|928010
10.390140751221491|929010
10.390140751221491|930010
10.390140751221491|931010
10.390140751221491|932010
10.390140751221491|933010
10.390140751221491|934010
10.390140751221491|935010
10.390140751221491|936010
10.390140751221491|937010
10.390140751221491|938010
10.390140751221491|939010
10.390140751221491|940010
10.390140751221491|941010
10.390140751221491|942010
10.390140751221491|943010
10.390140751221491|944010
10.390140751221491|945010
10.390140751221491|946010
10.390140751221491|947010
10.390140751221491|948010
10.390140751221491|949010
10.390140751221491|950010
10.390140751221491|951010
10.390140751221491|952010
10.390140751221491|953010
10.390140751221491|954010
10.390140751221491|955010
10.390140751221491|956010
10.390140751221491|957010
10.390140751221491|958010
10.390140751221491|959010
10.390140751221491|960010
10.390140751221491|961010
10.390140751221491|962010
10.390140751221491|963010
10.390140751221491|964010
10.390140751221491|965010
10.390140751221491|966010
10.390140751221491|967010
10.390140751221491|968010
10.390140751221491|969010
10.390140751221491|970010
10.390140751221491|971010
10.390140751221491|972010
10.390140751221491|973010
10.390140751221491|974010
10.390140751221491|975010
10.390140751221491|976010
10.390140751221491|977010
10.390140751221491|978010
10.390140751221491|979010
10.390140751221491|980010
10.390140751221491|981010
10.390140751221491|982010
10.390140751221491|983010
10.390140751221491|984010
10.390140751221491|985010
10.390140751221491|986010
10.390140751221491|987010
10.390140751221491|988010
10.390140751221491|989010
10.390140751221491|990010
10.390140751221491|991010
10.390140751221491|992010
10.390140751221491|993010
10.390140751221491|994010
10.390140751221491|995010
10.390140751221491|996010
10.390140751221491|997010
10.390140751221491|998010
10.390140751221491|999010
10.390140751221491|1000010
