22.51788375634099|1100
19.394302394517048|2100
16.962673211194595|3100
15.856496497265717|4100
14.839699609308635|5100
14.05145014568831|6100
13.57321456738982|7100
13.147457530710193|8100
12.4588410891856|9100
12.012677145553065|10100
11.858922459949618|11100
11.837963502188508|12100
11.589488981404582|13100
11.316554998768625|14100
11.302891697870907|15100
11.077513000918897|16100
10.923141079133678|17100
10.641416246146402|18100
10.515778752717104|19100
10.444581774733358|20100
10.407715216551994|21100
10.394334092998703|22100
10.346527259875607|23100
10.313215235445861|24100
10.156416123110443|25100
10.156416123110443|26100
10.156416123110443|27100
10.154668400166319|28100
10.152611824353544|29100
10.152611824353544|30100
10.152611824353544|31100
10.14133381935756|32100
10.14133381935756|33100
10.14133381935756|34100
10.14133381935756|35100
10.14133381935756|36100
10.14133381935756|37100
10.14133381935756|38100
10.14133381935756|39100
10.14133381935756|40100
10.14133381935756|41100
10.14133381935756|42100
10.14133381935756|43100
10.14133381935756|44100
10.14133381935756|45100
10.14133381935756|46100
10.14133381935756|47100
10.14133381935756|48100
10.14133381935756|49100
10.14133381935756|50100
10.14133381935756|51100
10.14133381935756|52100
10.14133381935756|53100
10.14133381935756|54100
10.14133381935756|55100
10.14133381935756|56100
10.14133381935756|57100
10.14133381935756|58100
10.14133381935756|59100
10.14133381935756|60100
10.14133381935756|61100
10.14133381935756|62100
10.14133381935756|63100
10.14133381935756|64100
10.14133381935756|65100
10.14133381935756|66100
10.14133381935756|67100
10.14133381935756|68100
10.14133381935756|69100
10.14133381935756|70100
10.14133381935756|71100
10.14133381935756|72100
10.14133381935756|73100
10.14133381935756|74100
10.14133381935756|75100
10.14133381935756|76100
10.14133381935756|77100
10.14133381935756|78100
10.14133381935756|79100
10.14133381935756|80100
10.14133381935756|81100
10.14133381935756|82100
10.14133381935756|83100
10.14133381935756|84100
10.14133381935756|85100
10.14133381935756|86100
10.14133381935756|87100
10.14133381935756|88100
10.14133381935756|89100
10.14133381935756|90100
10.14133381935756|91100
10.14133381935756|92100
10.14133381935756|93100
10.14133381935756|94100
10.14133381935756|95100
10.14133381935756|96100
10.14133381935756|97100
10.14133381935756|98100
10.14133381935756|99100
10.14133381935756|100100
10.14133381935756|101100
10.14133381935756|102100
10.14133381935756|103100
10.14133381935756|104100
10.14133381935756|105100
10.14133381935756|106100
10.14133381935756|107100
10.14133381935756|108100
10.14133381935756|109100
10.14133381935756|110100
10.14133381935756|111100
10.14133381935756|112100
10.14133381935756|113100
10.14133381935756|114100
10.14133381935756|115100
10.14133381935756|116100
10.14133381935756|117100
10.14133381935756|118100
10.14133381935756|119100
10.14133381935756|120100
10.14133381935756|121100
10.14133381935756|122100
10.14133381935756|123100
10.14133381935756|124100
10.14133381935756|125100
10.14133381935756|126100
10.14133381935756|127100
10.14133381935756|128100
10.14133381935756|129100
10.14133381935756|130100
10.14133381935756|131100
10.14133381935756|132100
10.14133381935756|133100
10.14133381935756|134100
10.14133381935756|135100
10.14133381935756|136100
10.14133381935756|137100
10.14133381935756|138100
10.14133381935756|139100
10.14133381935756|140100
10.14133381935756|141100
10.14133381935756|142100
10.14133381935756|143100
10.14133381935756|144100
10.14133381935756|145100
10.14133381935756|146100
10.14133381935756|147100
10.14133381935756|148100
10.14133381935756|149100
10.14133381935756|150100
10.14133381935756|151100
10.14133381935756|152100
10.14133381935756|153100
10.14133381935756|154100
10.14133381935756|155100
10.14133381935756|156100
10.14133381935756|157100
10.14133381935756|158100
10.14133381935756|159100
10.14133381935756|160100
10.14133381935756|161100
10.14133381935756|162100
10.14133381935756|163100
10.14133381935756|164100
10.14133381935756|165100
10.14133381935756|166100
10.14133381935756|167100
10.14133381935756|168100
10.14133381935756|169100
10.14133381935756|170100
10.14133381935756|171100
10.14133381935756|172100
10.14133381935756|173100
10.14133381935756|174100
10.14133381935756|175100
10.14133381935756|176100
10.14133381935756|177100
10.14133381935756|178100
10.14133381935756|179100
10.14133381935756|180100
10.14133381935756|181100
10.14133381935756|182100
10.14133381935756|183100
10.14133381935756|184100
10.14133381935756|185100
10.14133381935756|186100
10.14133381935756|187100
10.14133381935756|188100
10.14133381935756|189100
10.14133381935756|190100
10.14133381935756|191100
10.14133381935756|192100
10.14133381935756|193100
10.14133381935756|194100
10.14133381935756|195100
10.14133381935756|196100
10.14133381935756|197100
10.14133381935756|198100
10.14133381935756|199100
10.14133381935756|200100
10.14133381935756|201100
10.14133381935756|202100
10.14133381935756|203100
10.14133381935756|204100
10.14133381935756|205100
10.14133381935756|206100
10.14133381935756|207100
10.14133381935756|208100
10.14133381935756|209100
10.14133381935756|210100
10.14133381935756|211100
10.14133381935756|212100
10.14133381935756|213100
10.14133381935756|214100
10.14133381935756|215100
10.14133381935756|216100
10.14133381935756|217100
10.14133381935756|218100
10.14133381935756|219100
10.14133381935756|220100
10.14133381935756|221100
10.14133381935756|222100
10.14133381935756|223100
10.14133381935756|224100
10.14133381935756|225100
10.14133381935756|226100
10.14133381935756|227100
10.14133381935756|228100
10.14133381935756|229100
10.14133381935756|230100
10.14133381935756|231100
10.14133381935756|232100
10.14133381935756|233100
10.14133381935756|234100
10.14133381935756|235100
10.14133381935756|236100
10.14133381935756|237100
10.14133381935756|238100
10.14133381935756|239100
10.14133381935756|240100
10.14133381935756|241100
10.14133381935756|242100
10.14133381935756|243100
10.14133381935756|244100
10.14133381935756|245100
10.14133381935756|246100
10.14133381935756|247100
10.14133381935756|248100
10.14133381935756|249100
10.14133381935756|250100
10.14133381935756|251100
10.14133381935756|252100
10.14133381935756|253100
10.14133381935756|254100
10.14133381935756|255100
10.14133381935756|256100
10.14133381935756|257100
10.14133381935756|258100
10.14133381935756|259100
10.14133381935756|260100
10.14133381935756|261100
10.14133381935756|262100
10.14133381935756|263100
10.14133381935756|264100
10.14133381935756|265100
10.14133381935756|266100
10.14133381935756|267100
10.14133381935756|268100
10.14133381935756|269100
10.14133381935756|270100
10.14133381935756|271100
10.14133381935756|272100
10.14133381935756|273100
10.14133381935756|274100
10.14133381935756|275100
10.14133381935756|276100
10.14133381935756|277100
10.14133381935756|278100
10.14133381935756|279100
10.14133381935756|280100
10.14133381935756|281100
10.14133381935756|282100
10.14133381935756|283100
10.14133381935756|284100
10.14133381935756|285100
10.14133381935756|286100
10.14133381935756|287100
10.14133381935756|288100
10.14133381935756|289100
10.14133381935756|290100
10.14133381935756|291100
10.14133381935756|292100
10.14133381935756|293100
10.14133381935756|294100
10.14133381935756|295100
10.14133381935756|296100
10.14133381935756|297100
10.14133381935756|298100
10.14133381935756|299100
10.14133381935756|300100
10.14133381935756|301100
10.14133381935756|302100
10.14133381935756|303100
10.14133381935756|304100
10.14133381935756|305100
10.14133381935756|306100
10.14133381935756|307100
10.14133381935756|308100
10.14133381935756|309100
10.14133381935756|310100
10.14133381935756|311100
10.14133381935756|312100
10.14133381935756|313100
10.14133381935756|314100
10.14133381935756|315100
10.14133381935756|316100
10.14133381935756|317100
10.14133381935756|318100
10.14133381935756|319100
10.14133381935756|320100
10.14133381935756|321100
10.14133381935756|322100
10.14133381935756|323100
10.14133381935756|324100
10.14133381935756|325100
10.14133381935756|326100
10.14133381935756|327100
10.14133381935756|328100
10.14133381935756|329100
10.14133381935756|330100
10.14133381935756|331100
10.14133381935756|332100
10.14133381935756|333100
10.14133381935756|334100
10.14133381935756|335100
10.14133381935756|336100
10.14133381935756|337100
10.14133381935756|338100
10.14133381935756|339100
10.14133381935756|340100
10.14133381935756|341100
10.14133381935756|342100
10.14133381935756|343100
10.14133381935756|344100
10.14133381935756|345100
10.14133381935756|346100
10.14133381935756|347100
10.14133381935756|348100
10.14133381935756|349100
10.14133381935756|350100
10.14133381935756|351100
10.14133381935756|352100
10.14133381935756|353100
10.14133381935756|354100
10.14133381935756|355100
10.14133381935756|356100
10.14133381935756|357100
10.14133381935756|358100
10.14133381935756|359100
10.14133381935756|360100
10.14133381935756|361100
10.14133381935756|362100
10.14133381935756|363100
10.14133381935756|364100
10.14133381935756|365100
10.14133381935756|366100
10.14133381935756|367100
10.14133381935756|368100
10.14133381935756|369100
10.14133381935756|370100
10.14133381935756|371100
10.14133381935756|372100
10.14133381935756|373100
10.14133381935756|374100
10.14133381935756|375100
10.14133381935756|376100
10.14133381935756|377100
10.14133381935756|378100
10.14133381935756|379100
10.14133381935756|380100
10.14133381935756|381100
10.14133381935756|382100
10.14133381935756|383100
10.14133381935756|384100
10.14133381935756|385100
10.14133381935756|386100
10.14133381935756|387100
10.14133381935756|388100
10.14133381935756|389100
10.14133381935756|390100
10.14133381935756|391100
10.14133381935756|392100
10.14133381935756|393100
10.14133381935756|394100
10.14133381935756|395100
10.14133381935756|396100
10.14133381935756|397100
10.14133381935756|398100
10.14133381935756|399100
10.14133381935756|400100
10.14133381935756|401100
10.14133381935756|402100
10.14133381935756|403100
10.14133381935756|404100
10.14133381935756|405100
10.14133381935756|406100
10.14133381935756|407100
10.14133381935756|408100
10.14133381935756|409100
10.14133381935756|410100
10.14133381935756|411100
10.14133381935756|412100
10.14133381935756|413100
10.14133381935756|414100
10.14133381935756|415100
10.14133381935756|416100
10.14133381935756|417100
10.14133381935756|418100
10.14133381935756|419100
10.14133381935756|420100
10.14133381935756|421100
10.14133381935756|422100
10.14133381935756|423100
10.14133381935756|424100
10.14133381935756|425100
10.14133381935756|426100
10.14133381935756|427100
10.14133381935756|428100
10.14133381935756|429100
10.14133381935756|430100
10.14133381935756|431100
10.14133381935756|432100
10.14133381935756|433100
10.14133381935756|434100
10.14133381935756|435100
10.14133381935756|436100
10.14133381935756|437100
10.14133381935756|438100
10.14133381935756|439100
10.14133381935756|440100
10.14133381935756|441100
10.14133381935756|442100
10.14133381935756|443100
10.14133381935756|444100
10.14133381935756|445100
10.14133381935756|446100
10.14133381935756|447100
10.14133381935756|448100
10.14133381935756|449100
10.14133381935756|450100
10.14133381935756|451100
10.14133381935756|452100
10.14133381935756|453100
10.14133381935756|454100
10.14133381935756|455100
10.14133381935756|456100
10.14133381935756|457100
10.14133381935756|458100
10.14133381935756|459100
10.14133381935756|460100
10.14133381935756|461100
10.14133381935756|462100
10.14133381935756|463100
10.14133381935756|464100
10.14133381935756|465100
10.14133381935756|466100
10.14133381935756|467100
10.14133381935756|468100
10.14133381935756|469100
10.14133381935756|470100
10.14133381935756|471100
10.14133381935756|472100
10.14133381935756|473100
10.14133381935756|474100
10.14133381935756|475100
10.14133381935756|476100
10.14133381935756|477100
10.14133381935756|478100
10.14133381935756|479100
10.14133381935756|480100
10.14133381935756|481100
10.14133381935756|482100
10.14133381935756|483100
10.14133381935756|484100
10.14133381935756|485100
10.14133381935756|486100
10.14133381935756|487100
10.14133381935756|488100
10.14133381935756|489100
10.14133381935756|490100
10.14133381935756|491100
10.14133381935756|492100
10.14133381935756|493100
10.14133381935756|494100
10.14133381935756|495100
10.14133381935756|496100
10.14133381935756|497100
10.14133381935756|498100
10.14133381935756|499100
10.14133381935756|500100
10.14133381935756|501100
10.14133381935756|502100
10.14133381935756|503100
10.14133381935756|504100
10.14133381935756|505100
10.14133381935756|506100
10.14133381935756|507100
10.14133381935756|508100
10.14133381935756|509100
10.14133381935756|510100
10.14133381935756|511100
10.14133381935756|512100
10.14133381935756|513100
10.14133381935756|514100
10.14133381935756|515100
10.14133381935756|516100
10.14133381935756|517100
10.14133381935756|518100
10.14133381935756|519100
10.14133381935756|520100
10.14133381935756|521100
10.14133381935756|522100
10.14133381935756|523100
10.14133381935756|524100
10.14133381935756|525100
10.14133381935756|526100
10.14133381935756|527100
10.14133381935756|528100
10.14133381935756|529100
10.14133381935756|530100
10.14133381935756|531100
10.14133381935756|532100
10.14133381935756|533100
10.14133381935756|534100
10.14133381935756|535100
10.14133381935756|536100
10.14133381935756|537100
10.14133381935756|538100
10.14133381935756|539100
10.14133381935756|540100
10.14133381935756|541100
10.14133381935756|542100
10.14133381935756|543100
10.14133381935756|544100
10.14133381935756|545100
10.14133381935756|546100
10.14133381935756|547100
10.14133381935756|548100
10.14133381935756|549100
10.14133381935756|550100
10.14133381935756|551100
10.14133381935756|552100
10.14133381935756|553100
10.14133381935756|554100
10.14133381935756|555100
10.14133381935756|556100
10.14133381935756|557100
10.14133381935756|558100
10.14133381935756|559100
10.14133381935756|560100
10.14133381935756|561100
10.14133381935756|562100
10.14133381935756|563100
10.14133381935756|564100
10.14133381935756|565100
10.14133381935756|566100
10.14133381935756|567100
10.14133381935756|568100
10.14133381935756|569100
10.14133381935756|570100
10.14133381935756|571100
10.14133381935756|572100
10.14133381935756|573100
10.14133381935756|574100
10.14133381935756|575100
10.14133381935756|576100
10.14133381935756|577100
10.14133381935756|578100
10.14133381935756|579100
10.14133381935756|580100
10.14133381935756|581100
10.14133381935756|582100
10.14133381935756|583100
10.14133381935756|584100
10.14133381935756|585100
10.14133381935756|586100
10.14133381935756|587100
10.14133381935756|588100
10.14133381935756|589100
10.14133381935756|590100
10.14133381935756|591100
10.14133381935756|592100
10.14133381935756|593100
10.14133381935756|594100
10.14133381935756|595100
10.14133381935756|596100
10.14133381935756|597100
10.14133381935756|598100
10.14133381935756|599100
10.14133381935756|600100
10.14133381935756|601100
10.14133381935756|602100
10.14133381935756|603100
10.14133381935756|604100
10.14133381935756|605100
10.14133381935756|606100
10.14133381935756|607100
10.14133381935756|608100
10.14133381935756|609100
10.14133381935756|610100
10.14133381935756|611100
10.14133381935756|612100
10.14133381935756|613100
10.14133381935756|614100
10.14133381935756|615100
10.14133381935756|616100
10.14133381935756|617100
10.14133381935756|618100
10.14133381935756|619100
10.14133381935756|620100
10.14133381935756|621100
10.14133381935756|622100
10.14133381935756|623100
10.14133381935756|624100
10.14133381935756|625100
10.14133381935756|626100
10.14133381935756|627100
10.14133381935756|628100
10.14133381935756|629100
10.14133381935756|630100
10.14133381935756|631100
10.14133381935756|632100
10.14133381935756|633100
10.14133381935756|634100
10.14133381935756|635100
10.14133381935756|636100
10.14133381935756|637100
10.14133381935756|638100
10.14133381935756|639100
10.14133381935756|640100
10.14133381935756|641100
10.14133381935756|642100
10.14133381935756|643100
10.14133381935756|644100
10.14133381935756|645100
10.14133381935756|646100
10.14133381935756|647100
10.14133381935756|648100
10.14133381935756|649100
10.14133381935756|650100
10.14133381935756|651100
10.14133381935756|652100
10.14133381935756|653100
10.14133381935756|654100
10.14133381935756|655100
10.14133381935756|656100
10.14133381935756|657100
10.14133381935756|658100
10.14133381935756|659100
10.14133381935756|660100
10.14133381935756|661100
10.14133381935756|662100
10.14133381935756|663100
10.14133381935756|664100
10.14133381935756|665100
10.14133381935756|666100
10.14133381935756|667100
10.14133381935756|668100
10.14133381935756|669100
10.14133381935756|670100
10.14133381935756|671100
10.14133381935756|672100
10.14133381935756|673100
10.14133381935756|674100
10.14133381935756|675100
10.14133381935756|676100
10.14133381935756|677100
10.14133381935756|678100
10.14133381935756|679100
10.14133381935756|680100
10.14133381935756|681100
10.14133381935756|682100
10.14133381935756|683100
10.14133381935756|684100
10.14133381935756|685100
10.14133381935756|686100
10.14133381935756|687100
10.14133381935756|688100
10.14133381935756|689100
10.14133381935756|690100
10.14133381935756|691100
10.14133381935756|692100
10.14133381935756|693100
10.14133381935756|694100
10.14133381935756|695100
10.14133381935756|696100
10.14133381935756|697100
10.14133381935756|698100
10.14133381935756|699100
10.14133381935756|700100
10.14133381935756|701100
10.14133381935756|702100
10.14133381935756|703100
10.14133381935756|704100
10.14133381935756|705100
10.14133381935756|706100
10.14133381935756|707100
10.14133381935756|708100
10.14133381935756|709100
10.14133381935756|710100
10.14133381935756|711100
10.14133381935756|712100
10.14133381935756|713100
10.14133381935756|714100
10.14133381935756|715100
10.14133381935756|716100
10.14133381935756|717100
10.14133381935756|718100
10.14133381935756|719100
10.14133381935756|720100
10.14133381935756|721100
10.14133381935756|722100
10.14133381935756|723100
10.14133381935756|724100
10.14133381935756|725100
10.14133381935756|726100
10.14133381935756|727100
10.14133381935756|728100
10.14133381935756|729100
10.14133381935756|730100
10.14133381935756|731100
10.14133381935756|732100
10.14133381935756|733100
10.14133381935756|734100
10.14133381935756|735100
10.14133381935756|736100
10.14133381935756|737100
10.14133381935756|738100
10.14133381935756|739100
10.14133381935756|740100
10.14133381935756|741100
10.14133381935756|742100
10.14133381935756|743100
10.14133381935756|744100
10.14133381935756|745100
10.14133381935756|746100
10.14133381935756|747100
10.14133381935756|748100
10.14133381935756|749100
10.14133381935756|750100
10.14133381935756|751100
10.14133381935756|752100
10.14133381935756|753100
10.14133381935756|754100
10.14133381935756|755100
10.14133381935756|756100
10.14133381935756|757100
10.14133381935756|758100
10.14133381935756|759100
10.14133381935756|760100
10.14133381935756|761100
10.14133381935756|762100
10.14133381935756|763100
10.14133381935756|764100
10.14133381935756|765100
10.14133381935756|766100
10.14133381935756|767100
10.14133381935756|768100
10.14133381935756|769100
10.14133381935756|770100
10.14133381935756|771100
10.14133381935756|772100
10.14133381935756|773100
10.14133381935756|774100
10.14133381935756|775100
10.14133381935756|776100
10.14133381935756|777100
10.14133381935756|778100
10.14133381935756|779100
10.14133381935756|780100
10.14133381935756|781100
10.14133381935756|782100
10.14133381935756|783100
10.14133381935756|784100
10.14133381935756|785100
10.14133381935756|786100
10.14133381935756|787100
10.14133381935756|788100
10.14133381935756|789100
10.14133381935756|790100
10.14133381935756|791100
10.14133381935756|792100
10.14133381935756|793100
10.14133381935756|794100
10.14133381935756|795100
10.14133381935756|796100
10.14133381935756|797100
10.14133381935756|798100
10.14133381935756|799100
10.14133381935756|800100
10.14133381935756|801100
10.14133381935756|802100
10.14133381935756|803100
10.14133381935756|804100
10.14133381935756|805100
10.14133381935756|806100
10.14133381935756|807100
10.14133381935756|808100
10.14133381935756|809100
10.14133381935756|810100
10.14133381935756|811100
10.14133381935756|812100
10.14133381935756|813100
10.14133381935756|814100
10.14133381935756|815100
10.14133381935756|816100
10.14133381935756|817100
10.14133381935756|818100
10.14133381935756|819100
10.14133381935756|820100
10.14133381935756|821100
10.14133381935756|822100
10.14133381935756|823100
10.14133381935756|824100
10.14133381935756|825100
10.14133381935756|826100
10.14133381935756|827100
10.14133381935756|828100
10.14133381935756|829100
10.14133381935756|830100
10.14133381935756|831100
10.14133381935756|832100
10.14133381935756|833100
10.14133381935756|834100
10.14133381935756|835100
10.14133381935756|836100
10.14133381935756|837100
10.14133381935756|838100
10.14133381935756|839100
10.14133381935756|840100
10.14133381935756|841100
10.14133381935756|842100
10.14133381935756|843100
10.14133381935756|844100
10.14133381935756|845100
10.14133381935756|846100
10.14133381935756|847100
10.14133381935756|848100
10.14133381935756|849100
10.14133381935756|850100
10.14133381935756|851100
10.14133381935756|852100
10.14133381935756|853100
10.14133381935756|854100
10.14133381935756|855100
10.14133381935756|856100
10.14133381935756|857100
10.14133381935756|858100
10.14133381935756|859100
10.14133381935756|860100
10.14133381935756|861100
10.14133381935756|862100
10.14133381935756|863100
10.14133381935756|864100
10.14133381935756|865100
10.14133381935756|866100
10.14133381935756|867100
10.14133381935756|868100
10.14133381935756|869100
10.14133381935756|870100
10.14133381935756|871100
10.14133381935756|872100
10.14133381935756|873100
10.14133381935756|874100
10.14133381935756|875100
10.14133381935756|876100
10.14133381935756|877100
10.14133381935756|878100
10.14133381935756|879100
10.14133381935756|880100
10.14133381935756|881100
10.14133381935756|882100
10.14133381935756|883100
10.14133381935756|884100
10.14133381935756|885100
10.14133381935756|886100
10.14133381935756|887100
10.14133381935756|888100
10.14133381935756|889100
10.14133381935756|890100
10.14133381935756|891100
10.14133381935756|892100
10.14133381935756|893100
10.14133381935756|894100
10.14133381935756|895100
10.14133381935756|896100
10.14133381935756|897100
10.14133381935756|898100
10.14133381935756|899100
10.14133381935756|900100
10.14133381935756|901100
10.14133381935756|902100
10.14133381935756|903100
10.14133381935756|904100
10.14133381935756|905100
10.14133381935756|906100
10.14133381935756|907100
10.14133381935756|908100
10.14133381935756|909100
10.14133381935756|910100
10.14133381935756|911100
10.14133381935756|912100
10.14133381935756|913100
10.14133381935756|914100
10.14133381935756|915100
10.14133381935756|916100
10.14133381935756|917100
10.14133381935756|918100
10.14133381935756|919100
10.14133381935756|920100
10.14133381935756|921100
10.14133381935756|922100
10.14133381935756|923100
10.14133381935756|924100
10.14133381935756|925100
10.14133381935756|926100
10.14133381935756|927100
10.14133381935756|928100
10.14133381935756|929100
10.14133381935756|930100
10.14133381935756|931100
10.14133381935756|932100
10.14133381935756|933100
10.14133381935756|934100
10.14133381935756|935100
10.14133381935756|936100
10.14133381935756|937100
10.14133381935756|938100
10.14133381935756|939100
10.14133381935756|940100
10.14133381935756|941100
10.14133381935756|942100
10.14133381935756|943100
10.14133381935756|944100
10.14133381935756|945100
10.14133381935756|946100
10.14133381935756|947100
10.14133381935756|948100
10.14133381935756|949100
10.14133381935756|950100
10.14133381935756|951100
10.14133381935756|952100
10.14133381935756|953100
10.14133381935756|954100
10.14133381935756|955100
10.14133381935756|956100
10.14133381935756|957100
10.14133381935756|958100
10.14133381935756|959100
10.14133381935756|960100
10.14133381935756|961100
10.14133381935756|962100
10.14133381935756|963100
10.14133381935756|964100
10.14133381935756|965100
10.14133381935756|966100
10.14133381935756|967100
10.14133381935756|968100
10.14133381935756|969100
10.14133381935756|970100
10.14133381935756|971100
10.14133381935756|972100
10.14133381935756|973100
10.14133381935756|974100
10.14133381935756|975100
10.14133381935756|976100
10.14133381935756|977100
10.14133381935756|978100
10.14133381935756|979100
10.14133381935756|980100
10.14133381935756|981100
10.14133381935756|982100
10.14133381935756|983100
10.14133381935756|984100
10.14133381935756|985100
10.14133381935756|986100
10.14133381935756|987100
10.14133381935756|988100
10.14133381935756|989100
10.14133381935756|990100
10.14133381935756|991100
10.14133381935756|992100
10.14133381935756|993100
10.14133381935756|994100
10.14133381935756|995100
10.14133381935756|996100
10.14133381935756|997100
10.14133381935756|998100
10.14133381935756|999100
10.14133381935756|1000100
