25.168618289371103|2000
24.54709333117202|3000
24.54709333117202|4000
24.377106139056476|5000
23.4783792295185|6000
23.102649735508333|7000
22.3728756030689|8000
22.3728756030689|9000
21.83730610486539|10000
21.61353630276275|11000
20.926230080770438|12000
20.926230080770438|13000
20.532970585994114|14000
19.81722193107442|15000
19.81722193107442|16000
19.675899949517206|17000
19.410760729245325|18000
19.38297536861898|19000
19.047060624107267|20000
18.780906708117275|21000
18.751286016275056|22000
18.534250804962518|23000
18.239736263853597|24000
17.9008279264137|25000
17.66771503797949|26000
17.66771503797949|27000
17.50129448550855|28000
17.289082808591047|29000
17.129368589160013|30000
17.024305741932867|31000
16.302382063476973|32000
16.273132886218164|33000
16.273132886218164|34000
15.496168677790191|35000
15.496168677790191|36000
15.492954943245463|37000
15.395119244294017|38000
15.395119244294017|39000
15.395119244294017|40000
15.161839238093517|41000
14.481346970882141|42000
14.248983483572005|43000
14.248983483572005|44000
14.248983483572005|45000
14.207783829278199|46000
14.035815694088205|47000
14.035815694088205|48000
14.035815694088205|49000
13.822758433123175|50000
13.729814419382226|51000
13.729814419382226|52000
13.666023770529906|53000
13.666023770529906|54000
13.666023770529906|55000
13.339472351013278|56000
13.339472351013278|57000
13.339472351013278|58000
13.25826109394704|59000
13.196401111136892|60000
13.196401111136892|61000
13.066813781770398|62000
13.066813781770398|63000
13.066813781770398|64000
13.066813781770398|65000
12.79452459227305|66000
12.79452459227305|67000
12.79452459227305|68000
12.79452459227305|69000
12.79452459227305|70000
12.79452459227305|71000
12.688722755919711|72000
12.578107019883602|73000
12.578107019883602|74000
12.421421108082678|75000
12.421421108082678|76000
12.39565612098937|77000
12.39565612098937|78000
12.39565612098937|79000
12.377657121626301|80000
12.12958948383258|81000
12.12958948383258|82000
12.12958948383258|83000
12.12958948383258|84000
12.018396384128977|85000
12.018396384128977|86000
12.018396384128977|87000
12.018396384128977|88000
12.018396384128977|89000
11.96955561326146|90000
11.96955561326146|91000
11.96955561326146|92000
11.945884935918484|93000
11.945884935918484|94000
11.895413876545197|95000
11.895413876545197|96000
11.752635869146067|97000
11.752635869146067|98000
11.752635869146067|99000
11.752635869146067|100000
11.752635869146067|101000
11.735380005974076|102000
11.735380005974076|103000
11.735380005974076|104000
11.66503305541462|105000
11.658255526300396|106000
11.658255526300396|107000
11.658255526300396|108000
11.658255526300396|109000
11.658255526300396|110000
11.658255526300396|111000
11.612803468891112|112000
11.52225504801549|113000
11.52225504801549|114000
11.52225504801549|115000
11.52225504801549|116000
11.52225504801549|117000
11.493067363884771|118000
11.334775639901315|119000
11.334775639901315|120000
11.334775639901315|121000
11.334775639901315|122000
11.334775639901315|123000
11.334775639901315|124000
11.334775639901315|125000
11.334775639901315|126000
11.334775639901315|127000
11.325578589137644|128000
11.31355422775571|129000
11.31355422775571|130000
11.31355422775571|131000
11.187618335842682|132000
11.187618335842682|133000
11.187618335842682|134000
11.187618335842682|135000
11.187618335842682|136000
11.187618335842682|137000
11.187618335842682|138000
11.187618335842682|139000
11.187618335842682|140000
11.187618335842682|141000
11.185637063138858|142000
11.185637063138858|143000
11.166396923697077|144000
11.166396923697077|145000
11.166396923697077|146000
11.166396923697077|147000
11.166396923697077|148000
11.164415650993252|149000
11.164415650993252|150000
11.152628196728498|151000
11.152628196728498|152000
11.152628196728498|153000
11.152628196728498|154000
11.152628196728498|155000
11.152628196728498|156000
11.152628196728498|157000
11.02457191117683|158000
11.02457191117683|159000
11.02457191117683|160000
11.02457191117683|161000
11.02457191117683|162000
11.02457191117683|163000
11.02457191117683|164000
11.02457191117683|165000
11.02457191117683|166000
11.02457191117683|167000
11.02457191117683|168000
11.02457191117683|169000
11.02457191117683|170000
11.02457191117683|171000
11.02457191117683|172000
11.02457191117683|173000
11.02457191117683|174000
11.02457191117683|175000
11.02457191117683|176000
11.02457191117683|177000
11.02457191117683|178000
11.02457191117683|179000
11.02457191117683|180000
11.02457191117683|181000
11.02457191117683|182000
11.02457191117683|183000
11.02457191117683|184000
11.02457191117683|185000
11.02457191117683|186000
11.02457191117683|187000
11.02457191117683|188000
11.02457191117683|189000
11.02457191117683|190000
11.02457191117683|191000
11.02457191117683|192000
11.02457191117683|193000
11.02457191117683|194000
11.02457191117683|195000
11.02457191117683|196000
11.02457191117683|197000
11.02457191117683|198000
11.02457191117683|199000
11.02457191117683|200000
11.02457191117683|201000
11.02457191117683|202000
11.02457191117683|203000
11.02457191117683|204000
11.02457191117683|205000
11.02457191117683|206000
11.02457191117683|207000
11.02457191117683|208000
11.02457191117683|209000
11.02457191117683|210000
11.02457191117683|211000
11.02457191117683|212000
11.02457191117683|213000
11.02457191117683|214000
11.02457191117683|215000
11.02457191117683|216000
11.02457191117683|217000
11.02457191117683|218000
11.02457191117683|219000
11.02457191117683|220000
11.02457191117683|221000
11.02457191117683|222000
11.02457191117683|223000
11.02457191117683|224000
11.02457191117683|225000
11.02457191117683|226000
11.02457191117683|227000
11.02457191117683|228000
11.02457191117683|229000
11.02457191117683|230000
11.02457191117683|231000
11.02457191117683|232000
11.02457191117683|233000
11.02457191117683|234000
11.02457191117683|235000
11.02457191117683|236000
11.02457191117683|237000
11.02457191117683|238000
11.02457191117683|239000
11.02457191117683|240000
11.02457191117683|241000
11.02457191117683|242000
11.02457191117683|243000
11.02457191117683|244000
11.02457191117683|245000
11.02457191117683|246000
11.02457191117683|247000
11.02457191117683|248000
11.02457191117683|249000
11.02457191117683|250000
11.02457191117683|251000
11.02457191117683|252000
11.02457191117683|253000
11.02457191117683|254000
11.02457191117683|255000
11.02457191117683|256000
11.02457191117683|257000
11.02457191117683|258000
11.02457191117683|259000
11.02457191117683|260000
11.02457191117683|261000
11.02457191117683|262000
11.02457191117683|263000
11.02457191117683|264000
11.02457191117683|265000
11.02457191117683|266000
11.02457191117683|267000
11.02457191117683|268000
11.02457191117683|269000
11.02457191117683|270000
11.02457191117683|271000
11.02457191117683|272000
11.02457191117683|273000
11.02457191117683|274000
11.02457191117683|275000
11.02457191117683|276000
11.02457191117683|277000
11.02457191117683|278000
11.02457191117683|279000
11.02457191117683|280000
11.02457191117683|281000
11.02457191117683|282000
11.02457191117683|283000
11.02457191117683|284000
11.02457191117683|285000
11.02457191117683|286000
11.02457191117683|287000
11.02457191117683|288000
11.02457191117683|289000
11.02457191117683|290000
11.02457191117683|291000
11.02457191117683|292000
11.02457191117683|293000
11.02457191117683|294000
11.02457191117683|295000
11.02457191117683|296000
11.02457191117683|297000
11.02457191117683|298000
11.02457191117683|299000
11.02457191117683|300000
11.02457191117683|301000
11.02457191117683|302000
11.02457191117683|303000
11.02457191117683|304000
11.02457191117683|305000
11.02457191117683|306000
11.02457191117683|307000
11.02457191117683|308000
11.02457191117683|309000
11.02457191117683|310000
11.02457191117683|311000
11.02457191117683|312000
11.02457191117683|313000
11.02457191117683|314000
11.02457191117683|315000
11.02457191117683|316000
11.02457191117683|317000
11.02457191117683|318000
11.02457191117683|319000
11.02457191117683|320000
11.02457191117683|321000
11.02457191117683|322000
11.02457191117683|323000
11.02457191117683|324000
11.02457191117683|325000
11.02457191117683|326000
11.02457191117683|327000
11.02457191117683|328000
11.02457191117683|329000
11.02457191117683|330000
11.02457191117683|331000
11.02457191117683|332000
11.02457191117683|333000
11.02457191117683|334000
11.02457191117683|335000
11.02457191117683|336000
11.02457191117683|337000
11.02457191117683|338000
11.02457191117683|339000
11.02457191117683|340000
11.02457191117683|341000
11.02457191117683|342000
11.02457191117683|343000
11.02457191117683|344000
11.02457191117683|345000
11.02457191117683|346000
11.02457191117683|347000
11.02457191117683|348000
11.02457191117683|349000
11.02457191117683|350000
11.02457191117683|351000
11.02457191117683|352000
11.02457191117683|353000
11.02457191117683|354000
11.02457191117683|355000
11.02457191117683|356000
11.02457191117683|357000
11.02457191117683|358000
11.02457191117683|359000
11.02457191117683|360000
11.02457191117683|361000
11.02457191117683|362000
11.02457191117683|363000
11.02457191117683|364000
11.02457191117683|365000
11.02457191117683|366000
11.02457191117683|367000
11.02457191117683|368000
11.02457191117683|369000
11.02457191117683|370000
11.02457191117683|371000
11.02457191117683|372000
11.02457191117683|373000
11.02457191117683|374000
11.02457191117683|375000
11.02457191117683|376000
11.02457191117683|377000
11.02457191117683|378000
11.02457191117683|379000
11.02457191117683|380000
11.02457191117683|381000
11.02457191117683|382000
11.02457191117683|383000
11.02457191117683|384000
11.02457191117683|385000
11.02457191117683|386000
11.02457191117683|387000
11.02457191117683|388000
11.02457191117683|389000
11.02457191117683|390000
11.02457191117683|391000
11.02457191117683|392000
11.02457191117683|393000
11.02457191117683|394000
11.02457191117683|395000
11.02457191117683|396000
11.02457191117683|397000
11.02457191117683|398000
11.02457191117683|399000
11.02457191117683|400000
11.02457191117683|401000
11.02457191117683|402000
11.02457191117683|403000
11.02457191117683|404000
11.02457191117683|405000
11.02457191117683|406000
11.02457191117683|407000
11.02457191117683|408000
11.02457191117683|409000
11.02457191117683|410000
11.02457191117683|411000
11.02457191117683|412000
11.02457191117683|413000
11.02457191117683|414000
11.02457191117683|415000
11.02457191117683|416000
11.02457191117683|417000
11.02457191117683|418000
11.02457191117683|419000
11.02457191117683|420000
11.02457191117683|421000
11.02457191117683|422000
11.02457191117683|423000
11.02457191117683|424000
11.02457191117683|425000
11.02457191117683|426000
11.02457191117683|427000
11.02457191117683|428000
11.02457191117683|429000
11.02457191117683|430000
11.02457191117683|431000
11.02457191117683|432000
11.02457191117683|433000
11.02457191117683|434000
11.02457191117683|435000
11.02457191117683|436000
11.02457191117683|437000
11.02457191117683|438000
11.02457191117683|439000
11.02457191117683|440000
11.02457191117683|441000
11.02457191117683|442000
11.02457191117683|443000
11.02457191117683|444000
11.02457191117683|445000
11.02457191117683|446000
11.02457191117683|447000
11.02457191117683|448000
11.02457191117683|449000
11.02457191117683|450000
11.02457191117683|451000
11.02457191117683|452000
11.02457191117683|453000
11.02457191117683|454000
11.02457191117683|455000
11.02457191117683|456000
11.02457191117683|457000
11.02457191117683|458000
11.02457191117683|459000
11.02457191117683|460000
11.02457191117683|461000
11.02457191117683|462000
11.02457191117683|463000
11.02457191117683|464000
11.02457191117683|465000
11.02457191117683|466000
11.02457191117683|467000
11.02457191117683|468000
11.02457191117683|469000
11.02457191117683|470000
11.02457191117683|471000
11.02457191117683|472000
11.02457191117683|473000
11.02457191117683|474000
11.02457191117683|475000
11.02457191117683|476000
11.02457191117683|477000
11.02457191117683|478000
11.02457191117683|479000
11.02457191117683|480000
11.02457191117683|481000
11.02457191117683|482000
11.02457191117683|483000
11.02457191117683|484000
11.02457191117683|485000
11.02457191117683|486000
11.02457191117683|487000
11.02457191117683|488000
11.02457191117683|489000
11.02457191117683|490000
11.02457191117683|491000
11.02457191117683|492000
11.02457191117683|493000
11.02457191117683|494000
11.02457191117683|495000
11.02457191117683|496000
11.02457191117683|497000
11.02457191117683|498000
11.02457191117683|499000
11.02457191117683|500000
11.02457191117683|501000
11.02457191117683|502000
11.02457191117683|503000
11.02457191117683|504000
11.02457191117683|505000
11.02457191117683|506000
11.02457191117683|507000
11.02457191117683|508000
11.02457191117683|509000
11.02457191117683|510000
11.02457191117683|511000
11.02457191117683|512000
11.02457191117683|513000
11.02457191117683|514000
11.02457191117683|515000
11.02457191117683|516000
11.02457191117683|517000
11.02457191117683|518000
11.02457191117683|519000
11.02457191117683|520000
11.02457191117683|521000
11.02457191117683|522000
11.02457191117683|523000
11.02457191117683|524000
11.02457191117683|525000
11.02457191117683|526000
11.02457191117683|527000
11.02457191117683|528000
11.02457191117683|529000
11.02457191117683|530000
11.02457191117683|531000
11.02457191117683|532000
11.02457191117683|533000
11.02457191117683|534000
11.02457191117683|535000
11.02457191117683|536000
11.02457191117683|537000
11.02457191117683|538000
11.02457191117683|539000
11.02457191117683|540000
11.02457191117683|541000
11.02457191117683|542000
11.02457191117683|543000
11.02457191117683|544000
11.02457191117683|545000
11.02457191117683|546000
11.02457191117683|547000
11.02457191117683|548000
11.02457191117683|549000
11.02457191117683|550000
11.02457191117683|551000
11.02457191117683|552000
11.02457191117683|553000
11.02457191117683|554000
11.02457191117683|555000
11.02457191117683|556000
11.02457191117683|557000
11.02457191117683|558000
11.02457191117683|559000
11.02457191117683|560000
11.02457191117683|561000
11.02457191117683|562000
11.02457191117683|563000
11.02457191117683|564000
11.02457191117683|565000
11.02457191117683|566000
11.02457191117683|567000
11.02457191117683|568000
11.02457191117683|569000
11.02457191117683|570000
11.02457191117683|571000
11.02457191117683|572000
11.02457191117683|573000
11.02457191117683|574000
11.02457191117683|575000
11.02457191117683|576000
11.02457191117683|577000
11.02457191117683|578000
11.02457191117683|579000
11.02457191117683|580000
11.02457191117683|581000
11.02457191117683|582000
11.02457191117683|583000
11.02457191117683|584000
11.02457191117683|585000
11.02457191117683|586000
11.02457191117683|587000
11.02457191117683|588000
11.02457191117683|589000
11.02457191117683|590000
11.02457191117683|591000
11.02457191117683|592000
11.02457191117683|593000
11.02457191117683|594000
11.02457191117683|595000
11.02457191117683|596000
11.02457191117683|597000
11.02457191117683|598000
11.02457191117683|599000
11.02457191117683|600000
11.02457191117683|601000
11.02457191117683|602000
11.02457191117683|603000
11.02457191117683|604000
11.02457191117683|605000
11.02457191117683|606000
11.02457191117683|607000
11.02457191117683|608000
11.02457191117683|609000
11.02457191117683|610000
11.02457191117683|611000
11.02457191117683|612000
11.02457191117683|613000
11.02457191117683|614000
11.02457191117683|615000
11.02457191117683|616000
11.02457191117683|617000
11.02457191117683|618000
11.02457191117683|619000
11.02457191117683|620000
11.02457191117683|621000
11.02457191117683|622000
11.02457191117683|623000
11.02457191117683|624000
11.02457191117683|625000
11.02457191117683|626000
11.02457191117683|627000
11.02457191117683|628000
11.02457191117683|629000
11.02457191117683|630000
11.02457191117683|631000
11.02457191117683|632000
11.02457191117683|633000
11.02457191117683|634000
11.02457191117683|635000
11.02457191117683|636000
11.02457191117683|637000
11.02457191117683|638000
11.02457191117683|639000
11.02457191117683|640000
11.02457191117683|641000
11.02457191117683|642000
11.02457191117683|643000
11.02457191117683|644000
11.02457191117683|645000
11.02457191117683|646000
11.02457191117683|647000
11.02457191117683|648000
11.02457191117683|649000
11.02457191117683|650000
11.02457191117683|651000
11.02457191117683|652000
11.02457191117683|653000
11.02457191117683|654000
11.02457191117683|655000
11.02457191117683|656000
11.02457191117683|657000
11.02457191117683|658000
11.02457191117683|659000
11.02457191117683|660000
11.02457191117683|661000
11.02457191117683|662000
11.02457191117683|663000
11.02457191117683|664000
11.02457191117683|665000
11.02457191117683|666000
11.02457191117683|667000
11.02457191117683|668000
11.02457191117683|669000
11.02457191117683|670000
11.02457191117683|671000
11.02457191117683|672000
11.02457191117683|673000
11.02457191117683|674000
11.02457191117683|675000
11.02457191117683|676000
11.02457191117683|677000
11.02457191117683|678000
11.02457191117683|679000
11.02457191117683|680000
11.02457191117683|681000
11.02457191117683|682000
11.02457191117683|683000
11.02457191117683|684000
11.02457191117683|685000
11.02457191117683|686000
11.02457191117683|687000
11.02457191117683|688000
11.02457191117683|689000
11.02457191117683|690000
11.02457191117683|691000
11.02457191117683|692000
11.02457191117683|693000
11.02457191117683|694000
11.02457191117683|695000
11.02457191117683|696000
11.02457191117683|697000
11.02457191117683|698000
11.02457191117683|699000
11.02457191117683|700000
11.02457191117683|701000
11.02457191117683|702000
11.02457191117683|703000
11.02457191117683|704000
11.02457191117683|705000
11.02457191117683|706000
11.02457191117683|707000
11.02457191117683|708000
11.02457191117683|709000
11.02457191117683|710000
11.02457191117683|711000
11.02457191117683|712000
11.02457191117683|713000
11.02457191117683|714000
11.02457191117683|715000
11.02457191117683|716000
11.02457191117683|717000
11.02457191117683|718000
11.02457191117683|719000
11.02457191117683|720000
11.02457191117683|721000
11.02457191117683|722000
11.02457191117683|723000
11.02457191117683|724000
11.02457191117683|725000
11.02457191117683|726000
11.02457191117683|727000
11.02457191117683|728000
11.02457191117683|729000
11.02457191117683|730000
11.02457191117683|731000
11.02457191117683|732000
11.02457191117683|733000
11.02457191117683|734000
11.02457191117683|735000
11.02457191117683|736000
11.02457191117683|737000
11.02457191117683|738000
11.02457191117683|739000
11.02457191117683|740000
11.02457191117683|741000
11.02457191117683|742000
11.02457191117683|743000
11.02457191117683|744000
11.02457191117683|745000
11.02457191117683|746000
11.02457191117683|747000
11.02457191117683|748000
11.02457191117683|749000
11.02457191117683|750000
11.02457191117683|751000
11.02457191117683|752000
11.02457191117683|753000
11.02457191117683|754000
11.02457191117683|755000
11.02457191117683|756000
11.02457191117683|757000
11.02457191117683|758000
11.02457191117683|759000
11.02457191117683|760000
11.02457191117683|761000
11.02457191117683|762000
11.02457191117683|763000
11.02457191117683|764000
11.02457191117683|765000
11.02457191117683|766000
11.02457191117683|767000
11.02457191117683|768000
11.02457191117683|769000
11.02457191117683|770000
11.02457191117683|771000
11.02457191117683|772000
11.02457191117683|773000
11.02457191117683|774000
11.02457191117683|775000
11.02457191117683|776000
11.02457191117683|777000
11.02457191117683|778000
11.02457191117683|779000
11.02457191117683|780000
11.02457191117683|781000
11.02457191117683|782000
11.02457191117683|783000
11.02457191117683|784000
11.02457191117683|785000
11.02457191117683|786000
11.02457191117683|787000
11.02457191117683|788000
11.02457191117683|789000
11.02457191117683|790000
11.02457191117683|791000
11.02457191117683|792000
11.02457191117683|793000
11.02457191117683|794000
11.02457191117683|795000
11.02457191117683|796000
11.02457191117683|797000
11.02457191117683|798000
11.02457191117683|799000
11.02457191117683|800000
11.02457191117683|801000
11.02457191117683|802000
11.02457191117683|803000
11.02457191117683|804000
11.02457191117683|805000
11.02457191117683|806000
11.02457191117683|807000
11.02457191117683|808000
11.02457191117683|809000
11.02457191117683|810000
11.02457191117683|811000
11.02457191117683|812000
11.02457191117683|813000
11.02457191117683|814000
11.02457191117683|815000
11.02457191117683|816000
11.02457191117683|817000
11.02457191117683|818000
11.02457191117683|819000
11.02457191117683|820000
11.02457191117683|821000
11.02457191117683|822000
11.02457191117683|823000
11.02457191117683|824000
11.02457191117683|825000
11.02457191117683|826000
11.02457191117683|827000
11.02457191117683|828000
11.02457191117683|829000
11.02457191117683|830000
11.02457191117683|831000
11.02457191117683|832000
11.02457191117683|833000
11.02457191117683|834000
11.02457191117683|835000
11.02457191117683|836000
11.02457191117683|837000
11.02457191117683|838000
11.02457191117683|839000
11.02457191117683|840000
11.02457191117683|841000
11.02457191117683|842000
11.02457191117683|843000
11.02457191117683|844000
11.02457191117683|845000
11.02457191117683|846000
11.02457191117683|847000
11.02457191117683|848000
11.02457191117683|849000
11.02457191117683|850000
11.02457191117683|851000
11.02457191117683|852000
11.02457191117683|853000
11.02457191117683|854000
11.02457191117683|855000
11.02457191117683|856000
11.02457191117683|857000
11.02457191117683|858000
11.02457191117683|859000
11.02457191117683|860000
11.02457191117683|861000
11.02457191117683|862000
11.02457191117683|863000
11.02457191117683|864000
11.02457191117683|865000
11.02457191117683|866000
11.02457191117683|867000
11.02457191117683|868000
11.02457191117683|869000
11.02457191117683|870000
11.02457191117683|871000
11.02457191117683|872000
11.02457191117683|873000
11.02457191117683|874000
11.02457191117683|875000
11.02457191117683|876000
11.02457191117683|877000
11.02457191117683|878000
11.02457191117683|879000
11.02457191117683|880000
11.02457191117683|881000
11.02457191117683|882000
11.02457191117683|883000
11.02457191117683|884000
11.02457191117683|885000
11.02457191117683|886000
11.02457191117683|887000
11.02457191117683|888000
11.02457191117683|889000
11.02457191117683|890000
11.02457191117683|891000
11.02457191117683|892000
11.02457191117683|893000
11.02457191117683|894000
11.02457191117683|895000
11.02457191117683|896000
11.02457191117683|897000
11.02457191117683|898000
11.02457191117683|899000
11.02457191117683|900000
11.02457191117683|901000
11.02457191117683|902000
11.02457191117683|903000
11.02457191117683|904000
11.02457191117683|905000
11.02457191117683|906000
11.02457191117683|907000
11.02457191117683|908000
11.02457191117683|909000
11.02457191117683|910000
11.02457191117683|911000
11.02457191117683|912000
11.02457191117683|913000
11.02457191117683|914000
11.02457191117683|915000
11.02457191117683|916000
11.02457191117683|917000
11.02457191117683|918000
11.02457191117683|919000
11.02457191117683|920000
11.02457191117683|921000
11.02457191117683|922000
11.02457191117683|923000
11.02457191117683|924000
11.02457191117683|925000
11.02457191117683|926000
11.02457191117683|927000
11.02457191117683|928000
11.02457191117683|929000
11.02457191117683|930000
11.02457191117683|931000
11.02457191117683|932000
11.02457191117683|933000
11.02457191117683|934000
11.02457191117683|935000
11.02457191117683|936000
11.02457191117683|937000
11.02457191117683|938000
11.02457191117683|939000
11.02457191117683|940000
11.02457191117683|941000
11.02457191117683|942000
11.02457191117683|943000
11.02457191117683|944000
11.02457191117683|945000
11.02457191117683|946000
11.02457191117683|947000
11.02457191117683|948000
11.02457191117683|949000
11.02457191117683|950000
11.02457191117683|951000
11.02457191117683|952000
11.02457191117683|953000
11.02457191117683|954000
11.02457191117683|955000
11.02457191117683|956000
11.02457191117683|957000
11.02457191117683|958000
11.02457191117683|959000
11.02457191117683|960000
11.02457191117683|961000
11.02457191117683|962000
11.02457191117683|963000
11.02457191117683|964000
11.02457191117683|965000
11.02457191117683|966000
11.02457191117683|967000
11.02457191117683|968000
11.02457191117683|969000
11.02457191117683|970000
11.02457191117683|971000
11.02457191117683|972000
11.02457191117683|973000
11.02457191117683|974000
11.02457191117683|975000
11.02457191117683|976000
11.02457191117683|977000
11.02457191117683|978000
11.02457191117683|979000
11.02457191117683|980000
11.02457191117683|981000
11.02457191117683|982000
11.02457191117683|983000
11.02457191117683|984000
11.02457191117683|985000
11.02457191117683|986000
11.02457191117683|987000
11.02457191117683|988000
11.02457191117683|989000
11.02457191117683|990000
11.02457191117683|991000
11.02457191117683|992000
11.02457191117683|993000
11.02457191117683|994000
11.02457191117683|995000
11.02457191117683|996000
11.02457191117683|997000
11.02457191117683|998000
11.02457191117683|999000
11.02457191117683|1000000
