26.300028860224305|1100
22.69080787988512|2100
21.470538028860034|3100
20.10973665967558|4100
19.064998386247527|5100
18.068563228785766|6100
17.50840380892997|7100
17.3612548965402|8100
16.59686223809551|9100
16.02552490023192|10100
15.683386144558433|11100
15.181311761554117|12100
14.62032560644402|13100
13.718868771408467|14100
13.718868771408467|15100
13.718868771408467|16100
12.442815243509331|17100
12.442815243509331|18100
12.442815243509331|19100
11.96126765628514|20100
11.96126765628514|21100
11.663617075778541|22100
10.957243788049308|23100
10.619194065850618|24100
10.538186417673684|25100
10.455541016298591|26100
10.06901566968112|27100
9.991931396945596|28100
9.76513985195289|29100
9.515465758101545|30100
9.403101990807569|31100
9.357889220790279|32100
9.23716660375569|33100
9.23716660375569|34100
9.109943682352357|35100
9.109943682352355|36100
9.109943682352355|37100
9.087924841193926|38100
9.078788230015821|39100
9.078788230015821|40100
9.078788230015821|41100
9.078788230015821|42100
9.078788230015821|43100
8.963486954386434|44100
8.962280638784257|45100
8.771678802829253|46100
8.617467791799337|47100
8.514315629975863|48100
8.506089067151905|49100
8.506089067151905|50100
8.443948197094254|51100
8.443948197094254|52100
8.443948197094254|53100
8.443948197094254|54100
8.443948197094254|55100
8.443948197094254|56100
8.443948197094254|57100
8.443948197094254|58100
8.443948197094254|59100
8.443948197094254|60100
8.443948197094254|61100
8.443948197094254|62100
8.443948197094254|63100
8.443948197094254|64100
8.443948197094253|65100
8.443626298560764|66100
8.443626298560764|67100
8.443626298560764|68100
8.443626298560764|69100
8.443626298560764|70100
8.443626298560764|71100
8.443626298560764|72100
8.443626298560764|73100
8.443626298560764|74100
8.443626298560764|75100
8.443626298560762|76100
8.443626298560762|77100
8.443626298560762|78100
8.443626298560762|79100
8.443626298560762|80100
8.443626298560762|81100
8.443626298560762|82100
8.443626298560762|83100
8.443626298560762|84100
8.443626298560762|85100
8.443626298560762|86100
8.443626298560762|87100
8.443626298560762|88100
8.443626298560762|89100
8.443626298560762|90100
8.443626298560762|91100
8.443626298560762|92100
8.443626298560762|93100
8.443626298560762|94100
8.443626298560762|95100
8.443626298560762|96100
8.443626298560762|97100
8.443626298560762|98100
8.443626298560762|99100
8.443626298560762|100100
8.443626298560762|101100
8.443626298560762|102100
8.443626298560762|103100
8.443626298560762|104100
8.443626298560762|105100
8.443626298560762|106100
8.443626298560762|107100
8.443626298560762|108100
8.443626298560762|109100
8.443626298560762|110100
8.443626298560762|111100
8.443626298560762|112100
8.443626298560762|113100
8.443626298560762|114100
8.443626298560762|115100
8.443626298560762|116100
8.443626298560762|117100
8.443626298560762|118100
8.443626298560762|119100
8.443626298560762|120100
8.443626298560762|121100
8.443626298560762|122100
8.443626298560762|123100
8.443626298560762|124100
8.443626298560762|125100
8.443626298560762|126100
8.443626298560762|127100
8.443626298560762|128100
8.443626298560762|129100
8.443626298560762|130100
8.443626298560762|131100
8.443626298560762|132100
8.443626298560762|133100
8.443626298560762|134100
8.443626298560762|135100
8.443626298560762|136100
8.443626298560762|137100
8.443626298560762|138100
8.443626298560762|139100
8.443626298560762|140100
8.443626298560762|141100
8.443626298560762|142100
8.443626298560762|143100
8.443626298560762|144100
8.443626298560762|145100
8.443626298560762|146100
8.443626298560762|147100
8.443626298560762|148100
8.443626298560762|149100
8.443626298560762|150100
8.443626298560762|151100
8.443626298560762|152100
8.443626298560762|153100
8.443626298560762|154100
8.443626298560762|155100
8.443626298560762|156100
8.443626298560762|157100
8.443626298560762|158100
8.443626298560762|159100
8.443626298560762|160100
8.443626298560762|161100
8.443626298560762|162100
8.443626298560762|163100
8.443626298560762|164100
8.443626298560762|165100
8.443626298560762|166100
8.443626298560762|167100
8.443626298560762|168100
8.443626298560762|169100
8.443626298560762|170100
8.443626298560762|171100
8.443626298560762|172100
8.443626298560762|173100
8.443626298560762|174100
8.443626298560762|175100
8.443626298560762|176100
8.443626298560762|177100
8.443626298560762|178100
8.443626298560762|179100
8.443626298560762|180100
8.443626298560762|181100
8.443626298560762|182100
8.443626298560762|183100
8.443626298560762|184100
8.443626298560762|185100
8.443626298560762|186100
8.443626298560762|187100
8.443626298560762|188100
8.443626298560762|189100
8.443626298560762|190100
8.443626298560762|191100
8.443626298560762|192100
8.443626298560762|193100
8.443626298560762|194100
8.443626298560762|195100
8.443626298560762|196100
8.443626298560762|197100
8.443626298560762|198100
8.443626298560762|199100
8.443626298560762|200100
8.443626298560762|201100
8.443626298560762|202100
8.443626298560762|203100
8.443626298560762|204100
8.443626298560762|205100
8.443626298560762|206100
8.443626298560762|207100
8.443626298560762|208100
8.443626298560762|209100
8.443626298560762|210100
8.443626298560762|211100
8.443626298560762|212100
8.443626298560762|213100
8.443626298560762|214100
8.443626298560762|215100
8.443626298560762|216100
8.443626298560762|217100
8.443626298560762|218100
8.443626298560762|219100
8.443626298560762|220100
8.443626298560762|221100
8.443626298560762|222100
8.443626298560762|223100
8.443626298560762|224100
8.443626298560762|225100
8.443626298560762|226100
8.443626298560762|227100
8.443626298560762|228100
8.443626298560762|229100
8.443626298560762|230100
8.443626298560762|231100
8.443626298560762|232100
8.443626298560762|233100
8.443626298560762|234100
8.443626298560762|235100
8.443626298560762|236100
8.443626298560762|237100
8.443626298560762|238100
8.443626298560762|239100
8.443626298560762|240100
8.443626298560762|241100
8.443626298560762|242100
8.443626298560762|243100
8.443626298560762|244100
8.443626298560762|245100
8.443626298560762|246100
8.443626298560762|247100
8.443626298560762|248100
8.443626298560762|249100
8.443626298560762|250100
8.443626298560762|251100
8.443626298560762|252100
8.443626298560762|253100
8.443626298560762|254100
8.443626298560762|255100
8.443626298560762|256100
8.443626298560762|257100
8.443626298560762|258100
8.443626298560762|259100
8.443626298560762|260100
8.443626298560762|261100
8.443626298560762|262100
8.443626298560762|263100
8.443626298560762|264100
8.443626298560762|265100
8.443626298560762|266100
8.443626298560762|267100
8.443626298560762|268100
8.443626298560762|269100
8.443626298560762|270100
8.443626298560762|271100
8.443626298560762|272100
8.443626298560762|273100
8.443626298560762|274100
8.443626298560762|275100
8.443626298560762|276100
8.443626298560762|277100
8.443626298560762|278100
8.443626298560762|279100
8.443626298560762|280100
8.443626298560762|281100
8.443626298560762|282100
8.443626298560762|283100
8.443626298560762|284100
8.443626298560762|285100
8.443626298560762|286100
8.443626298560762|287100
8.443626298560762|288100
8.443626298560762|289100
8.443626298560762|290100
8.443626298560762|291100
8.443626298560762|292100
8.443626298560762|293100
8.443626298560762|294100
8.443626298560762|295100
8.443626298560762|296100
8.443626298560762|297100
8.443626298560762|298100
8.443626298560762|299100
8.443626298560762|300100
8.443626298560762|301100
8.443626298560762|302100
8.443626298560762|303100
8.443626298560762|304100
8.443626298560762|305100
8.443626298560762|306100
8.443626298560762|307100
8.443626298560762|308100
8.443626298560762|309100
8.443626298560762|310100
8.443626298560762|311100
8.443626298560762|312100
8.443626298560762|313100
8.443626298560762|314100
8.443626298560762|315100
8.443626298560762|316100
8.443626298560762|317100
8.443626298560762|318100
8.443626298560762|319100
8.443626298560762|320100
8.443626298560762|321100
8.443626298560762|322100
8.443626298560762|323100
8.443626298560762|324100
8.443626298560762|325100
8.443626298560762|326100
8.443626298560762|327100
8.443626298560762|328100
8.443626298560762|329100
8.443626298560762|330100
8.443626298560762|331100
8.443626298560762|332100
8.443626298560762|333100
8.443626298560762|334100
8.443626298560762|335100
8.443626298560762|336100
8.443626298560762|337100
8.443626298560762|338100
8.443626298560762|339100
8.443626298560762|340100
8.443626298560762|341100
8.443626298560762|342100
8.443626298560762|343100
8.443626298560762|344100
8.443626298560762|345100
8.443626298560762|346100
8.443626298560762|347100
8.443626298560762|348100
8.443626298560762|349100
8.443626298560762|350100
8.443626298560762|351100
8.443626298560762|352100
8.443626298560762|353100
8.443626298560762|354100
8.443626298560762|355100
8.443626298560762|356100
8.443626298560762|357100
8.443626298560762|358100
8.443626298560762|359100
8.443626298560762|360100
8.443626298560762|361100
8.443626298560762|362100
8.443626298560762|363100
8.443626298560762|364100
8.443626298560762|365100
8.443626298560762|366100
8.443626298560762|367100
8.443626298560762|368100
8.443626298560762|369100
8.443626298560762|370100
8.443626298560762|371100
8.443626298560762|372100
8.443626298560762|373100
8.443626298560762|374100
8.443626298560762|375100
8.443626298560762|376100
8.443626298560762|377100
8.443626298560762|378100
8.443626298560762|379100
8.443626298560762|380100
8.443626298560762|381100
8.443626298560762|382100
8.443626298560762|383100
8.443626298560762|384100
8.443626298560762|385100
8.443626298560762|386100
8.443626298560762|387100
8.443626298560762|388100
8.443626298560762|389100
8.443626298560762|390100
8.443626298560762|391100
8.443626298560762|392100
8.443626298560762|393100
8.443626298560762|394100
8.443626298560762|395100
8.443626298560762|396100
8.443626298560762|397100
8.443626298560762|398100
8.443626298560762|399100
8.443626298560762|400100
8.443626298560762|401100
8.443626298560762|402100
8.443626298560762|403100
8.443626298560762|404100
8.443626298560762|405100
8.443626298560762|406100
8.443626298560762|407100
8.443626298560762|408100
8.443626298560762|409100
8.443626298560762|410100
8.443626298560762|411100
8.443626298560762|412100
8.443626298560762|413100
8.443626298560762|414100
8.443626298560762|415100
8.443626298560762|416100
8.443626298560762|417100
8.443626298560762|418100
8.443626298560762|419100
8.443626298560762|420100
8.443626298560762|421100
8.443626298560762|422100
8.443626298560762|423100
8.443626298560762|424100
8.443626298560762|425100
8.443626298560762|426100
8.443626298560762|427100
8.443626298560762|428100
8.443626298560762|429100
8.443626298560762|430100
8.443626298560762|431100
8.443626298560762|432100
8.443626298560762|433100
8.443626298560762|434100
8.443626298560762|435100
8.443626298560762|436100
8.443626298560762|437100
8.443626298560762|438100
8.443626298560762|439100
8.443626298560762|440100
8.443626298560762|441100
8.443626298560762|442100
8.443626298560762|443100
8.443626298560762|444100
8.443626298560762|445100
8.443626298560762|446100
8.443626298560762|447100
8.443626298560762|448100
8.443626298560762|449100
8.443626298560762|450100
8.443626298560762|451100
8.443626298560762|452100
8.443626298560762|453100
8.443626298560762|454100
8.443626298560762|455100
8.443626298560762|456100
8.443626298560762|457100
8.443626298560762|458100
8.443626298560762|459100
8.443626298560762|460100
8.443626298560762|461100
8.443626298560762|462100
8.443626298560762|463100
8.443626298560762|464100
8.443626298560762|465100
8.443626298560762|466100
8.443626298560762|467100
8.443626298560762|468100
8.443626298560762|469100
8.443626298560762|470100
8.443626298560762|471100
8.443626298560762|472100
8.443626298560762|473100
8.443626298560762|474100
8.443626298560762|475100
8.443626298560762|476100
8.443626298560762|477100
8.443626298560762|478100
8.443626298560762|479100
8.443626298560762|480100
8.443626298560762|481100
8.443626298560762|482100
8.443626298560762|483100
8.443626298560762|484100
8.443626298560762|485100
8.443626298560762|486100
8.443626298560762|487100
8.443626298560762|488100
8.443626298560762|489100
8.443626298560762|490100
8.443626298560762|491100
8.443626298560762|492100
8.443626298560762|493100
8.443626298560762|494100
8.443626298560762|495100
8.443626298560762|496100
8.443626298560762|497100
8.443626298560762|498100
8.443626298560762|499100
8.443626298560762|500100
8.443626298560762|501100
8.443626298560762|502100
8.443626298560762|503100
8.443626298560762|504100
8.443626298560762|505100
8.443626298560762|506100
8.443626298560762|507100
8.443626298560762|508100
8.443626298560762|509100
8.443626298560762|510100
8.443626298560762|511100
8.443626298560762|512100
8.443626298560762|513100
8.443626298560762|514100
8.443626298560762|515100
8.443626298560762|516100
8.443626298560762|517100
8.443626298560762|518100
8.443626298560762|519100
8.443626298560762|520100
8.443626298560762|521100
8.443626298560762|522100
8.443626298560762|523100
8.443626298560762|524100
8.443626298560762|525100
8.443626298560762|526100
8.443626298560762|527100
8.443626298560762|528100
8.443626298560762|529100
8.443626298560762|530100
8.443626298560762|531100
8.443626298560762|532100
8.443626298560762|533100
8.443626298560762|534100
8.443626298560762|535100
8.443626298560762|536100
8.443626298560762|537100
8.443626298560762|538100
8.443626298560762|539100
8.443626298560762|540100
8.443626298560762|541100
8.443626298560762|542100
8.443626298560762|543100
8.443626298560762|544100
8.443626298560762|545100
8.443626298560762|546100
8.443626298560762|547100
8.443626298560762|548100
8.443626298560762|549100
8.443626298560762|550100
8.443626298560762|551100
8.443626298560762|552100
8.443626298560762|553100
8.443626298560762|554100
8.443626298560762|555100
8.443626298560762|556100
8.443626298560762|557100
8.443626298560762|558100
8.443626298560762|559100
8.443626298560762|560100
8.443626298560762|561100
8.443626298560762|562100
8.443626298560762|563100
8.443626298560762|564100
8.443626298560762|565100
8.443626298560762|566100
8.443626298560762|567100
8.443626298560762|568100
8.443626298560762|569100
8.443626298560762|570100
8.443626298560762|571100
8.443626298560762|572100
8.443626298560762|573100
8.443626298560762|574100
8.443626298560762|575100
8.443626298560762|576100
8.443626298560762|577100
8.443626298560762|578100
8.443626298560762|579100
8.443626298560762|580100
8.443626298560762|581100
8.443626298560762|582100
8.443626298560762|583100
8.443626298560762|584100
8.443626298560762|585100
8.443626298560762|586100
8.443626298560762|587100
8.443626298560762|588100
8.443626298560762|589100
8.443626298560762|590100
8.443626298560762|591100
8.443626298560762|592100
8.443626298560762|593100
8.443626298560762|594100
8.443626298560762|595100
8.443626298560762|596100
8.443626298560762|597100
8.443626298560762|598100
8.443626298560762|599100
8.443626298560762|600100
8.443626298560762|601100
8.443626298560762|602100
8.443626298560762|603100
8.443626298560762|604100
8.443626298560762|605100
8.443626298560762|606100
8.443626298560762|607100
8.443626298560762|608100
8.443626298560762|609100
8.443626298560762|610100
8.443626298560762|611100
8.443626298560762|612100
8.443626298560762|613100
8.443626298560762|614100
8.443626298560762|615100
8.443626298560762|616100
8.443626298560762|617100
8.443626298560762|618100
8.443626298560762|619100
8.443626298560762|620100
8.443626298560762|621100
8.443626298560762|622100
8.443626298560762|623100
8.443626298560762|624100
8.443626298560762|625100
8.443626298560762|626100
8.443626298560762|627100
8.443626298560762|628100
8.443626298560762|629100
8.443626298560762|630100
8.443626298560762|631100
8.443626298560762|632100
8.443626298560762|633100
8.443626298560762|634100
8.443626298560762|635100
8.443626298560762|636100
8.443626298560762|637100
8.443626298560762|638100
8.443626298560762|639100
8.443626298560762|640100
8.443626298560762|641100
8.443626298560762|642100
8.443626298560762|643100
8.443626298560762|644100
8.443626298560762|645100
8.443626298560762|646100
8.443626298560762|647100
8.443626298560762|648100
8.443626298560762|649100
8.443626298560762|650100
8.443626298560762|651100
8.443626298560762|652100
8.443626298560762|653100
8.443626298560762|654100
8.443626298560762|655100
8.443626298560762|656100
8.443626298560762|657100
8.443626298560762|658100
8.443626298560762|659100
8.443626298560762|660100
8.443626298560762|661100
8.443626298560762|662100
8.443626298560762|663100
8.443626298560762|664100
8.443626298560762|665100
8.443626298560762|666100
8.443626298560762|667100
8.443626298560762|668100
8.443626298560762|669100
8.443626298560762|670100
8.443626298560762|671100
8.443626298560762|672100
8.443626298560762|673100
8.443626298560762|674100
8.443626298560762|675100
8.443626298560762|676100
8.443626298560762|677100
8.443626298560762|678100
8.443626298560762|679100
8.443626298560762|680100
8.443626298560762|681100
8.443626298560762|682100
8.443626298560762|683100
8.443626298560762|684100
8.443626298560762|685100
8.443626298560762|686100
8.443626298560762|687100
8.443626298560762|688100
8.443626298560762|689100
8.443626298560762|690100
8.443626298560762|691100
8.443626298560762|692100
8.443626298560762|693100
8.443626298560762|694100
8.443626298560762|695100
8.443626298560762|696100
8.443626298560762|697100
8.443626298560762|698100
8.443626298560762|699100
8.443626298560762|700100
8.443626298560762|701100
8.443626298560762|702100
8.443626298560762|703100
8.443626298560762|704100
8.443626298560762|705100
8.443626298560762|706100
8.443626298560762|707100
8.443626298560762|708100
8.443626298560762|709100
8.443626298560762|710100
8.443626298560762|711100
8.443626298560762|712100
8.443626298560762|713100
8.443626298560762|714100
8.443626298560762|715100
8.443626298560762|716100
8.443626298560762|717100
8.443626298560762|718100
8.443626298560762|719100
8.443626298560762|720100
8.443626298560762|721100
8.443626298560762|722100
8.443626298560762|723100
8.443626298560762|724100
8.443626298560762|725100
8.443626298560762|726100
8.443626298560762|727100
8.443626298560762|728100
8.443626298560762|729100
8.443626298560762|730100
8.443626298560762|731100
8.443626298560762|732100
8.443626298560762|733100
8.443626298560762|734100
8.443626298560762|735100
8.443626298560762|736100
8.443626298560762|737100
8.443626298560762|738100
8.443626298560762|739100
8.443626298560762|740100
8.443626298560762|741100
8.443626298560762|742100
8.443626298560762|743100
8.443626298560762|744100
8.443626298560762|745100
8.443626298560762|746100
8.443626298560762|747100
8.443626298560762|748100
8.443626298560762|749100
8.443626298560762|750100
8.443626298560762|751100
8.443626298560762|752100
8.443626298560762|753100
8.443626298560762|754100
8.443626298560762|755100
8.443626298560762|756100
8.443626298560762|757100
8.443626298560762|758100
8.443626298560762|759100
8.443626298560762|760100
8.443626298560762|761100
8.443626298560762|762100
8.443626298560762|763100
8.443626298560762|764100
8.443626298560762|765100
8.443626298560762|766100
8.443626298560762|767100
8.443626298560762|768100
8.443626298560762|769100
8.443626298560762|770100
8.443626298560762|771100
8.443626298560762|772100
8.443626298560762|773100
8.443626298560762|774100
8.443626298560762|775100
8.443626298560762|776100
8.443626298560762|777100
8.443626298560762|778100
8.443626298560762|779100
8.443626298560762|780100
8.443626298560762|781100
8.443626298560762|782100
8.443626298560762|783100
8.443626298560762|784100
8.443626298560762|785100
8.443626298560762|786100
8.443626298560762|787100
8.443626298560762|788100
8.443626298560762|789100
8.443626298560762|790100
8.443626298560762|791100
8.443626298560762|792100
8.443626298560762|793100
8.443626298560762|794100
8.443626298560762|795100
8.443626298560762|796100
8.443626298560762|797100
8.443626298560762|798100
8.443626298560762|799100
8.443626298560762|800100
8.443626298560762|801100
8.443626298560762|802100
8.443626298560762|803100
8.443626298560762|804100
8.443626298560762|805100
8.443626298560762|806100
8.443626298560762|807100
8.443626298560762|808100
8.443626298560762|809100
8.443626298560762|810100
8.443626298560762|811100
8.443626298560762|812100
8.443626298560762|813100
8.443626298560762|814100
8.443626298560762|815100
8.443626298560762|816100
8.443626298560762|817100
8.443626298560762|818100
8.443626298560762|819100
8.443626298560762|820100
8.443626298560762|821100
8.443626298560762|822100
8.443626298560762|823100
8.443626298560762|824100
8.443626298560762|825100
8.443626298560762|826100
8.443626298560762|827100
8.443626298560762|828100
8.443626298560762|829100
8.443626298560762|830100
8.443626298560762|831100
8.443626298560762|832100
8.443626298560762|833100
8.443626298560762|834100
8.443626298560762|835100
8.443626298560762|836100
8.443626298560762|837100
8.443626298560762|838100
8.443626298560762|839100
8.443626298560762|840100
8.443626298560762|841100
8.443626298560762|842100
8.443626298560762|843100
8.443626298560762|844100
8.443626298560762|845100
8.443626298560762|846100
8.443626298560762|847100
8.443626298560762|848100
8.443626298560762|849100
8.443626298560762|850100
8.443626298560762|851100
8.443626298560762|852100
8.443626298560762|853100
8.443626298560762|854100
8.443626298560762|855100
8.443626298560762|856100
8.443626298560762|857100
8.443626298560762|858100
8.443626298560762|859100
8.443626298560762|860100
8.443626298560762|861100
8.443626298560762|862100
8.443626298560762|863100
8.443626298560762|864100
8.443626298560762|865100
8.443626298560762|866100
8.443626298560762|867100
8.443626298560762|868100
8.443626298560762|869100
8.443626298560762|870100
8.443626298560762|871100
8.443626298560762|872100
8.443626298560762|873100
8.443626298560762|874100
8.443626298560762|875100
8.443626298560762|876100
8.443626298560762|877100
8.443626298560762|878100
8.443626298560762|879100
8.443626298560762|880100
8.443626298560762|881100
8.443626298560762|882100
8.443626298560762|883100
8.443626298560762|884100
8.443626298560762|885100
8.443626298560762|886100
8.443626298560762|887100
8.443626298560762|888100
8.443626298560762|889100
8.443626298560762|890100
8.443626298560762|891100
8.443626298560762|892100
8.443626298560762|893100
8.443626298560762|894100
8.443626298560762|895100
8.443626298560762|896100
8.443626298560762|897100
8.443626298560762|898100
8.443626298560762|899100
8.443626298560762|900100
8.443626298560762|901100
8.443626298560762|902100
8.443626298560762|903100
8.443626298560762|904100
8.443626298560762|905100
8.443626298560762|906100
8.443626298560762|907100
8.443626298560762|908100
8.443626298560762|909100
8.443626298560762|910100
8.443626298560762|911100
8.443626298560762|912100
8.443626298560762|913100
8.443626298560762|914100
8.443626298560762|915100
8.443626298560762|916100
8.443626298560762|917100
8.443626298560762|918100
8.443626298560762|919100
8.443626298560762|920100
8.443626298560762|921100
8.443626298560762|922100
8.443626298560762|923100
8.443626298560762|924100
8.443626298560762|925100
8.443626298560762|926100
8.443626298560762|927100
8.443626298560762|928100
8.443626298560762|929100
8.443626298560762|930100
8.443626298560762|931100
8.443626298560762|932100
8.443626298560762|933100
8.443626298560762|934100
8.443626298560762|935100
8.443626298560762|936100
8.443626298560762|937100
8.443626298560762|938100
8.443626298560762|939100
8.443626298560762|940100
8.443626298560762|941100
8.443626298560762|942100
8.443626298560762|943100
8.443626298560762|944100
8.443626298560762|945100
8.443626298560762|946100
8.443626298560762|947100
8.443626298560762|948100
8.443626298560762|949100
8.443626298560762|950100
8.443626298560762|951100
8.443626298560762|952100
8.443626298560762|953100
8.443626298560762|954100
8.443626298560762|955100
8.443626298560762|956100
8.443626298560762|957100
8.443626298560762|958100
8.443626298560762|959100
8.443626298560762|960100
8.443626298560762|961100
8.443626298560762|962100
8.443626298560762|963100
8.443626298560762|964100
8.443626298560762|965100
8.443626298560762|966100
8.443626298560762|967100
8.443626298560762|968100
8.443626298560762|969100
8.443626298560762|970100
8.443626298560762|971100
8.443626298560762|972100
8.443626298560762|973100
8.443626298560762|974100
8.443626298560762|975100
8.443626298560762|976100
8.443626298560762|977100
8.443626298560762|978100
8.443626298560762|979100
8.443626298560762|980100
8.443626298560762|981100
8.443626298560762|982100
8.443626298560762|983100
8.443626298560762|984100
8.443626298560762|985100
8.443626298560762|986100
8.443626298560762|987100
8.443626298560762|988100
8.443626298560762|989100
8.443626298560762|990100
8.443626298560762|991100
8.443626298560762|992100
8.443626298560762|993100
8.443626298560762|994100
8.443626298560762|995100
8.443626298560762|996100
8.443626298560762|997100
8.443626298560762|998100
8.443626298560762|999100
8.443626298560762|1000100
