27.405989835504762|1010
15.36631505717917|2010
13.78191338034535|3010
13.376153932446472|4010
12.383130119456816|5010
11.922288588988323|6010
11.462232552958623|7010
10.867760053418897|8010
10.370135122059898|9010
9.945255331720622|10010
9.945255331720622|11010
9.726389422267383|12010
9.726389422267383|13010
9.726389422267383|14010
9.726389422267383|15010
9.726389422267383|16010
9.726389422267383|17010
9.726389422267383|18010
9.584292961148122|19010
9.584292961148122|20010
9.584292961148122|21010
9.584292961148119|22010
9.584292961148119|23010
9.584292961148119|24010
9.584292961148119|25010
9.584292961148119|26010
9.584292961148119|27010
9.584292961148119|28010
9.584292961148119|29010
9.584292961148119|30010
9.584292961148119|31010
9.584292961148119|32010
9.584292961148119|33010
9.584292961148119|34010
9.584292961148119|35010
9.584292961148119|36010
9.554392660759847|37010
9.530125269477283|38010
9.52120055451923|39010
9.52120055451923|40010
9.333045124164036|41010
9.333045124164036|42010
9.323535960104183|43010
9.323535960104183|44010
9.323535960104183|45010
9.323535960104183|46010
9.27220797895199|47010
9.27220797895199|48010
9.236171827986729|49010
9.236171827986729|50010
9.234424105042606|51010
9.234424105042606|52010
9.234424105042606|53010
9.234424105042606|54010
9.234424105042606|55010
9.234424105042606|56010
9.234424105042606|57010
9.234424105042606|58010
9.234424105042606|59010
9.234424105042606|60010
9.234424105042606|61010
9.234424105042606|62010
9.234424105042606|63010
9.234424105042606|64010
9.234424105042606|65010
9.234424105042606|66010
9.234424105042606|67010
9.182151647568359|68010
9.182151647568359|69010
9.182151647568359|70010
9.182151647568359|71010
9.17334552936787|72010
9.110219420337502|73010
8.867866654341812|74010
8.858483631297766|75010
8.858483631297766|76010
8.858483631297766|77010
8.858483631297766|78010
8.858483631297766|79010
8.858483631297766|80010
8.858483631297766|81010
8.858483631297766|82010
8.858483631297766|83010
8.858483631297766|84010
8.858483631297766|85010
8.858483631297766|86010
8.858483631297766|87010
8.858483631297766|88010
8.858483631297766|89010
8.858483631297766|90010
8.858483631297766|91010
8.858483631297766|92010
8.858483631297766|93010
8.858483631297766|94010
8.858483631297766|95010
8.858483631297766|96010
8.858483631297766|97010
8.858483631297766|98010
8.858483631297766|99010
8.858483631297766|100010
8.858483631297766|101010
8.858483631297766|102010
8.858483631297766|103010
8.858483631297766|104010
8.858483631297766|105010
8.858483631297766|106010
8.858483631297766|107010
8.858483631297766|108010
8.858483631297766|109010
8.858483631297766|110010
8.858483631297766|111010
8.858483631297766|112010
8.858483631297766|113010
8.858483631297766|114010
8.858483631297766|115010
8.858483631297766|116010
8.858483631297766|117010
8.858483631297766|118010
8.858483631297766|119010
8.858483631297766|120010
8.858483631297766|121010
8.858483631297766|122010
8.858483631297766|123010
8.858483631297766|124010
8.858483631297766|125010
8.858483631297766|126010
8.858483631297766|127010
8.858483631297766|128010
8.858483631297766|129010
8.858483631297766|130010
8.858483631297766|131010
8.858483631297766|132010
8.858483631297766|133010
8.858483631297766|134010
8.858483631297766|135010
8.858483631297766|136010
8.858483631297766|137010
8.858483631297766|138010
8.858483631297766|139010
8.858483631297766|140010
8.858483631297766|141010
8.858483631297766|142010
8.858483631297766|143010
8.858483631297766|144010
8.858483631297766|145010
8.858483631297766|146010
8.858483631297766|147010
8.858483631297766|148010
8.858483631297766|149010
8.858483631297766|150010
8.858483631297766|151010
8.858483631297766|152010
8.858483631297766|153010
8.858483631297766|154010
8.858483631297766|155010
8.858483631297766|156010
8.858483631297766|157010
8.858483631297766|158010
8.858483631297766|159010
8.858483631297766|160010
8.858483631297766|161010
8.858483631297766|162010
8.858483631297764|163010
8.788053862689672|164010
8.788053862689672|165010
8.788053862689672|166010
8.788053862689672|167010
8.787810723676808|168010
8.787810723676808|169010
8.787810723676808|170010
8.787810723676808|171010
8.787810723676808|172010
8.787810723676808|173010
8.779282388027033|174010
8.779282388027033|175010
8.779282388027033|176010
8.779282388027033|177010
8.779282388027033|178010
8.779282388027031|179010
8.779282388027031|180010
8.779282388027031|181010
8.779282388027031|182010
8.779282388027031|183010
8.779282388027031|184010
8.779282388027031|185010
8.779282388027031|186010
8.779282388027031|187010
8.779282388027031|188010
8.779282388027031|189010
8.779282388027031|190010
8.779282388027031|191010
8.779282388027031|192010
8.779282388027031|193010
8.779282388027031|194010
8.779282388027031|195010
8.779282388027031|196010
8.779282388027031|197010
8.779282388027031|198010
8.779282388027031|199010
8.779282388027031|200010
8.779282388027031|201010
8.779282388027031|202010
8.779282388027031|203010
8.779282388027031|204010
8.779282388027031|205010
8.779282388027031|206010
8.779282388027031|207010
8.779282388027031|208010
8.779282388027031|209010
8.779282388027031|210010
8.779282388027031|211010
8.779282388027031|212010
8.779282388027031|213010
8.779282388027031|214010
8.779282388027031|215010
8.76014552467813|216010
8.717059725097428|217010
8.717059725097428|218010
8.717059725097428|219010
8.717059725097428|220010
8.717059725097428|221010
8.717059725097428|222010
8.717059725097428|223010
8.717059725097428|224010
8.717059725097428|225010
8.717059725097428|226010
8.717059725097428|227010
8.716720044745621|228010
8.716720044745621|229010
8.716720044745621|230010
8.716720044745621|231010
8.716720044745621|232010
8.716720044745621|233010
8.716720044745621|234010
8.716720044745621|235010
8.716720044745621|236010
8.716720044745621|237010
8.716720044745621|238010
8.716720044745621|239010
8.716720044745621|240010
8.716720044745621|241010
8.716720044745621|242010
8.716720044745621|243010
8.716720044745621|244010
8.716720044745621|245010
8.716720044745621|246010
8.716720044745621|247010
8.716720044745621|248010
8.716720044745621|249010
8.716720044745621|250010
8.716720044745621|251010
8.716720044745621|252010
8.716720044745621|253010
8.716720044745621|254010
8.716720044745621|255010
8.716720044745621|256010
8.716720044745621|257010
8.716720044745621|258010
8.716720044745621|259010
8.716720044745621|260010
8.716720044745621|261010
8.716720044745621|262010
8.716720044745621|263010
8.716720044745621|264010
8.716720044745621|265010
8.716720044745621|266010
8.716720044745621|267010
8.716720044745621|268010
8.716720044745621|269010
8.716720044745621|270010
8.716720044745621|271010
8.716720044745621|272010
8.716720044745621|273010
8.716720044745621|274010
8.716720044745621|275010
8.716720044745621|276010
8.716720044745621|277010
8.716720044745621|278010
8.716720044745621|279010
8.716720044745621|280010
8.716720044745621|281010
8.716720044745621|282010
8.716720044745621|283010
8.716720044745621|284010
8.716720044745621|285010
8.716720044745621|286010
8.716720044745621|287010
8.716720044745621|288010
8.716720044745621|289010
8.716720044745621|290010
8.716720044745621|291010
8.716720044745621|292010
8.716720044745621|293010
8.716720044745621|294010
8.716720044745621|295010
8.716720044745621|296010
8.716720044745621|297010
8.716720044745621|298010
8.716720044745621|299010
8.716720044745621|300010
8.716720044745621|301010
8.716720044745621|302010
8.716720044745621|303010
8.716720044745621|304010
8.716720044745621|305010
8.716720044745621|306010
8.716720044745621|307010
8.716720044745621|308010
8.716720044745621|309010
8.716720044745621|310010
8.716720044745621|311010
8.716720044745621|312010
8.716720044745621|313010
8.716720044745621|314010
8.716720044745621|315010
8.716720044745621|316010
8.686428541107654|317010
8.685563421756271|318010
8.685563421756271|319010
8.685563421756271|320010
8.685563421756271|321010
8.685563421756271|322010
8.685563421756271|323010
8.685563421756271|324010
8.685563421756271|325010
8.68556342175627|326010
8.68556342175627|327010
8.68556342175627|328010
8.68556342175627|329010
8.68556342175627|330010
8.68556342175627|331010
8.68556342175627|332010
8.68556342175627|333010
8.68556342175627|334010
8.68556342175627|335010
8.68556342175627|336010
8.68556342175627|337010
8.68556342175627|338010
8.68556342175627|339010
8.68556342175627|340010
8.68556342175627|341010
8.68556342175627|342010
8.68556342175627|343010
8.68556342175627|344010
8.68556342175627|345010
8.68556342175627|346010
8.68556342175627|347010
8.68556342175627|348010
8.68556342175627|349010
8.68556342175627|350010
8.68556342175627|351010
8.68556342175627|352010
8.68556342175627|353010
8.68556342175627|354010
8.68556342175627|355010
8.68556342175627|356010
8.68556342175627|357010
8.68556342175627|358010
8.68556342175627|359010
8.68556342175627|360010
8.68556342175627|361010
8.68556342175627|362010
8.68556342175627|363010
8.68556342175627|364010
8.68556342175627|365010
8.68556342175627|366010
8.68556342175627|367010
8.68556342175627|368010
8.68556342175627|369010
8.68556342175627|370010
8.68556342175627|371010
8.68556342175627|372010
8.68556342175627|373010
8.68556342175627|374010
8.68556342175627|375010
8.68556342175627|376010
8.68556342175627|377010
8.68556342175627|378010
8.68556342175627|379010
8.68556342175627|380010
8.68556342175627|381010
8.68556342175627|382010
8.68556342175627|383010
8.68556342175627|384010
8.68556342175627|385010
8.68556342175627|386010
8.68556342175627|387010
8.68556342175627|388010
8.68556342175627|389010
8.68556342175627|390010
8.68556342175627|391010
8.68556342175627|392010
8.68556342175627|393010
8.68556342175627|394010
8.68556342175627|395010
8.68556342175627|396010
8.68556342175627|397010
8.68556342175627|398010
8.68556342175627|399010
8.68556342175627|400010
8.68556342175627|401010
8.68556342175627|402010
8.68556342175627|403010
8.68556342175627|404010
8.68556342175627|405010
8.68556342175627|406010
8.68556342175627|407010
8.68556342175627|408010
8.68556342175627|409010
8.68556342175627|410010
8.68556342175627|411010
8.68556342175627|412010
8.68556342175627|413010
8.68556342175627|414010
8.68556342175627|415010
8.68556342175627|416010
8.68556342175627|417010
8.68556342175627|418010
8.68556342175627|419010
8.68556342175627|420010
8.68556342175627|421010
8.68556342175627|422010
8.68556342175627|423010
8.68556342175627|424010
8.68556342175627|425010
8.68556342175627|426010
8.68556342175627|427010
8.68556342175627|428010
8.68556342175627|429010
8.68556342175627|430010
8.68556342175627|431010
8.68556342175627|432010
8.68556342175627|433010
8.68556342175627|434010
8.68556342175627|435010
8.68556342175627|436010
8.68556342175627|437010
8.68556342175627|438010
8.68556342175627|439010
8.68556342175627|440010
8.68556342175627|441010
8.68556342175627|442010
8.68556342175627|443010
8.68556342175627|444010
8.68556342175627|445010
8.68556342175627|446010
8.68556342175627|447010
8.68556342175627|448010
8.68556342175627|449010
8.68556342175627|450010
8.68556342175627|451010
8.68556342175627|452010
8.68556342175627|453010
8.68556342175627|454010
8.68556342175627|455010
8.68556342175627|456010
8.68556342175627|457010
8.68556342175627|458010
8.68556342175627|459010
8.68556342175627|460010
8.68556342175627|461010
8.68556342175627|462010
8.68556342175627|463010
8.68556342175627|464010
8.68556342175627|465010
8.68556342175627|466010
8.68556342175627|467010
8.68556342175627|468010
8.68556342175627|469010
8.68556342175627|470010
8.68556342175627|471010
8.68556342175627|472010
8.68556342175627|473010
8.68556342175627|474010
8.68556342175627|475010
8.68556342175627|476010
8.68556342175627|477010
8.68556342175627|478010
8.68556342175627|479010
8.68556342175627|480010
8.68556342175627|481010
8.68556342175627|482010
8.68556342175627|483010
8.68556342175627|484010
8.68556342175627|485010
8.68556342175627|486010
8.68556342175627|487010
8.68556342175627|488010
8.68556342175627|489010
8.68556342175627|490010
8.68556342175627|491010
8.68556342175627|492010
8.68556342175627|493010
8.68556342175627|494010
8.68556342175627|495010
8.68556342175627|496010
8.68556342175627|497010
8.68556342175627|498010
8.68556342175627|499010
8.68556342175627|500010
8.68556342175627|501010
8.68556342175627|502010
8.68556342175627|503010
8.68556342175627|504010
8.68556342175627|505010
8.68556342175627|506010
8.68556342175627|507010
8.68556342175627|508010
8.68556342175627|509010
8.68556342175627|510010
8.68556342175627|511010
8.68556342175627|512010
8.68556342175627|513010
8.68556342175627|514010
8.68556342175627|515010
8.68556342175627|516010
8.68556342175627|517010
8.68556342175627|518010
8.68556342175627|519010
8.68556342175627|520010
8.68556342175627|521010
8.68556342175627|522010
8.68556342175627|523010
8.68556342175627|524010
8.68556342175627|525010
8.68556342175627|526010
8.68556342175627|527010
8.68556342175627|528010
8.68556342175627|529010
8.68556342175627|530010
8.68556342175627|531010
8.68556342175627|532010
8.68556342175627|533010
8.68556342175627|534010
8.68556342175627|535010
8.68556342175627|536010
8.68556342175627|537010
8.68556342175627|538010
8.68556342175627|539010
8.68556342175627|540010
8.68556342175627|541010
8.68556342175627|542010
8.68556342175627|543010
8.68556342175627|544010
8.68556342175627|545010
8.68556342175627|546010
8.68556342175627|547010
8.68556342175627|548010
8.68556342175627|549010
8.68556342175627|550010
8.68556342175627|551010
8.68556342175627|552010
8.68556342175627|553010
8.68556342175627|554010
8.68556342175627|555010
8.68556342175627|556010
8.68556342175627|557010
8.68556342175627|558010
8.68556342175627|559010
8.68556342175627|560010
8.68556342175627|561010
8.68556342175627|562010
8.68556342175627|563010
8.68556342175627|564010
8.68556342175627|565010
8.68556342175627|566010
8.68556342175627|567010
8.68556342175627|568010
8.68556342175627|569010
8.68556342175627|570010
8.68556342175627|571010
8.68556342175627|572010
8.68556342175627|573010
8.68556342175627|574010
8.68556342175627|575010
8.68556342175627|576010
8.68556342175627|577010
8.68556342175627|578010
8.68556342175627|579010
8.68556342175627|580010
8.68556342175627|581010
8.68556342175627|582010
8.68556342175627|583010
8.68556342175627|584010
8.68556342175627|585010
8.68556342175627|586010
8.68556342175627|587010
8.68556342175627|588010
8.68556342175627|589010
8.68556342175627|590010
8.68556342175627|591010
8.68556342175627|592010
8.68556342175627|593010
8.68556342175627|594010
8.68556342175627|595010
8.68556342175627|596010
8.68556342175627|597010
8.68556342175627|598010
8.68556342175627|599010
8.68556342175627|600010
8.68556342175627|601010
8.68556342175627|602010
8.68556342175627|603010
8.68556342175627|604010
8.68556342175627|605010
8.68556342175627|606010
8.68556342175627|607010
8.68556342175627|608010
8.68556342175627|609010
8.68556342175627|610010
8.68556342175627|611010
8.68556342175627|612010
8.68556342175627|613010
8.68556342175627|614010
8.68556342175627|615010
8.68556342175627|616010
8.68556342175627|617010
8.68556342175627|618010
8.68556342175627|619010
8.68556342175627|620010
8.68556342175627|621010
8.68556342175627|622010
8.68556342175627|623010
8.68556342175627|624010
8.68556342175627|625010
8.68556342175627|626010
8.68556342175627|627010
8.68556342175627|628010
8.68556342175627|629010
8.68556342175627|630010
8.68556342175627|631010
8.68556342175627|632010
8.68556342175627|633010
8.68556342175627|634010
8.68556342175627|635010
8.68556342175627|636010
8.68556342175627|637010
8.68556342175627|638010
8.68556342175627|639010
8.68556342175627|640010
8.68556342175627|641010
8.68556342175627|642010
8.68556342175627|643010
8.68556342175627|644010
8.68556342175627|645010
8.68556342175627|646010
8.68556342175627|647010
8.68556342175627|648010
8.68556342175627|649010
8.68556342175627|650010
8.68556342175627|651010
8.68556342175627|652010
8.68556342175627|653010
8.68556342175627|654010
8.586285761913253|655010
8.586285761913253|656010
8.586285761913253|657010
8.586285761913253|658010
8.586285761913253|659010
8.586285761913253|660010
8.586285761913253|661010
8.586285761913253|662010
8.586285761913253|663010
8.586285761913253|664010
8.586285761913253|665010
8.586285761913253|666010
8.586285761913253|667010
8.586285761913253|668010
8.586285761913253|669010
8.586285761913253|670010
8.586285761913253|671010
8.586285761913253|672010
8.586285761913253|673010
8.586285761913253|674010
8.586285761913253|675010
8.586285761913253|676010
8.586285761913253|677010
8.586285761913253|678010
8.586285761913253|679010
8.586285761913253|680010
8.586285761913253|681010
8.586285761913253|682010
8.586285761913253|683010
8.586285761913253|684010
8.586285761913253|685010
8.586285761913253|686010
8.586285761913253|687010
8.586285761913253|688010
8.586285761913253|689010
8.586285761913253|690010
8.586285761913253|691010
8.586285761913253|692010
8.586285761913253|693010
8.586285761913253|694010
8.586285761913253|695010
8.58628576191325|696010
8.58628576191325|697010
8.58628576191325|698010
8.58628576191325|699010
8.58628576191325|700010
8.58628576191325|701010
8.58628576191325|702010
8.58628576191325|703010
8.58628576191325|704010
8.58628576191325|705010
8.58628576191325|706010
8.58628576191325|707010
8.58628576191325|708010
8.58628576191325|709010
8.58628576191325|710010
8.58628576191325|711010
8.58628576191325|712010
8.58628576191325|713010
8.58628576191325|714010
8.58628576191325|715010
8.58628576191325|716010
8.58628576191325|717010
8.58628576191325|718010
8.58628576191325|719010
8.58628576191325|720010
8.58628576191325|721010
8.58628576191325|722010
8.58628576191325|723010
8.58628576191325|724010
8.58628576191325|725010
8.58628576191325|726010
8.58628576191325|727010
8.58628576191325|728010
8.58628576191325|729010
8.58628576191325|730010
8.58628576191325|731010
8.58628576191325|732010
8.58628576191325|733010
8.58628576191325|734010
8.58628576191325|735010
8.58628576191325|736010
8.58628576191325|737010
8.58628576191325|738010
8.58628576191325|739010
8.58628576191325|740010
8.58628576191325|741010
8.58628576191325|742010
8.58628576191325|743010
8.58628576191325|744010
8.58628576191325|745010
8.58628576191325|746010
8.58628576191325|747010
8.58628576191325|748010
8.58628576191325|749010
8.58628576191325|750010
8.58628576191325|751010
8.58628576191325|752010
8.58628576191325|753010
8.58628576191325|754010
8.58628576191325|755010
8.58628576191325|756010
8.58628576191325|757010
8.58628576191325|758010
8.58628576191325|759010
8.58628576191325|760010
8.58628576191325|761010
8.58628576191325|762010
8.58628576191325|763010
8.58628576191325|764010
8.58628576191325|765010
8.58628576191325|766010
8.58628576191325|767010
8.58628576191325|768010
8.58628576191325|769010
8.58628576191325|770010
8.58628576191325|771010
8.58628576191325|772010
8.58628576191325|773010
8.58628576191325|774010
8.58628576191325|775010
8.58628576191325|776010
8.58628576191325|777010
8.58628576191325|778010
8.58628576191325|779010
8.58628576191325|780010
8.58628576191325|781010
8.58628576191325|782010
8.58628576191325|783010
8.58628576191325|784010
8.58628576191325|785010
8.58628576191325|786010
8.58628576191325|787010
8.58628576191325|788010
8.58628576191325|789010
8.58628576191325|790010
8.58628576191325|791010
8.58628576191325|792010
8.58628576191325|793010
8.58628576191325|794010
8.58628576191325|795010
8.58628576191325|796010
8.58628576191325|797010
8.58628576191325|798010
8.58628576191325|799010
8.58628576191325|800010
8.58628576191325|801010
8.58628576191325|802010
8.58628576191325|803010
8.58628576191325|804010
8.56736191682023|805010
8.56736191682023|806010
8.56736191682023|807010
8.56736191682023|808010
8.56736191682023|809010
8.56736191682023|810010
8.56736191682023|811010
8.56736191682023|812010
8.56736191682023|813010
8.56736191682023|814010
8.56736191682023|815010
8.56736191682023|816010
8.56736191682023|817010
8.56736191682023|818010
8.56736191682023|819010
8.56736191682023|820010
8.56736191682023|821010
8.56736191682023|822010
8.56736191682023|823010
8.56736191682023|824010
8.56736191682023|825010
8.56736191682023|826010
8.56736191682023|827010
8.56736191682023|828010
8.56736191682023|829010
8.567361916820229|830010
8.567361916820229|831010
8.567361916820229|832010
8.567361916820229|833010
8.567361916820229|834010
8.567361916820229|835010
8.567361916820229|836010
8.567361916820229|837010
8.567361916820229|838010
8.567361916820229|839010
8.567361916820229|840010
8.567361916820229|841010
8.567361916820229|842010
8.567361916820229|843010
8.567361916820229|844010
8.567361916820229|845010
8.567361916820229|846010
8.567361916820229|847010
8.567361916820229|848010
8.567361916820229|849010
8.567361916820229|850010
8.567361916820229|851010
8.567361916820229|852010
8.567361916820229|853010
8.567361916820229|854010
8.567361916820229|855010
8.567361916820229|856010
8.567361916820229|857010
8.567361916820229|858010
8.567361916820229|859010
8.567361916820229|860010
8.567361916820229|861010
8.567361916820229|862010
8.567361916820229|863010
8.567361916820229|864010
8.567361916820229|865010
8.567361916820229|866010
8.567361916820229|867010
8.567361916820229|868010
8.567361916820229|869010
8.567361916820229|870010
8.567361916820229|871010
8.567361916820229|872010
8.567361916820229|873010
8.567361916820229|874010
8.567361916820229|875010
8.567361916820229|876010
8.567361916820229|877010
8.567361916820229|878010
8.567361916820229|879010
8.567361916820229|880010
8.567361916820229|881010
8.567361916820229|882010
8.567361916820229|883010
8.567361916820229|884010
8.567361916820229|885010
8.567361916820229|886010
8.567361916820229|887010
8.567361916820229|888010
8.567361916820229|889010
8.567361916820229|890010
8.567361916820229|891010
8.567361916820229|892010
8.567361916820229|893010
8.567361916820229|894010
8.567361916820229|895010
8.567361916820229|896010
8.567361916820229|897010
8.567361916820229|898010
8.567361916820229|899010
8.567361916820229|900010
8.567361916820229|901010
8.567361916820229|902010
8.567361916820229|903010
8.567361916820229|904010
8.567361916820229|905010
8.567361916820229|906010
8.567361916820229|907010
8.567361916820229|908010
8.567361916820229|909010
8.567361916820229|910010
8.567361916820229|911010
8.567361916820229|912010
8.567361916820229|913010
8.567361916820229|914010
8.567361916820229|915010
8.567361916820229|916010
8.567361916820229|917010
8.567361916820229|918010
8.567361916820229|919010
8.567361916820229|920010
8.567361916820229|921010
8.567361916820229|922010
8.567361916820229|923010
8.567361916820229|924010
8.567361916820229|925010
8.567361916820229|926010
8.567361916820229|927010
8.567361916820229|928010
8.567361916820229|929010
8.567361916820229|930010
8.567361916820229|931010
8.567361916820229|932010
8.567361916820229|933010
8.567361916820229|934010
8.567361916820229|935010
8.567361916820229|936010
8.567361916820229|937010
8.567361916820229|938010
8.567361916820229|939010
8.567361916820229|940010
8.567361916820229|941010
8.567361916820229|942010
8.567361916820229|943010
8.567361916820229|944010
8.567361916820229|945010
8.567361916820229|946010
8.567361916820229|947010
8.567361916820229|948010
8.567361916820229|949010
8.567361916820229|950010
8.567361916820229|951010
8.567361916820229|952010
8.567361916820229|953010
8.567361916820229|954010
8.567361916820229|955010
8.567361916820229|956010
8.567361916820229|957010
8.567361916820229|958010
8.567361916820229|959010
8.567361916820229|960010
8.567361916820229|961010
8.567361916820229|962010
8.567361916820229|963010
8.567361916820229|964010
8.567361916820229|965010
8.567361916820229|966010
8.567361916820229|967010
8.567361916820229|968010
8.567361916820229|969010
8.567361916820229|970010
8.567361916820229|971010
8.567361916820229|972010
8.567361916820229|973010
8.567361916820229|974010
8.567361916820229|975010
8.567361916820229|976010
8.567361916820229|977010
8.567361916820229|978010
8.567361916820229|979010
8.567361916820229|980010
8.567361916820229|981010
8.567361916820229|982010
8.567361916820229|983010
8.567361916820229|984010
8.567361916820229|985010
8.567361916820229|986010
8.567361916820229|987010
8.567361916820229|988010
8.567361916820229|989010
8.567361916820229|990010
8.567361916820229|991010
8.567361916820229|992010
8.567361916820229|993010
8.567361916820229|994010
8.567361916820229|995010
8.567361916820229|996010
8.567361916820229|997010
8.567361916820229|998010
8.567361916820229|999010
8.567361916820229|1000010
