29.297956079908698|1010
16.453490177617173|2010
15.354239005064931|3010
13.976938115321278|4010
12.936844565691516|5010
12.54477620820103|6010
12.404260930479943|7010
11.494699690122717|8010
11.394692822530546|9010
10.75611458734248|10010
10.75611458734248|11010
10.75611458734248|12010
10.75611458734248|13010
10.75611458734248|14010
10.613719730155196|15010
10.613719730155196|16010
10.613719730155196|17010
10.534430109318805|18010
10.534010505438964|19010
10.534010505438964|20010
10.534010505438964|21010
10.53360800137248|22010
10.53360800137248|23010
10.53360800137248|24010
10.483140488402205|25010
10.483140488402205|26010
10.483140488402201|27010
10.160896022059205|28010
10.156468844366671|29010
10.014572698595279|30010
10.014572698595279|31010
10.014572698595279|32010
10.014572698595279|33010
10.014572698595279|34010
10.014572698595279|35010
10.014572698595279|36010
10.014572698595279|37010
10.014572698595279|38010
10.014572698595279|39010
10.014572698595279|40010
10.014572698595279|41010
10.014572698595279|42010
9.966653586180405|43010
9.966653586180405|44010
9.966653586180405|45010
9.966653586180405|46010
9.966653586180405|47010
9.966653586180405|48010
9.966653586180405|49010
9.966653586180405|50010
9.966653586180405|51010
9.966653586180405|52010
9.966653586180405|53010
9.966653586180405|54010
9.966653586180405|55010
9.966653586180405|56010
9.966653586180405|57010
9.966653586180405|58010
9.966653586180405|59010
9.966653586180405|60010
9.966653586180405|61010
9.966653586180405|62010
9.966653586180405|63010
9.966653586180405|64010
9.966653586180403|65010
9.966653586180403|66010
9.966653586180403|67010
9.966653586180403|68010
9.966653586180403|69010
9.966653586180403|70010
9.966653586180403|71010
9.966653586180403|72010
9.95701869563192|73010
9.95701869563192|74010
9.95701869563192|75010
9.956981332253898|76010
9.956981332253898|77010
9.80873079777245|78010
9.80873079777245|79010
9.80873079777245|80010
9.808730797772448|81010
9.808730797772448|82010
9.808730797772448|83010
9.808730797772448|84010
9.808730797772448|85010
9.605219215117165|86010
9.572412563771904|87010
9.414359559891144|88010
9.305940858621613|89010
9.302407587537672|90010
9.297714295797656|91010
9.297714295797656|92010
9.168385429967103|93010
9.168385429967103|94010
9.168385429967103|95010
9.1683854299671|96010
9.1683854299671|97010
9.1683854299671|98010
9.165940873696805|99010
9.108084973517272|100010
9.108084973517272|101010
9.102654872427525|102010
9.102654872427525|103010
9.102654872427525|104010
9.102654872427525|105010
9.102654872427525|106010
9.102654872427525|107010
9.102654872427525|108010
9.102654872427525|109010
8.966940076387763|110010
8.966940076387763|111010
8.966940076387763|112010
8.966940076387763|113010
8.966940076387763|114010
8.966940076387763|115010
8.966940076387763|116010
8.966940076387763|117010
8.966940076387763|118010
8.966940076387763|119010
8.966940076387763|120010
8.966940076387763|121010
8.966940076387763|122010
8.966940076387763|123010
8.966940076387763|124010
8.966940076387763|125010
8.966940076387763|126010
8.966940076387763|127010
8.955911206427654|128010
8.955911206427654|129010
8.955911206427654|130010
8.955911206427654|131010
8.955911206427654|132010
8.955911206427654|133010
8.955911206427654|134010
8.955911206427654|135010
8.955911206427654|136010
8.955911206427654|137010
8.955911206427654|138010
8.955911206427654|139010
8.955911206427654|140010
8.955911206427654|141010
8.955911206427654|142010
8.955911206427654|143010
8.955911206427654|144010
8.955911206427654|145010
8.955911206427654|146010
8.955911206427654|147010
8.955911206427654|148010
8.955911206427654|149010
8.955911206427654|150010
8.955911206427654|151010
8.955911206427654|152010
8.955911206427654|153010
8.955911206427654|154010
8.955911206427654|155010
8.955911206427654|156010
8.955911206427654|157010
8.955911206427654|158010
8.955911206427654|159010
8.955911206427654|160010
8.955911206427654|161010
8.955911206427654|162010
8.955911206427654|163010
8.955911206427654|164010
8.955911206427654|165010
8.955911206427654|166010
8.955911206427654|167010
8.955911206427654|168010
8.955911206427654|169010
8.955911206427654|170010
8.955911206427654|171010
8.955911206427654|172010
8.955911206427654|173010
8.955911206427654|174010
8.955911206427654|175010
8.955911206427654|176010
8.955911206427654|177010
8.955911206427654|178010
8.955911206427654|179010
8.955911206427654|180010
8.955911206427654|181010
8.955911206427654|182010
8.955911206427654|183010
8.955911206427654|184010
8.955911206427654|185010
8.955911206427654|186010
8.955911206427654|187010
8.955911206427654|188010
8.955911206427654|189010
8.955911206427654|190010
8.955911206427654|191010
8.955911206427654|192010
8.955911206427654|193010
8.955911206427654|194010
8.955911206427654|195010
8.955911206427654|196010
8.955911206427654|197010
8.955911206427654|198010
8.955911206427654|199010
8.955911206427654|200010
8.955911206427654|201010
8.955911206427654|202010
8.955911206427654|203010
8.955911206427654|204010
8.955911206427654|205010
8.955911206427654|206010
8.955911206427654|207010
8.955911206427654|208010
8.955911206427654|209010
8.955911206427654|210010
8.955911206427654|211010
8.955911206427654|212010
8.955911206427654|213010
8.955911206427654|214010
8.955911206427654|215010
8.955911206427654|216010
8.955911206427654|217010
8.955911206427654|218010
8.955911206427654|219010
8.955911206427654|220010
8.955911206427654|221010
8.955911206427654|222010
8.955911206427654|223010
8.955911206427654|224010
8.955911206427654|225010
8.955911206427654|226010
8.955911206427654|227010
8.955911206427654|228010
8.955911206427654|229010
8.955911206427654|230010
8.955911206427654|231010
8.955911206427654|232010
8.955911206427654|233010
8.955911206427654|234010
8.955911206427654|235010
8.955911206427654|236010
8.955911206427654|237010
8.955911206427654|238010
8.955911206427654|239010
8.955911206427654|240010
8.955911206427654|241010
8.955911206427654|242010
8.955911206427654|243010
8.955911206427654|244010
8.955911206427654|245010
8.955911206427654|246010
8.955911206427654|247010
8.955911206427654|248010
8.955911206427654|249010
8.955911206427654|250010
8.955911206427654|251010
8.955911206427654|252010
8.955911206427654|253010
8.955911206427654|254010
8.955911206427654|255010
8.955911206427654|256010
8.955911206427654|257010
8.955911206427654|258010
8.955911206427654|259010
8.955911206427654|260010
8.955911206427654|261010
8.955911206427654|262010
8.955911206427654|263010
8.955911206427654|264010
8.955911206427654|265010
8.955911206427654|266010
8.955911206427654|267010
8.955911206427654|268010
8.955911206427654|269010
8.955911206427654|270010
8.955911206427654|271010
8.955911206427654|272010
8.955911206427654|273010
8.955911206427654|274010
8.955911206427654|275010
8.955911206427654|276010
8.955911206427654|277010
8.955911206427654|278010
8.955911206427654|279010
8.955911206427654|280010
8.955911206427654|281010
8.955911206427654|282010
8.955911206427654|283010
8.955911206427654|284010
8.955911206427654|285010
8.955911206427654|286010
8.955911206427654|287010
8.955911206427654|288010
8.955911206427654|289010
8.955911206427654|290010
8.955911206427654|291010
8.955911206427654|292010
8.955911206427654|293010
8.955911206427654|294010
8.955911206427654|295010
8.955911206427654|296010
8.955911206427654|297010
8.955911206427654|298010
8.955911206427654|299010
8.955911206427654|300010
8.955911206427654|301010
8.955911206427654|302010
8.955911206427654|303010
8.955911206427654|304010
8.955911206427654|305010
8.955911206427654|306010
8.955911206427654|307010
8.955911206427654|308010
8.955911206427654|309010
8.955911206427654|310010
8.955911206427654|311010
8.955911206427654|312010
8.955911206427654|313010
8.955911206427654|314010
8.955911206427654|315010
8.955911206427654|316010
8.955911206427654|317010
8.867067836248012|318010
8.867067836248012|319010
8.867067836248012|320010
8.867067836248012|321010
8.867067836248012|322010
8.867067836248012|323010
8.867067836248012|324010
8.867067836248012|325010
8.867067836248012|326010
8.867067836248012|327010
8.867067836248012|328010
8.867067836248012|329010
8.867067836248012|330010
8.867067836248012|331010
8.867067836248012|332010
8.867067836248012|333010
8.867067836248012|334010
8.867067836248012|335010
8.867067836248012|336010
8.867067836248012|337010
8.867067836248012|338010
8.867067836248012|339010
8.867067836248012|340010
8.867067836248012|341010
8.867067836248012|342010
8.86706783624801|343010
8.86706783624801|344010
8.86706783624801|345010
8.86706783624801|346010
8.86706783624801|347010
8.86706783624801|348010
8.86706783624801|349010
8.86706783624801|350010
8.86706783624801|351010
8.735805312494161|352010
8.735805312494161|353010
8.735805312494161|354010
8.735805312494161|355010
8.735805312494161|356010
8.72176500887226|357010
8.72176500887226|358010
8.721765008872259|359010
8.721765008872259|360010
8.721765008872259|361010
8.699719398616617|362010
8.574053383423179|363010
8.574053383423179|364010
8.574053383423179|365010
8.574053383423179|366010
8.574053383423179|367010
8.574053383423179|368010
8.573731484889688|369010
8.573731484889688|370010
8.573731484889688|371010
8.573731484889688|372010
8.573731484889688|373010
8.573731484889688|374010
8.573731484889688|375010
8.573731484889688|376010
8.573731484889688|377010
8.573731484889688|378010
8.573731484889688|379010
8.573731484889688|380010
8.573731484889688|381010
8.573731484889688|382010
8.573731484889688|383010
8.573731484889688|384010
8.573731484889688|385010
8.573731484889688|386010
8.573731484889688|387010
8.573731484889688|388010
8.573731484889688|389010
8.573731484889688|390010
8.573731484889688|391010
8.573731484889688|392010
8.573731484889688|393010
8.573731484889688|394010
8.573731484889688|395010
8.573731484889688|396010
8.573731484889688|397010
8.573731484889688|398010
8.573731484889688|399010
8.573731484889688|400010
8.573731484889688|401010
8.573731484889688|402010
8.573731484889688|403010
8.573731484889688|404010
8.573731484889688|405010
8.573731484889688|406010
8.573731484889688|407010
8.573731484889688|408010
8.573731484889688|409010
8.573731484889688|410010
8.573731484889688|411010
8.573731484889688|412010
8.573731484889688|413010
8.573731484889688|414010
8.572369014284835|415010
8.572369014284835|416010
8.57132844987544|417010
8.57132844987544|418010
8.45590038423834|419010
8.39609461291417|420010
8.39609461291417|421010
8.39609461291417|422010
8.39609461291417|423010
8.39609461291417|424010
8.39609461291417|425010
8.389569061398168|426010
8.265234821319037|427010
8.265234821319035|428010
8.265234821319035|429010
8.265234821319034|430010
8.265234821319034|431010
8.265234821319034|432010
8.265234821319034|433010
8.265234821319034|434010
8.265234821319034|435010
8.265234821319034|436010
8.265234821319034|437010
8.265234821319034|438010
8.265234821319034|439010
8.265234821319034|440010
8.265234821319034|441010
8.265234821319034|442010
8.265234821319034|443010
8.265234821319034|444010
8.265234821319034|445010
8.265234821319034|446010
8.265234821319034|447010
8.265234821319034|448010
8.265234821319034|449010
8.265234821319034|450010
8.265234821319034|451010
8.265234821319034|452010
8.265234821319034|453010
8.265234821319034|454010
8.265234821319034|455010
8.265234821319034|456010
8.265234821319034|457010
8.265234821319034|458010
8.265234821319034|459010
8.265234821319034|460010
8.265234821319034|461010
8.265234821319034|462010
8.265234821319034|463010
8.265234821319034|464010
8.265234821319034|465010
8.265234821319034|466010
8.265234821319034|467010
8.264508551349648|468010
8.139734811075257|469010
8.139734811075257|470010
8.139734811075254|471010
8.139734811075254|472010
8.139734811075254|473010
8.139734811075254|474010
8.139734811075254|475010
8.139734811075254|476010
8.139734811075254|477010
8.139734811075254|478010
8.139734811075254|479010
8.139734811075254|480010
8.139734811075254|481010
8.139734811075254|482010
8.139734811075254|483010
8.139734811075254|484010
8.139734811075254|485010
8.139734811075254|486010
8.139734811075254|487010
8.139734811075254|488010
8.139734811075254|489010
8.139734811075254|490010
8.139734811075254|491010
8.139734811075254|492010
8.139734811075254|493010
8.139734811075254|494010
8.139734811075254|495010
8.139734811075254|496010
8.139734811075254|497010
8.139734811075254|498010
8.139734811075254|499010
8.139734811075254|500010
8.139734811075254|501010
8.139734811075254|502010
8.139734811075254|503010
8.139734811075254|504010
8.139734811075254|505010
8.139734811075254|506010
8.139734811075254|507010
8.139734811075254|508010
8.139734811075254|509010
8.139734811075254|510010
8.139734811075254|511010
8.139734811075254|512010
8.139734811075254|513010
8.139734811075254|514010
8.139734811075254|515010
8.139734811075254|516010
8.139734811075254|517010
8.139734811075254|518010
8.139734811075254|519010
8.139734811075254|520010
8.139734811075254|521010
8.139734811075254|522010
8.139734811075254|523010
8.139734811075254|524010
8.139734811075254|525010
8.139734811075254|526010
8.139734811075254|527010
8.139734811075254|528010
8.139734811075254|529010
8.139734811075254|530010
8.139734811075254|531010
8.139734811075254|532010
8.139734811075254|533010
8.139734811075254|534010
8.139734811075254|535010
8.139734811075254|536010
8.139734811075254|537010
8.139734811075254|538010
8.139734811075254|539010
8.139734811075254|540010
8.139734811075254|541010
8.139734811075254|542010
8.139734811075254|543010
8.139734811075254|544010
8.139734811075254|545010
8.139734811075254|546010
8.139734811075254|547010
8.139734811075254|548010
8.139734811075254|549010
8.139734811075254|550010
8.139734811075254|551010
8.139734811075254|552010
8.139734811075254|553010
8.139734811075254|554010
8.139734811075254|555010
8.139734811075254|556010
8.139734811075254|557010
8.139734811075254|558010
8.139734811075254|559010
8.139734811075254|560010
8.139734811075254|561010
8.139734811075254|562010
8.139734811075254|563010
8.139734811075254|564010
8.139734811075254|565010
8.139734811075254|566010
8.139734811075254|567010
8.139734811075254|568010
8.139734811075254|569010
8.139734811075254|570010
8.139734811075254|571010
8.139734811075254|572010
8.139734811075254|573010
8.139734811075254|574010
8.139734811075254|575010
8.139734811075254|576010
8.139734811075254|577010
8.139734811075254|578010
8.139734811075254|579010
8.139734811075254|580010
8.139734811075254|581010
8.139734811075254|582010
8.139734811075254|583010
8.139734811075254|584010
8.139734811075254|585010
8.139734811075254|586010
8.139734811075254|587010
8.139734811075254|588010
8.139734811075254|589010
8.139734811075254|590010
8.139734811075254|591010
8.139734811075254|592010
8.139734811075254|593010
8.139734811075254|594010
8.139734811075254|595010
8.139734811075254|596010
8.139734811075254|597010
8.139734811075254|598010
8.139734811075254|599010
8.139734811075254|600010
8.139734811075254|601010
8.139734811075254|602010
8.139734811075254|603010
8.139734811075254|604010
8.139734811075254|605010
8.139734811075254|606010
8.139734811075254|607010
8.139734811075254|608010
8.139734811075254|609010
8.139734811075254|610010
8.139734811075254|611010
8.139734811075254|612010
8.139734811075254|613010
8.139734811075254|614010
8.139734811075254|615010
8.139734811075254|616010
8.139734811075254|617010
8.139734811075254|618010
8.139734811075254|619010
8.139734811075254|620010
8.139734811075254|621010
8.139734811075254|622010
8.139734811075254|623010
8.139734811075254|624010
8.139734811075254|625010
8.139734811075254|626010
8.139734811075254|627010
8.139734811075254|628010
8.139734811075254|629010
8.139734811075254|630010
8.139734811075254|631010
8.139734811075254|632010
8.139734811075254|633010
8.139734811075254|634010
8.139734811075254|635010
8.139734811075254|636010
8.139734811075254|637010
8.139734811075254|638010
8.139734811075254|639010
8.139734811075254|640010
8.139734811075254|641010
8.139734811075254|642010
8.139734811075254|643010
8.139734811075254|644010
8.139734811075254|645010
8.139734811075254|646010
8.139734811075254|647010
8.139734811075254|648010
8.139734811075254|649010
8.139734811075254|650010
8.139734811075254|651010
8.139734811075254|652010
8.139734811075254|653010
8.139734811075254|654010
8.139734811075254|655010
8.139734811075254|656010
8.139734811075254|657010
8.139734811075254|658010
8.139734811075254|659010
8.139734811075254|660010
8.139734811075254|661010
8.139734811075254|662010
8.139734811075254|663010
8.139734811075254|664010
8.139734811075254|665010
8.139734811075254|666010
8.139734811075254|667010
8.139734811075254|668010
8.139734811075254|669010
8.139734811075254|670010
8.139734811075254|671010
8.139734811075254|672010
8.139734811075254|673010
8.139734811075254|674010
8.139734811075254|675010
8.139734811075254|676010
8.139734811075254|677010
8.139734811075254|678010
8.139734811075254|679010
8.139734811075254|680010
8.139734811075254|681010
8.139734811075254|682010
8.139734811075254|683010
8.139734811075254|684010
8.139734811075254|685010
8.139734811075254|686010
8.139734811075254|687010
8.139734811075254|688010
8.139734811075254|689010
8.139734811075254|690010
8.139734811075254|691010
8.139734811075254|692010
8.139734811075254|693010
8.139734811075254|694010
8.139734811075254|695010
8.139734811075254|696010
8.139734811075254|697010
8.139734811075254|698010
8.139734811075254|699010
8.139734811075254|700010
8.139734811075254|701010
8.139734811075254|702010
8.139734811075254|703010
8.139734811075254|704010
8.139734811075254|705010
8.139734811075254|706010
8.139734811075254|707010
8.139734811075254|708010
8.139734811075254|709010
8.139734811075254|710010
8.139734811075254|711010
8.139734811075254|712010
8.139734811075254|713010
8.139734811075254|714010
8.139734811075254|715010
8.139734811075254|716010
8.139734811075254|717010
8.139734811075254|718010
8.139734811075254|719010
8.139734811075254|720010
8.139734811075254|721010
8.139734811075254|722010
8.139734811075254|723010
8.139734811075254|724010
8.139734811075254|725010
8.139734811075254|726010
8.139734811075254|727010
8.139734811075254|728010
8.139734811075254|729010
8.139734811075254|730010
8.139734811075254|731010
8.139734811075254|732010
8.139734811075254|733010
8.139734811075254|734010
8.139734811075254|735010
8.139734811075254|736010
8.139734811075254|737010
8.139734811075254|738010
8.139734811075254|739010
8.139734811075254|740010
8.139734811075254|741010
8.139734811075254|742010
8.139734811075254|743010
8.139734811075254|744010
8.139734811075254|745010
8.139734811075254|746010
8.139734811075254|747010
8.139734811075254|748010
8.139734811075254|749010
8.139734811075254|750010
8.139734811075254|751010
8.139734811075254|752010
8.139734811075254|753010
8.139734811075254|754010
8.139734811075254|755010
8.139734811075254|756010
8.139734811075254|757010
8.139734811075254|758010
8.139734811075254|759010
8.139734811075254|760010
8.139734811075254|761010
8.139734811075254|762010
8.139734811075254|763010
8.139734811075254|764010
8.139734811075254|765010
8.139734811075254|766010
8.139734811075254|767010
8.139734811075254|768010
8.139734811075254|769010
8.139734811075254|770010
8.139734811075254|771010
8.139734811075254|772010
8.139734811075254|773010
8.139734811075254|774010
8.139734811075254|775010
8.139734811075254|776010
8.139734811075254|777010
8.139734811075254|778010
8.139734811075254|779010
8.139734811075254|780010
8.139734811075254|781010
8.139734811075254|782010
8.139734811075254|783010
8.139734811075254|784010
8.139734811075254|785010
8.139734811075254|786010
8.139734811075254|787010
8.139734811075254|788010
8.139734811075254|789010
8.139734811075254|790010
8.139734811075254|791010
8.139734811075254|792010
8.139734811075254|793010
8.139734811075254|794010
8.139734811075254|795010
8.139734811075254|796010
8.139734811075254|797010
8.139734811075254|798010
8.139734811075254|799010
8.139734811075254|800010
8.139734811075254|801010
8.139734811075254|802010
8.139734811075254|803010
8.139734811075254|804010
8.139734811075254|805010
8.139734811075254|806010
8.139734811075254|807010
8.139734811075254|808010
8.139734811075254|809010
8.139734811075254|810010
8.139734811075254|811010
8.139734811075254|812010
8.139734811075254|813010
8.139734811075254|814010
8.139734811075254|815010
8.139734811075254|816010
8.139734811075254|817010
8.139734811075254|818010
8.139734811075254|819010
8.139734811075254|820010
8.139734811075254|821010
8.139734811075254|822010
8.139734811075254|823010
8.139734811075254|824010
8.139734811075254|825010
8.139734811075254|826010
8.139734811075254|827010
8.139734811075254|828010
8.139734811075254|829010
8.139734811075254|830010
8.139734811075254|831010
8.139734811075254|832010
8.139734811075254|833010
8.139734811075254|834010
8.139734811075254|835010
8.139734811075254|836010
8.139734811075254|837010
8.139734811075254|838010
8.139734811075254|839010
8.139734811075254|840010
8.139734811075254|841010
8.139734811075254|842010
8.139734811075254|843010
8.139734811075254|844010
8.139734811075254|845010
8.139734811075254|846010
8.139734811075254|847010
8.139734811075254|848010
8.139734811075254|849010
8.139734811075254|850010
8.139734811075254|851010
8.139734811075254|852010
8.139734811075254|853010
8.139734811075254|854010
8.139734811075254|855010
8.139734811075254|856010
8.139734811075254|857010
8.139734811075254|858010
8.139734811075254|859010
8.139734811075254|860010
8.139734811075254|861010
8.139734811075254|862010
8.139734811075254|863010
8.139734811075254|864010
8.139734811075254|865010
8.139734811075254|866010
8.139734811075254|867010
8.139734811075254|868010
8.139734811075254|869010
8.139734811075254|870010
8.139734811075254|871010
8.139734811075254|872010
8.139734811075254|873010
8.139734811075254|874010
8.139734811075254|875010
8.139734811075254|876010
8.139734811075254|877010
8.139734811075254|878010
8.139734811075254|879010
8.139734811075254|880010
8.139734811075254|881010
8.139734811075254|882010
8.139734811075254|883010
8.139734811075254|884010
8.139734811075254|885010
8.139734811075254|886010
8.139734811075254|887010
8.139734811075254|888010
8.139734811075254|889010
8.139734811075254|890010
8.139734811075254|891010
8.139734811075254|892010
8.139734811075254|893010
8.139734811075254|894010
8.139734811075254|895010
8.139734811075254|896010
8.139734811075254|897010
8.139734811075254|898010
8.139734811075254|899010
8.139734811075254|900010
8.139734811075254|901010
8.139734811075254|902010
8.139734811075254|903010
8.139734811075254|904010
8.139734811075254|905010
8.139734811075254|906010
8.139734811075254|907010
8.139734811075254|908010
8.139734811075254|909010
8.139734811075254|910010
8.139734811075254|911010
8.139734811075254|912010
8.139734811075254|913010
8.139734811075254|914010
8.139734811075254|915010
8.139734811075254|916010
8.139734811075254|917010
8.139734811075254|918010
8.139734811075254|919010
8.139734811075254|920010
8.139734811075254|921010
8.139734811075254|922010
8.139734811075254|923010
8.139734811075254|924010
8.139734811075254|925010
8.139734811075254|926010
8.139734811075254|927010
8.139734811075254|928010
8.139734811075254|929010
8.139734811075254|930010
8.139734811075254|931010
8.139734811075254|932010
8.139734811075254|933010
8.139734811075254|934010
8.139734811075254|935010
8.139734811075254|936010
8.139734811075254|937010
8.139734811075254|938010
8.139734811075254|939010
8.139734811075254|940010
8.139734811075254|941010
8.139734811075254|942010
8.139734811075254|943010
8.139734811075254|944010
8.139734811075254|945010
8.139734811075254|946010
8.139734811075254|947010
8.139734811075254|948010
8.139734811075254|949010
8.139734811075254|950010
8.139734811075254|951010
8.139734811075254|952010
8.139734811075254|953010
8.139734811075254|954010
8.139734811075254|955010
8.139734811075254|956010
8.139734811075254|957010
8.139734811075254|958010
8.139734811075254|959010
8.139734811075254|960010
8.139734811075254|961010
8.139734811075254|962010
8.139734811075254|963010
8.139734811075254|964010
8.139734811075254|965010
8.139734811075254|966010
8.139734811075254|967010
8.139734811075254|968010
8.139734811075254|969010
8.139734811075254|970010
8.139734811075254|971010
8.139734811075254|972010
8.139734811075254|973010
8.139734811075254|974010
8.139734811075254|975010
8.139734811075254|976010
8.139734811075254|977010
8.139734811075254|978010
8.139734811075254|979010
8.139734811075254|980010
8.139734811075254|981010
8.139734811075254|982010
8.139734811075254|983010
8.139734811075254|984010
8.139734811075254|985010
8.139734811075254|986010
8.139734811075254|987010
8.139734811075254|988010
8.139734811075254|989010
8.139734811075254|990010
8.139734811075254|991010
8.139734811075254|992010
8.139734811075254|993010
8.139734811075254|994010
8.139734811075254|995010
8.139734811075254|996010
8.139734811075254|997010
8.139734811075254|998010
8.139734811075254|999010
8.139734811075254|1000010
