24.685277619483497|2000
24.685277619483497|3000
23.03332079898542|4000
23.03332079898542|5000
23.03332079898542|6000
23.03332079898542|7000
23.03332079898542|8000
21.6643081993059|9000
21.6643081993059|10000
21.6643081993059|11000
21.6643081993059|12000
21.6643081993059|13000
21.6643081993059|14000
21.6643081993059|15000
21.637882228537528|16000
21.637882228537528|17000
21.637882228537528|18000
21.297898705198282|19000
20.57676765005458|20000
20.57676765005458|21000
20.57676765005458|22000
20.57676765005458|23000
20.072384824002604|24000
20.072384824002604|25000
20.072384824002604|26000
20.072384824002604|27000
20.072384824002604|28000
20.072384824002604|29000
20.072384824002604|30000
19.930049571463172|31000
19.930049571463172|32000
19.69245072904914|33000
19.69245072904914|34000
19.36396256693003|35000
19.36396256693003|36000
19.22475370239862|37000
19.22475370239862|38000
18.777747331388603|39000
18.777747331388603|40000
18.777747331388603|41000
18.777747331388603|42000
18.777747331388603|43000
18.777747331388603|44000
18.587622133428745|45000
18.587622133428745|46000
18.587622133428745|47000
18.587622133428745|48000
18.587622133428745|49000
18.587622133428745|50000
18.52062850874468|51000
17.569191650159716|52000
17.569191650159716|53000
17.569191650159716|54000
17.569191650159716|55000
17.569191650159716|56000
17.569191650159716|57000
17.569191650159716|58000
16.660221658726655|59000
16.660221658726655|60000
16.660221658726655|61000
16.660221658726655|62000
16.660221658726655|63000
16.660221658726655|64000
16.660221658726655|65000
16.660221658726655|66000
16.660221658726655|67000
16.660221658726655|68000
16.660221658726655|69000
16.660221658726655|70000
16.660221658726655|71000
16.660221658726655|72000
16.660221658726655|73000
16.660221658726655|74000
16.660221658726655|75000
16.660221658726655|76000
16.660221658726655|77000
16.660221658726655|78000
16.660221658726655|79000
16.660221658726655|80000
16.660221658726655|81000
16.660221658726655|82000
16.660221658726655|83000
16.660221658726655|84000
16.660221658726655|85000
16.660221658726655|86000
16.660221658726655|87000
16.660221658726655|88000
16.660221658726655|89000
16.660221658726655|90000
16.660221658726655|91000
16.660221658726655|92000
16.660221658726655|93000
16.660221658726655|94000
16.660221658726655|95000
16.660221658726655|96000
16.660221658726655|97000
16.660221658726655|98000
16.660221658726655|99000
16.660221658726655|100000
16.660221658726655|101000
16.660221658726655|102000
16.660221658726655|103000
16.660221658726655|104000
16.660221658726655|105000
16.660221658726655|106000
16.660221658726655|107000
16.660221658726655|108000
16.660221658726655|109000
16.24295435399666|110000
16.24295435399666|111000
15.797043994575876|112000
15.797043994575876|113000
15.797043994575876|114000
15.797043994575876|115000
15.797043994575876|116000
15.797043994575876|117000
15.797043994575876|118000
15.797043994575876|119000
15.797043994575876|120000
15.797043994575876|121000
15.797043994575876|122000
15.797043994575876|123000
15.797043994575876|124000
15.797043994575876|125000
15.797043994575876|126000
15.797043994575876|127000
15.797043994575876|128000
15.797043994575876|129000
15.797043994575876|130000
15.797043994575876|131000
15.797043994575876|132000
15.797043994575876|133000
15.797043994575876|134000
15.797043994575876|135000
15.797043994575876|136000
15.797043994575876|137000
15.797043994575876|138000
15.797043994575876|139000
15.797043994575876|140000
15.797043994575876|141000
15.797043994575876|142000
15.472943540064758|143000
15.472943540064758|144000
15.472943540064758|145000
15.472943540064758|146000
15.472943540064758|147000
15.472943540064758|148000
15.472943540064758|149000
15.472943540064758|150000
15.26807981268511|151000
15.26807981268511|152000
15.26807981268511|153000
15.26807981268511|154000
15.178071248739561|155000
15.178071248739561|156000
15.178071248739561|157000
15.16170738653101|158000
14.503495839657724|159000
14.503495839657724|160000
14.503495839657724|161000
14.503495839657724|162000
14.503495839657724|163000
14.503495839657724|164000
14.503495839657724|165000
14.503495839657724|166000
14.503495839657724|167000
14.503495839657724|168000
14.503495839657724|169000
14.503495839657724|170000
14.503495839657724|171000
14.05960062599491|172000
14.05960062599491|173000
14.05960062599491|174000
13.821578108041223|175000
13.821578108041223|176000
13.821578108041223|177000
13.821578108041223|178000
13.821578108041223|179000
13.821578108041223|180000
13.821578108041223|181000
13.821578108041223|182000
13.821578108041223|183000
13.821578108041223|184000
13.821578108041223|185000
13.821578108041223|186000
13.821578108041223|187000
13.821578108041223|188000
13.821578108041223|189000
13.821578108041223|190000
13.821578108041223|191000
13.821578108041223|192000
13.821578108041223|193000
13.821578108041223|194000
13.821578108041223|195000
13.821578108041223|196000
13.821578108041223|197000
13.59091518656659|198000
13.59091518656659|199000
13.59091518656659|200000
13.59091518656659|201000
13.59091518656659|202000
13.59091518656659|203000
13.59091518656659|204000
13.59091518656659|205000
13.59091518656659|206000
13.59091518656659|207000
13.59091518656659|208000
13.59091518656659|209000
13.04898288916624|210000
13.04898288916624|211000
13.04898288916624|212000
13.04898288916624|213000
13.04898288916624|214000
13.04898288916624|215000
13.04898288916624|216000
13.04898288916624|217000
13.04898288916624|218000
13.04898288916624|219000
13.04898288916624|220000
13.04898288916624|221000
13.04898288916624|222000
13.04898288916624|223000
12.93516749194683|224000
12.93516749194683|225000
12.93516749194683|226000
12.93516749194683|227000
12.93516749194683|228000
12.93516749194683|229000
12.93516749194683|230000
12.93516749194683|231000
12.93516749194683|232000
12.93516749194683|233000
12.93516749194683|234000
12.93516749194683|235000
12.555145222544327|236000
12.555145222544327|237000
12.555145222544327|238000
12.555145222544327|239000
12.555145222544327|240000
12.555145222544327|241000
12.555145222544327|242000
12.555145222544327|243000
12.555145222544327|244000
12.555145222544327|245000
12.555145222544327|246000
12.555145222544327|247000
12.555145222544327|248000
12.555145222544327|249000
12.555145222544327|250000
12.555145222544327|251000
12.555145222544327|252000
12.555145222544327|253000
12.555145222544327|254000
12.555145222544327|255000
12.555145222544327|256000
12.555145222544327|257000
12.555145222544327|258000
12.555145222544327|259000
12.555145222544327|260000
12.555145222544327|261000
12.555145222544327|262000
12.555145222544327|263000
12.555145222544327|264000
12.555145222544327|265000
12.546118846516219|266000
12.546118846516219|267000
12.546118846516219|268000
12.546118846516219|269000
12.546118846516219|270000
12.546118846516219|271000
12.546118846516219|272000
12.183777423392248|273000
12.183777423392248|274000
12.183777423392248|275000
12.183777423392248|276000
12.183777423392248|277000
12.183777423392248|278000
12.183777423392248|279000
12.183777423392248|280000
12.013234224645082|281000
11.784922992975998|282000
11.784922992975998|283000
11.784922992975998|284000
11.784922992975998|285000
11.784922992975998|286000
11.784922992975998|287000
11.784922992975998|288000
11.784922992975998|289000
10.83909345654876|290000
10.83909345654876|291000
10.83909345654876|292000
10.83909345654876|293000
10.83909345654876|294000
10.83909345654876|295000
10.83909345654876|296000
10.83909345654876|297000
10.83909345654876|298000
10.83909345654876|299000
10.83909345654876|300000
10.83909345654876|301000
10.83909345654876|302000
10.83909345654876|303000
10.83909345654876|304000
10.83909345654876|305000
10.83909345654876|306000
10.83909345654876|307000
10.83909345654876|308000
10.83909345654876|309000
10.83909345654876|310000
10.83909345654876|311000
10.83909345654876|312000
10.83909345654876|313000
10.83909345654876|314000
10.83909345654876|315000
10.83909345654876|316000
10.83909345654876|317000
10.83909345654876|318000
10.83909345654876|319000
10.83909345654876|320000
10.83909345654876|321000
10.83909345654876|322000
10.83909345654876|323000
10.83909345654876|324000
10.83909345654876|325000
10.83909345654876|326000
10.83909345654876|327000
10.83909345654876|328000
10.83909345654876|329000
10.83909345654876|330000
10.83909345654876|331000
10.83909345654876|332000
10.83909345654876|333000
10.83909345654876|334000
10.83909345654876|335000
10.83909345654876|336000
10.83909345654876|337000
10.83909345654876|338000
10.83909345654876|339000
10.83909345654876|340000
10.83909345654876|341000
10.83909345654876|342000
10.83909345654876|343000
10.719632793067731|344000
10.719632793067731|345000
10.719632793067731|346000
10.719632793067731|347000
10.719632793067731|348000
10.719632793067731|349000
10.719632793067731|350000
10.374410390868663|351000
10.374410390868663|352000
10.374410390868663|353000
10.374410390868663|354000
10.374410390868663|355000
10.374410390868663|356000
10.349902030908972|357000
10.349902030908972|358000
10.349902030908972|359000
9.930824901535264|360000
9.930824901535264|361000
9.930824901535264|362000
9.930824901535264|363000
9.930824901535264|364000
9.930824901535264|365000
9.930824901535264|366000
9.930824901535264|367000
9.930824901535264|368000
9.930824901535264|369000
9.930824901535264|370000
9.819957712682205|371000
9.819957712682205|372000
9.819957712682205|373000
9.819957712682205|374000
9.819957712682205|375000
9.819957712682205|376000
9.819957712682205|377000
9.819957712682205|378000
9.819957712682205|379000
9.800702833312448|380000
9.800702833312448|381000
9.800702833312448|382000
9.800702833312448|383000
9.800702833312448|384000
9.800702833312448|385000
9.676126215624047|386000
9.676126215624047|387000
9.676126215624047|388000
9.676126215624047|389000
9.516055882091486|390000
9.516055882091486|391000
9.516055882091486|392000
9.516055882091486|393000
9.516055882091486|394000
9.516055882091486|395000
9.516055882091486|396000
9.516055882091486|397000
9.516055882091486|398000
9.516055882091486|399000
9.498124277964502|400000
9.498124277964502|401000
9.498124277964502|402000
9.259602321851439|403000
9.259602321851439|404000
9.255176591015893|405000
9.255176591015893|406000
9.255176591015893|407000
9.135159127618579|408000
9.135159127618579|409000
9.135159127618579|410000
9.135159127618579|411000
9.135159127618579|412000
9.135159127618579|413000
9.135159127618579|414000
9.135159127618579|415000
9.03021969272974|416000
9.03021969272974|417000
9.03021969272974|418000
9.03021969272974|419000
9.03021969272974|420000
9.03021969272974|421000
9.03021969272974|422000
9.03021969272974|423000
9.03021969272974|424000
9.03021969272974|425000
9.016520448302055|426000
9.016520448302055|427000
9.01631151335904|428000
8.883035811625797|429000
8.883035811625797|430000
8.883035811625797|431000
8.883035811625797|432000
8.881147563647014|433000
8.824003267053943|434000
8.721088534122652|435000
8.721088534122652|436000
8.721088534122652|437000
8.721088534122652|438000
8.721088534122652|439000
8.712729684382039|440000
8.712729684382039|441000
8.712729684382039|442000
8.67795886833317|443000
8.67795886833317|444000
8.67795886833317|445000
8.67795886833317|446000
8.67795886833317|447000
8.67795886833317|448000
8.67795886833317|449000
8.67795886833317|450000
8.67795886833317|451000
8.67795886833317|452000
8.67795886833317|453000
8.677958868333167|454000
8.584673398830368|455000
8.584673398830368|456000
8.584673398830368|457000
8.584673398830368|458000
8.584673398830368|459000
8.584673398830368|460000
8.584673398830368|461000
8.584673398830368|462000
8.549902582781499|463000
8.549902582781499|464000
8.549902582781499|465000
8.549902582781499|466000
8.549902582781499|467000
8.549902582781499|468000
8.549902582781499|469000
8.549902582781499|470000
8.549902582781499|471000
8.549902582781499|472000
8.512872765844023|473000
8.512872765844023|474000
8.51287276584402|475000
8.51287276584402|476000
8.51287276584402|477000
8.51287276584402|478000
8.51287276584402|479000
8.51287276584402|480000
8.51287276584402|481000
8.51287276584402|482000
8.51287276584402|483000
8.51287276584402|484000
8.51287276584402|485000
8.51287276584402|486000
8.51287276584402|487000
8.51287276584402|488000
8.494885049029008|489000
8.494885049029008|490000
8.494885049029008|491000
8.493110227616649|492000
8.493110227616649|493000
8.493110227616649|494000
8.493110227616649|495000
8.493110227616645|496000
8.493110227616645|497000
8.493110227616645|498000
8.493110227616645|499000
8.493110227616645|500000
8.312621784224547|501000
8.312621784224547|502000
8.312621784224547|503000
8.312621784224547|504000
8.312621784224547|505000
8.312621784224547|506000
8.312621784224547|507000
8.312621784224547|508000
8.312621784224547|509000
8.312621784224547|510000
8.312621784224547|511000
8.312621784224547|512000
8.312621784224547|513000
8.312621784224547|514000
8.312621784224547|515000
8.312621784224547|516000
8.312621784224547|517000
8.312621784224547|518000
8.312621784224547|519000
8.312621784224547|520000
8.312621784224547|521000
8.312621784224547|522000
8.312621784224547|523000
8.312621784224547|524000
8.312621784224547|525000
8.312621784224547|526000
8.312621784224547|527000
8.312621784224547|528000
8.312621784224547|529000
8.312621784224547|530000
8.312621784224547|531000
8.312621784224547|532000
8.312621784224547|533000
8.312621784224547|534000
8.312621784224547|535000
8.312621784224547|536000
8.312621784224547|537000
8.312621784224547|538000
8.312621784224547|539000
8.312621784224547|540000
8.312621784224547|541000
8.312621784224547|542000
8.312621784224547|543000
8.312621784224547|544000
8.312621784224547|545000
8.312621784224547|546000
8.312621784224547|547000
8.312621784224547|548000
8.312621784224547|549000
8.312621784224547|550000
8.312621784224547|551000
8.312621784224547|552000
8.312621784224547|553000
8.312621784224547|554000
8.312621784224547|555000
8.312621784224547|556000
8.312621784224547|557000
8.312621784224547|558000
8.312621784224547|559000
8.312621784224547|560000
8.312621784224547|561000
8.312621784224547|562000
8.312621784224547|563000
8.312621784224547|564000
8.312621784224547|565000
8.312621784224547|566000
8.312621784224547|567000
8.312621784224547|568000
8.312621784224547|569000
8.312621784224547|570000
8.312621784224547|571000
8.312621784224547|572000
8.312621784224547|573000
8.312621784224547|574000
8.312621784224547|575000
8.312621784224547|576000
8.312621784224547|577000
8.312621784224547|578000
8.312621784224547|579000
8.312621784224547|580000
8.312621784224547|581000
8.312621784224547|582000
8.312621784224547|583000
8.312621784224547|584000
8.312621784224547|585000
8.312621784224547|586000
8.312621784224547|587000
8.312621784224547|588000
8.312621784224547|589000
8.312621784224547|590000
8.312621784224547|591000
8.312621784224547|592000
8.312621784224547|593000
8.312621784224547|594000
8.312621784224547|595000
8.312621784224547|596000
8.312621784224547|597000
8.312621784224547|598000
8.312621784224547|599000
8.312621784224547|600000
8.312621784224547|601000
8.312621784224547|602000
8.312621784224547|603000
8.312621784224547|604000
8.312621784224547|605000
8.312621784224547|606000
8.312621784224547|607000
8.312621784224547|608000
8.312621784224547|609000
8.312621784224547|610000
8.312621784224547|611000
8.312621784224547|612000
8.312621784224547|613000
8.312621784224547|614000
8.312621784224547|615000
8.312621784224547|616000
8.312621784224547|617000
8.312621784224547|618000
8.312621784224547|619000
8.312621784224547|620000
8.312621784224547|621000
8.312621784224547|622000
8.312621784224547|623000
8.312621784224547|624000
8.312621784224547|625000
8.312621784224547|626000
8.312621784224547|627000
8.312621784224547|628000
8.312621784224547|629000
8.312621784224547|630000
8.312621784224547|631000
8.312621784224547|632000
8.312621784224547|633000
8.312621784224547|634000
8.312621784224547|635000
8.312621784224547|636000
8.312621784224547|637000
8.312621784224547|638000
8.312621784224547|639000
8.312621784224547|640000
8.312621784224547|641000
8.312621784224547|642000
8.312621784224547|643000
8.312621784224547|644000
8.312621784224547|645000
8.312621784224547|646000
8.312621784224547|647000
8.312621784224547|648000
8.312621784224547|649000
8.312621784224547|650000
8.312621784224547|651000
8.312621784224547|652000
8.312621784224547|653000
8.312621784224547|654000
8.312621784224547|655000
8.312621784224547|656000
8.312621784224547|657000
8.312621784224547|658000
8.312621784224547|659000
8.312621784224547|660000
8.312621784224547|661000
8.312621784224547|662000
8.312621784224547|663000
8.312621784224547|664000
8.312621784224547|665000
8.312621784224547|666000
8.312621784224547|667000
8.312621784224547|668000
8.312621784224547|669000
8.312621784224547|670000
8.312621784224547|671000
8.312621784224547|672000
8.312621784224547|673000
8.312621784224547|674000
8.312621784224547|675000
8.312621784224547|676000
8.312621784224547|677000
8.312621784224547|678000
8.312621784224547|679000
8.312621784224547|680000
8.312621784224547|681000
8.312621784224547|682000
8.312621784224547|683000
8.312621784224547|684000
8.312621784224547|685000
8.312621784224547|686000
8.312621784224547|687000
8.312621784224547|688000
8.312621784224547|689000
8.312621784224547|690000
8.312621784224547|691000
8.312621784224547|692000
8.312621784224547|693000
8.312621784224547|694000
8.312621784224547|695000
8.312621784224547|696000
8.312621784224547|697000
8.312621784224547|698000
8.312621784224547|699000
8.312621784224547|700000
8.312621784224547|701000
8.312621784224547|702000
8.312621784224547|703000
8.312621784224547|704000
8.312621784224547|705000
8.312621784224547|706000
8.312621784224547|707000
8.312621784224547|708000
8.312621784224547|709000
8.312621784224547|710000
8.312621784224547|711000
8.312621784224547|712000
8.312621784224547|713000
8.312621784224547|714000
8.312621784224547|715000
8.312621784224547|716000
8.312621784224547|717000
8.312621784224547|718000
8.312621784224547|719000
8.312621784224547|720000
8.312621784224547|721000
8.312621784224547|722000
8.312621784224547|723000
8.312621784224547|724000
8.312621784224547|725000
8.312621784224547|726000
8.312621784224547|727000
8.312621784224547|728000
8.312621784224547|729000
8.312621784224547|730000
8.312621784224547|731000
8.312621784224547|732000
8.312621784224547|733000
8.312621784224547|734000
8.312621784224547|735000
8.312621784224547|736000
8.312621784224547|737000
8.312621784224547|738000
8.312621784224547|739000
8.312621784224547|740000
8.312621784224547|741000
8.312621784224547|742000
8.312621784224547|743000
8.312621784224547|744000
8.312621784224547|745000
8.312621784224547|746000
8.312621784224547|747000
8.312621784224547|748000
8.312621784224547|749000
8.312621784224547|750000
8.312621784224547|751000
8.312621784224547|752000
8.312621784224547|753000
8.312621784224547|754000
8.312621784224547|755000
8.312621784224547|756000
8.312621784224547|757000
8.312621784224547|758000
8.312621784224547|759000
8.312621784224547|760000
8.312621784224547|761000
8.312621784224547|762000
8.312621784224547|763000
8.312621784224547|764000
8.312621784224547|765000
8.312621784224547|766000
8.312621784224547|767000
8.312621784224547|768000
8.312621784224547|769000
8.312621784224547|770000
8.312621784224547|771000
8.312621784224547|772000
8.312621784224547|773000
8.312621784224547|774000
8.312621784224547|775000
8.312621784224547|776000
8.312621784224547|777000
8.312621784224547|778000
8.312621784224547|779000
8.312621784224547|780000
8.312621784224547|781000
8.312621784224547|782000
8.312621784224547|783000
8.312621784224547|784000
8.312621784224547|785000
8.312621784224547|786000
8.312621784224547|787000
8.312621784224547|788000
8.312621784224547|789000
8.312621784224547|790000
8.312621784224547|791000
8.312621784224547|792000
8.312621784224547|793000
8.312621784224547|794000
8.312621784224547|795000
8.312621784224547|796000
8.312621784224547|797000
8.312621784224547|798000
8.312621784224547|799000
8.312621784224547|800000
8.312621784224547|801000
8.312621784224547|802000
8.312621784224547|803000
8.312621784224547|804000
8.312621784224547|805000
8.312621784224547|806000
8.312621784224547|807000
8.312621784224547|808000
8.312621784224547|809000
8.312621784224547|810000
8.312621784224547|811000
8.312621784224547|812000
8.312621784224547|813000
8.312621784224547|814000
8.312621784224547|815000
8.312621784224547|816000
8.312621784224547|817000
8.312621784224547|818000
8.312621784224547|819000
8.312621784224547|820000
8.312621784224547|821000
8.312621784224547|822000
8.312621784224547|823000
8.312621784224547|824000
8.312621784224547|825000
8.312621784224547|826000
8.312621784224547|827000
8.312621784224547|828000
8.312621784224547|829000
8.312621784224547|830000
8.312621784224547|831000
8.312621784224547|832000
8.312621784224547|833000
8.312621784224547|834000
8.312621784224547|835000
8.312621784224547|836000
8.312621784224547|837000
8.312621784224547|838000
8.312621784224547|839000
8.312621784224547|840000
8.312621784224547|841000
8.312621784224547|842000
8.312621784224547|843000
8.312621784224547|844000
8.312621784224547|845000
8.312621784224547|846000
8.312621784224547|847000
8.312621784224547|848000
8.312621784224547|849000
8.312621784224547|850000
8.312621784224547|851000
8.312621784224547|852000
8.312621784224547|853000
8.312621784224547|854000
8.312621784224547|855000
8.312621784224547|856000
8.312621784224547|857000
8.312621784224547|858000
8.312621784224547|859000
8.312621784224547|860000
8.312621784224547|861000
8.312621784224547|862000
8.312621784224547|863000
8.312621784224547|864000
8.312621784224547|865000
8.312621784224547|866000
8.312621784224547|867000
8.312621784224547|868000
8.312621784224547|869000
8.312621784224547|870000
8.312621784224547|871000
8.312621784224547|872000
8.312621784224547|873000
8.312621784224547|874000
8.312621784224547|875000
8.312621784224547|876000
8.312621784224547|877000
8.312621784224547|878000
8.312621784224547|879000
8.312621784224547|880000
8.312621784224547|881000
8.312621784224547|882000
8.312621784224547|883000
8.312621784224547|884000
8.312621784224547|885000
8.312621784224547|886000
8.312621784224547|887000
8.312621784224547|888000
8.312621784224547|889000
8.312621784224547|890000
8.312621784224547|891000
8.312621784224547|892000
8.312621784224547|893000
8.312621784224547|894000
8.312621784224547|895000
8.312621784224547|896000
8.312621784224547|897000
8.312621784224547|898000
8.312621784224547|899000
8.312621784224547|900000
8.312621784224547|901000
8.312621784224547|902000
8.312621784224547|903000
8.312621784224547|904000
8.312621784224547|905000
8.312621784224547|906000
8.312621784224547|907000
8.312621784224547|908000
8.312621784224547|909000
8.312621784224547|910000
8.312621784224547|911000
8.312621784224547|912000
8.312621784224547|913000
8.312621784224547|914000
8.312621784224547|915000
8.312621784224547|916000
8.312621784224547|917000
8.312621784224547|918000
8.312621784224547|919000
8.312621784224547|920000
8.312621784224547|921000
8.312621784224547|922000
8.312621784224547|923000
8.312621784224547|924000
8.312621784224547|925000
8.312621784224547|926000
8.312621784224547|927000
8.312621784224547|928000
8.312621784224547|929000
8.312621784224547|930000
8.312621784224547|931000
8.312621784224547|932000
8.312621784224547|933000
8.312621784224547|934000
8.312621784224547|935000
8.312621784224547|936000
8.312621784224547|937000
8.312621784224547|938000
8.312621784224547|939000
8.312621784224547|940000
8.312621784224547|941000
8.312621784224547|942000
8.312621784224547|943000
8.312621784224547|944000
8.312621784224547|945000
8.312621784224547|946000
8.312621784224547|947000
8.312621784224547|948000
8.312621784224547|949000
8.312621784224547|950000
8.312621784224547|951000
8.312621784224547|952000
8.312621784224547|953000
8.312621784224547|954000
8.312621784224547|955000
8.312621784224547|956000
8.312621784224547|957000
8.312621784224547|958000
8.312621784224547|959000
8.312621784224547|960000
8.312621784224547|961000
8.312621784224547|962000
8.312621784224547|963000
8.312621784224547|964000
8.312621784224547|965000
8.312621784224547|966000
8.312621784224547|967000
8.312621784224547|968000
8.312621784224547|969000
8.312621784224547|970000
8.312621784224547|971000
8.312621784224547|972000
8.312621784224547|973000
8.312621784224547|974000
8.312621784224547|975000
8.312621784224547|976000
8.312621784224547|977000
8.312621784224547|978000
8.312621784224547|979000
8.312621784224547|980000
8.312621784224547|981000
8.312621784224547|982000
8.312621784224547|983000
8.312621784224547|984000
8.312621784224547|985000
8.312621784224547|986000
8.312621784224547|987000
8.312621784224547|988000
8.312621784224547|989000
8.312621784224547|990000
8.312621784224547|991000
8.312621784224547|992000
8.312621784224547|993000
8.312621784224547|994000
8.312621784224547|995000
8.312621784224547|996000
8.312621784224547|997000
8.312621784224547|998000
8.312621784224547|999000
8.312621784224547|1000000
