26.095449748163162|2000
24.29527627597392|3000
24.29527627597392|4000
24.165902762097826|5000
24.165902762097826|6000
23.860343138590814|7000
22.458587611717487|8000
22.458587611717487|9000
22.458587611717487|10000
22.458587611717487|11000
21.35988231339771|12000
21.35988231339771|13000
21.35988231339771|14000
21.12840427091248|15000
21.12840427091248|16000
21.12840427091248|17000
21.08589507664862|18000
20.724283047733717|19000
20.724283047733717|20000
20.45270790798301|21000
20.45270790798301|22000
20.45270790798301|23000
20.45270790798301|24000
20.418229598319723|25000
20.418229598319723|26000
20.418229598319723|27000
20.418229598319723|28000
20.418229598319723|29000
20.418229598319723|30000
20.19099186527189|31000
20.046453280233127|32000
20.046453280233127|33000
19.9366505598991|34000
19.9366505598991|35000
18.491305721197904|36000
18.491305721197904|37000
18.491305721197904|38000
18.491305721197904|39000
18.491305721197904|40000
18.491305721197904|41000
18.491305721197904|42000
18.491305721197904|43000
18.491305721197904|44000
18.491305721197904|45000
18.491305721197904|46000
18.491305721197904|47000
18.491305721197904|48000
18.491305721197904|49000
18.491305721197904|50000
18.491305721197904|51000
18.491305721197904|52000
18.491305721197904|53000
18.491305721197904|54000
18.491305721197904|55000
17.931672670371015|56000
17.931672670371015|57000
17.931672670371015|58000
17.931672670371015|59000
17.931672670371015|60000
17.931672670371015|61000
17.931672670371015|62000
17.931672670371015|63000
17.931672670371015|64000
17.931672670371015|65000
17.931672670371015|66000
17.931672670371015|67000
17.931672670371015|68000
17.931672670371015|69000
17.931672670371015|70000
17.931672670371015|71000
17.931672670371015|72000
17.931672670371015|73000
17.931672670371015|74000
17.527734654207848|75000
17.527734654207848|76000
17.527734654207848|77000
17.27575653678133|78000
17.27575653678133|79000
17.27575653678133|80000
17.27575653678133|81000
17.14061720844637|82000
17.14061720844637|83000
17.14061720844637|84000
17.14061720844637|85000
17.14061720844637|86000
17.14061720844637|87000
17.14061720844637|88000
17.14061720844637|89000
17.14061720844637|90000
17.14061720844637|91000
17.14061720844637|92000
17.14061720844637|93000
17.14061720844637|94000
17.14061720844637|95000
17.14061720844637|96000
17.14061720844637|97000
17.14061720844637|98000
17.14061720844637|99000
17.14061720844637|100000
17.14061720844637|101000
17.14061720844637|102000
17.14061720844637|103000
17.14061720844637|104000
17.14061720844637|105000
17.14061720844637|106000
17.14061720844637|107000
17.14061720844637|108000
17.14061720844637|109000
17.14061720844637|110000
17.14061720844637|111000
16.38655396047728|112000
16.38655396047728|113000
16.38655396047728|114000
16.38655396047728|115000
16.38655396047728|116000
16.38655396047728|117000
16.38655396047728|118000
16.38655396047728|119000
16.38655396047728|120000
16.38655396047728|121000
16.38655396047728|122000
16.38655396047728|123000
16.38655396047728|124000
16.38655396047728|125000
16.38655396047728|126000
16.38655396047728|127000
16.38655396047728|128000
16.101781067572382|129000
16.101781067572382|130000
16.101781067572382|131000
16.101781067572382|132000
16.101781067572382|133000
16.101781067572382|134000
16.101781067572382|135000
16.101781067572382|136000
16.101781067572382|137000
16.101781067572382|138000
16.101781067572382|139000
16.101781067572382|140000
16.101781067572382|141000
16.101781067572382|142000
16.101781067572382|143000
16.101781067572382|144000
16.101781067572382|145000
16.101781067572382|146000
16.101781067572382|147000
16.101781067572382|148000
16.101781067572382|149000
16.101781067572382|150000
16.101781067572382|151000
16.101781067572382|152000
16.101781067572382|153000
16.101781067572382|154000
16.101781067572382|155000
16.101781067572382|156000
16.101781067572382|157000
16.101781067572382|158000
16.101781067572382|159000
16.101781067572382|160000
16.101781067572382|161000
16.101781067572382|162000
16.101781067572382|163000
16.101781067572382|164000
16.101781067572382|165000
16.101781067572382|166000
16.101781067572382|167000
16.101781067572382|168000
15.478217465624947|169000
15.478217465624947|170000
15.478217465624947|171000
15.478217465624947|172000
15.478217465624947|173000
15.478217465624947|174000
15.478217465624947|175000
15.478217465624947|176000
15.478217465624947|177000
15.478217465624947|178000
15.478217465624947|179000
15.478217465624947|180000
15.478217465624947|181000
15.478217465624947|182000
15.478217465624947|183000
15.478217465624947|184000
15.478217465624947|185000
15.478217465624947|186000
15.478217465624947|187000
15.478217465624947|188000
15.478217465624947|189000
15.478217465624947|190000
15.394479457055642|191000
15.394479457055642|192000
15.394479457055642|193000
15.394479457055642|194000
15.394479457055642|195000
15.394479457055642|196000
15.394479457055642|197000
15.394479457055642|198000
15.394479457055642|199000
15.394479457055642|200000
15.394479457055642|201000
15.394479457055642|202000
15.394479457055642|203000
15.394479457055642|204000
15.394479457055642|205000
15.375841753791208|206000
15.375841753791208|207000
15.30995632427268|208000
15.186028340775627|209000
14.975797173042585|210000
14.975797173042585|211000
14.975797173042585|212000
14.975797173042585|213000
14.975797173042585|214000
14.975797173042585|215000
14.975797173042585|216000
14.975797173042585|217000
14.975797173042585|218000
14.975797173042585|219000
14.975797173042585|220000
14.75840430102261|221000
14.75840430102261|222000
14.75840430102261|223000
14.75840430102261|224000
14.75840430102261|225000
14.75840430102261|226000
14.75840430102261|227000
14.75840430102261|228000
14.75840430102261|229000
14.75840430102261|230000
14.75840430102261|231000
14.75840430102261|232000
14.75840430102261|233000
14.75840430102261|234000
14.75840430102261|235000
14.75840430102261|236000
14.75840430102261|237000
14.75840430102261|238000
14.75840430102261|239000
14.4884603667141|240000
14.4884603667141|241000
14.4884603667141|242000
14.4884603667141|243000
14.4884603667141|244000
14.4884603667141|245000
14.4884603667141|246000
14.4884603667141|247000
14.4884603667141|248000
14.4884603667141|249000
14.4884603667141|250000
14.4884603667141|251000
14.4884603667141|252000
14.4884603667141|253000
14.4884603667141|254000
14.4884603667141|255000
14.4884603667141|256000
14.4884603667141|257000
14.4884603667141|258000
14.4884603667141|259000
14.4884603667141|260000
14.4884603667141|261000
14.4884603667141|262000
14.311537603990496|263000
14.16422422112587|264000
14.16422422112587|265000
14.16422422112587|266000
14.16422422112587|267000
14.16422422112587|268000
14.16422422112587|269000
14.16422422112587|270000
14.16422422112587|271000
14.16422422112587|272000
14.16422422112587|273000
14.16422422112587|274000
14.16422422112587|275000
14.16422422112587|276000
14.16422422112587|277000
14.16422422112587|278000
14.16422422112587|279000
14.16422422112587|280000
14.16422422112587|281000
14.16422422112587|282000
14.16422422112587|283000
14.16422422112587|284000
14.16422422112587|285000
14.16422422112587|286000
14.16422422112587|287000
14.16422422112587|288000
14.16422422112587|289000
14.16422422112587|290000
14.16422422112587|291000
14.16422422112587|292000
14.16422422112587|293000
14.16422422112587|294000
14.16422422112587|295000
14.16422422112587|296000
14.16422422112587|297000
14.107815241440395|298000
14.107815241440395|299000
14.107815241440395|300000
14.107815241440395|301000
14.107815241440395|302000
14.107815241440395|303000
14.107815241440395|304000
14.107815241440395|305000
14.107815241440395|306000
14.107815241440395|307000
14.107815241440395|308000
14.107815241440395|309000
14.107815241440395|310000
14.107815241440395|311000
14.107815241440395|312000
14.107815241440395|313000
14.107815241440395|314000
14.00890576578798|315000
14.00890576578798|316000
14.00890576578798|317000
14.00890576578798|318000
14.00890576578798|319000
14.00890576578798|320000
14.00890576578798|321000
13.750775841573601|322000
13.750775841573601|323000
13.750775841573601|324000
13.750775841573601|325000
13.750775841573601|326000
13.750775841573601|327000
13.750775841573601|328000
13.750775841573601|329000
13.750775841573601|330000
13.750775841573601|331000
13.750775841573601|332000
13.750775841573601|333000
13.750775841573601|334000
13.750775841573601|335000
13.750775841573601|336000
13.72320467736005|337000
13.72320467736005|338000
13.72320467736005|339000
13.72320467736005|340000
13.72320467736005|341000
13.72320467736005|342000
13.72320467736005|343000
13.72320467736005|344000
13.72320467736005|345000
13.72320467736005|346000
13.72320467736005|347000
13.72320467736005|348000
13.72320467736005|349000
13.72320467736005|350000
13.72320467736005|351000
13.72320467736005|352000
13.72320467736005|353000
13.482907767261066|354000
13.482907767261066|355000
13.482907767261066|356000
13.482907767261066|357000
13.482907767261066|358000
13.482907767261066|359000
13.482907767261066|360000
13.482907767261066|361000
13.482907767261066|362000
13.482907767261066|363000
13.482907767261066|364000
13.482907767261066|365000
13.171120267740196|366000
13.171120267740196|367000
13.171120267740196|368000
13.171120267740196|369000
13.171120267740196|370000
13.171120267740196|371000
13.171120267740196|372000
13.171120267740196|373000
13.171120267740196|374000
13.171120267740196|375000
13.171120267740196|376000
13.171120267740196|377000
13.171120267740196|378000
13.171120267740196|379000
13.171120267740196|380000
13.171120267740196|381000
13.171120267740196|382000
13.171120267740196|383000
13.171120267740196|384000
13.171120267740196|385000
13.047484153451274|386000
13.047484153451274|387000
13.047484153451274|388000
13.047484153451274|389000
13.047484153451274|390000
13.047484153451274|391000
13.047484153451274|392000
13.047484153451274|393000
13.047484153451274|394000
13.047484153451274|395000
13.047484153451274|396000
13.047484153451274|397000
13.047484153451274|398000
13.047484153451274|399000
13.047484153451274|400000
13.047484153451274|401000
13.047484153451274|402000
13.047484153451274|403000
13.047484153451274|404000
13.047484153451274|405000
13.047484153451274|406000
13.047484153451274|407000
13.047484153451274|408000
13.047484153451274|409000
13.047484153451274|410000
13.047484153451274|411000
13.047484153451274|412000
13.047484153451274|413000
13.047484153451274|414000
13.047484153451274|415000
13.047484153451274|416000
13.047484153451274|417000
13.047484153451274|418000
13.047484153451274|419000
12.801133257675334|420000
12.801133257675334|421000
12.801133257675334|422000
12.801133257675334|423000
12.801133257675334|424000
12.801133257675334|425000
12.801133257675334|426000
12.801133257675334|427000
12.801133257675334|428000
12.801133257675334|429000
12.801133257675334|430000
12.801133257675334|431000
12.801133257675334|432000
12.801133257675334|433000
12.801133257675334|434000
12.801133257675334|435000
12.801133257675334|436000
12.801133257675334|437000
12.801133257675334|438000
12.801133257675334|439000
12.801133257675334|440000
12.801133257675334|441000
12.801133257675334|442000
12.801133257675334|443000
12.801133257675334|444000
12.801133257675334|445000
12.801133257675334|446000
12.801133257675334|447000
12.801133257675334|448000
12.801133257675334|449000
12.801133257675334|450000
12.801133257675334|451000
12.801133257675334|452000
12.801133257675334|453000
12.48471341541045|454000
12.48471341541045|455000
12.48471341541045|456000
12.48471341541045|457000
12.48471341541045|458000
12.48471341541045|459000
12.48471341541045|460000
12.48471341541045|461000
12.48471341541045|462000
12.48471341541045|463000
12.48471341541045|464000
12.48471341541045|465000
12.48471341541045|466000
12.48471341541045|467000
12.48471341541045|468000
12.48471341541045|469000
12.47724349733081|470000
12.47724349733081|471000
12.47724349733081|472000
12.47724349733081|473000
12.47724349733081|474000
12.47724349733081|475000
12.47724349733081|476000
12.47724349733081|477000
12.47724349733081|478000
12.47724349733081|479000
12.47724349733081|480000
12.47724349733081|481000
12.47724349733081|482000
12.47724349733081|483000
12.427624605055112|484000
12.427624605055112|485000
12.427624605055112|486000
12.427624605055112|487000
12.427624605055112|488000
12.427624605055112|489000
12.418672413891585|490000
12.112286200779886|491000
12.112286200779886|492000
12.112286200779886|493000
12.112286200779886|494000
12.112286200779886|495000
12.112286200779886|496000
12.112286200779886|497000
12.112286200779886|498000
12.112286200779886|499000
12.112286200779886|500000
12.112286200779886|501000
12.112286200779886|502000
12.112286200779886|503000
12.112286200779886|504000
12.112286200779886|505000
12.112286200779886|506000
12.112286200779886|507000
12.112286200779886|508000
12.112286200779886|509000
12.112286200779886|510000
12.112286200779886|511000
12.112286200779886|512000
12.112286200779886|513000
12.112286200779886|514000
12.112286200779886|515000
12.112286200779886|516000
12.112286200779886|517000
12.112286200779886|518000
12.112286200779886|519000
12.112286200779886|520000
12.112286200779886|521000
12.112286200779886|522000
11.519359781521029|523000
11.519359781521029|524000
11.519359781521029|525000
11.519359781521029|526000
11.519359781521029|527000
11.519359781521029|528000
11.519359781521029|529000
11.519359781521029|530000
11.519359781521029|531000
11.519359781521029|532000
11.519359781521029|533000
11.519359781521029|534000
11.519359781521029|535000
11.519359781521029|536000
11.519359781521029|537000
11.519359781521029|538000
11.519359781521029|539000
11.519359781521029|540000
11.519359781521029|541000
11.519359781521029|542000
11.519359781521029|543000
11.519359781521029|544000
11.519359781521029|545000
11.519359781521029|546000
11.519359781521029|547000
11.519359781521029|548000
11.519359781521029|549000
11.519359781521029|550000
11.519359781521029|551000
11.519359781521029|552000
11.519359781521029|553000
11.519359781521029|554000
11.519359781521029|555000
11.519359781521029|556000
11.519359781521029|557000
11.519359781521029|558000
11.519359781521029|559000
11.519359781521029|560000
11.519359781521029|561000
11.519359781521029|562000
11.519359781521029|563000
11.519359781521029|564000
11.519359781521029|565000
11.519359781521029|566000
11.519359781521029|567000
11.519359781521029|568000
11.519359781521029|569000
11.519359781521029|570000
11.519359781521029|571000
11.519359781521029|572000
11.519359781521029|573000
11.519359781521029|574000
11.519359781521029|575000
11.519359781521029|576000
11.519359781521029|577000
11.519359781521029|578000
11.519359781521029|579000
11.519359781521029|580000
11.519359781521029|581000
11.519359781521029|582000
11.519359781521029|583000
11.519359781521029|584000
11.425299204310662|585000
11.425299204310662|586000
11.425299204310662|587000
11.425299204310662|588000
11.425299204310662|589000
11.425299204310662|590000
11.425299204310662|591000
11.425299204310662|592000
11.425299204310662|593000
11.425299204310662|594000
11.425299204310662|595000
11.425299204310662|596000
11.425299204310662|597000
11.425299204310662|598000
11.425299204310662|599000
11.425299204310662|600000
11.425299204310662|601000
11.425299204310662|602000
11.425299204310662|603000
11.425299204310662|604000
11.425299204310662|605000
11.425299204310662|606000
11.425299204310662|607000
11.425299204310662|608000
10.832916217660001|609000
10.832916217660001|610000
10.832916217660001|611000
10.832916217660001|612000
10.832916217660001|613000
10.832916217660001|614000
10.832916217660001|615000
10.832916217660001|616000
10.832916217660001|617000
10.832916217660001|618000
10.832916217660001|619000
10.832916217660001|620000
10.832916217660001|621000
10.832916217660001|622000
10.832916217660001|623000
10.832916217660001|624000
10.832916217660001|625000
10.832916217660001|626000
10.832916217660001|627000
10.832916217660001|628000
10.832916217660001|629000
10.832916217660001|630000
10.832916217660001|631000
10.832916217660001|632000
10.832916217660001|633000
10.832916217660001|634000
10.832916217660001|635000
10.832916217660001|636000
10.832916217660001|637000
10.832916217660001|638000
10.832916217660001|639000
10.832916217660001|640000
10.832916217660001|641000
10.832916217660001|642000
10.832916217660001|643000
10.832916217660001|644000
10.832916217660001|645000
10.832916217660001|646000
10.832916217660001|647000
10.607251588418421|648000
10.607251588418421|649000
10.607251588418421|650000
10.607251588418421|651000
10.607251588418421|652000
10.607251588418421|653000
10.607251588418421|654000
10.607251588418421|655000
10.607251588418421|656000
10.607251588418421|657000
10.607251588418421|658000
10.607251588418421|659000
10.607251588418421|660000
10.607251588418421|661000
10.607251588418421|662000
10.607251588418421|663000
10.565725269478492|664000
10.565725269478492|665000
10.241398495658839|666000
10.241398495658839|667000
10.241398495658839|668000
10.241398495658839|669000
10.241398495658839|670000
10.241398495658839|671000
10.241398495658839|672000
10.241398495658839|673000
10.241398495658839|674000
10.241398495658839|675000
10.241398495658839|676000
10.241362017713827|677000
10.241362017713827|678000
10.241362017713827|679000
10.241362017713827|680000
10.091910779831531|681000
10.091910779831531|682000
9.807343252468755|683000
9.807343252468755|684000
9.807343252468755|685000
9.791357889050964|686000
9.791357889050964|687000
9.791357889050964|688000
9.632229483073264|689000
9.632229483073264|690000
9.591012512123186|691000
9.591012512123186|692000
9.55815237275462|693000
9.55815237275462|694000
9.432894886925226|695000
9.432894886925226|696000
9.432894886925226|697000
9.432894886925226|698000
9.432894886925226|699000
9.432894886925226|700000
9.432894886925226|701000
9.432894886925226|702000
9.432894886925226|703000
9.432894886925226|704000
9.432894886925226|705000
9.407275222347849|706000
9.407275222347849|707000
9.328398128884963|708000
9.328398128884963|709000
9.328398128884963|710000
9.328398128884963|711000
9.328398128884963|712000
9.224308837348897|713000
9.224308837348897|714000
9.19350634189598|715000
9.19350634189598|716000
9.19350634189598|717000
9.19350634189598|718000
9.19350634189598|719000
9.19350634189598|720000
9.186645326018075|721000
9.186645326018075|722000
9.186645326018075|723000
8.991563294218714|724000
8.991563294218714|725000
8.991563294218714|726000
8.991563294218714|727000
8.991563294218714|728000
8.991563294218714|729000
8.991563294218714|730000
8.991563294218714|731000
8.991563294218714|732000
8.991563294218714|733000
8.991563294218714|734000
8.991563294218714|735000
8.991563294218714|736000
8.991563294218714|737000
8.991563294218714|738000
8.875647185809553|739000
8.875647185809553|740000
8.875647185809553|741000
8.875647185809553|742000
8.875647185809553|743000
8.875647185809553|744000
8.875647185809553|745000
8.875647185809553|746000
8.875647185809553|747000
8.875647185809553|748000
8.875647185809553|749000
8.875647185809553|750000
8.875647185809553|751000
8.875647185809553|752000
8.875647185809553|753000
8.875647185809553|754000
8.875647185809553|755000
8.875647185809553|756000
8.830881286270106|757000
8.830881286270106|758000
8.830881286270106|759000
8.830881286270106|760000
8.830881286270102|761000
8.812879641408223|762000
8.812879641408223|763000
8.801175958128166|764000
8.801175958128166|765000
8.801175958128162|766000
8.801175958128162|767000
8.801175958128162|768000
8.738408413726836|769000
8.738408413726836|770000
8.738408413726836|771000
8.43269788748254|772000
8.43269788748254|773000
8.43269788748254|774000
8.43269788748254|775000
8.432697887482538|776000
8.432697887482538|777000
8.432697887482538|778000
8.432697887482538|779000
8.432697887482538|780000
8.416909262783761|781000
8.354141718382433|782000
8.354141718382433|783000
8.354141718382433|784000
8.354141718382433|785000
8.354141718382433|786000
8.354141718382433|787000
8.354141718382433|788000
8.354141718382433|789000
8.354141718382433|790000
8.354141718382433|791000
8.354141718382433|792000
8.354141718382433|793000
8.354141718382433|794000
8.354141718382433|795000
8.354141718382433|796000
8.354141718382433|797000
8.34513724874892|798000
8.34513724874892|799000
8.34513724874892|800000
8.34513724874892|801000
8.34513724874892|802000
8.34513724874892|803000
8.34513724874892|804000
8.34513724874892|805000
8.34513724874892|806000
8.34513724874892|807000
8.34513724874892|808000
8.34513724874892|809000
8.34513724874892|810000
8.34513724874892|811000
8.34513724874892|812000
8.34513724874892|813000
8.34513724874892|814000
8.34513724874892|815000
8.34513724874892|816000
8.34513724874892|817000
8.34513724874892|818000
8.34513724874892|819000
8.34513724874892|820000
8.34513724874892|821000
8.338611697232917|822000
8.338611697232917|823000
8.338611697232917|824000
8.338611697232917|825000
8.338611697232917|826000
8.338611697232917|827000
8.338611697232917|828000
8.338611697232917|829000
8.338611697232917|830000
8.338611697232917|831000
8.338611697232917|832000
8.338611697232917|833000
8.338611697232917|834000
8.338611697232917|835000
8.338611697232917|836000
8.338611697232917|837000
8.338611697232917|838000
8.338611697232917|839000
8.338611697232917|840000
8.338611697232917|841000
8.338611697232917|842000
8.338611697232917|843000
8.338611697232917|844000
8.214277457153784|845000
8.214277457153784|846000
8.214277457153784|847000
8.214277457153784|848000
8.214277457153784|849000
8.214277457153784|850000
8.214277457153784|851000
8.214277457153784|852000
8.214277457153784|853000
8.214277457153784|854000
8.214277457153784|855000
8.214277457153784|856000
8.214277457153784|857000
8.214277457153784|858000
8.214277457153784|859000
8.214277457153784|860000
8.214277457153784|861000
8.214277457153784|862000
8.214277457153784|863000
8.214277457153784|864000
8.214277457153784|865000
8.214277457153784|866000
8.214277457153784|867000
8.214277457153784|868000
8.214277457153784|869000
8.214277457153784|870000
8.214277457153784|871000
8.214277457153784|872000
8.214277457153784|873000
8.214277457153784|874000
8.214277457153784|875000
8.214277457153784|876000
8.214277457153784|877000
8.214277457153784|878000
8.214277457153784|879000
8.214277457153784|880000
8.214277457153784|881000
8.214277457153784|882000
8.214277457153784|883000
8.214277457153784|884000
8.214277457153784|885000
8.214277457153784|886000
8.214277457153784|887000
8.214277457153784|888000
8.214277457153784|889000
8.214277457153784|890000
8.214277457153784|891000
8.214277457153784|892000
8.214277457153784|893000
8.214277457153784|894000
8.214277457153784|895000
8.214277457153784|896000
8.214277457153784|897000
8.214277457153784|898000
8.214277457153784|899000
8.214277457153784|900000
8.214277457153784|901000
8.214277457153784|902000
8.214277457153784|903000
8.214277457153784|904000
8.214277457153784|905000
8.214277457153784|906000
8.214277457153784|907000
8.214277457153784|908000
8.214277457153784|909000
8.214277457153784|910000
8.214277457153784|911000
8.214277457153784|912000
8.214277457153784|913000
8.214277457153784|914000
8.214277457153784|915000
8.214277457153784|916000
8.214277457153784|917000
8.214277457153784|918000
8.214277457153784|919000
8.214277457153784|920000
8.214277457153784|921000
8.214277457153784|922000
8.214277457153784|923000
8.214277457153784|924000
8.214277457153784|925000
8.214277457153784|926000
8.214277457153784|927000
8.214277457153784|928000
8.214277457153784|929000
8.214277457153784|930000
8.214277457153784|931000
8.214277457153784|932000
8.214277457153784|933000
8.214277457153784|934000
8.214277457153784|935000
8.214277457153784|936000
8.214277457153784|937000
8.214277457153784|938000
8.214277457153784|939000
8.214277457153784|940000
8.214277457153784|941000
8.214277457153784|942000
8.214277457153784|943000
8.214277457153784|944000
8.214277457153784|945000
8.214277457153784|946000
8.214277457153784|947000
8.214277457153784|948000
8.214277457153784|949000
8.214277457153784|950000
8.214277457153784|951000
8.214277457153784|952000
8.214277457153784|953000
8.214277457153784|954000
8.214277457153784|955000
8.214277457153784|956000
8.214277457153784|957000
8.214277457153784|958000
8.214277457153784|959000
8.214277457153784|960000
8.214277457153784|961000
8.214277457153784|962000
8.214277457153784|963000
8.214277457153784|964000
8.214277457153784|965000
8.214277457153784|966000
8.214277457153784|967000
8.214277457153784|968000
8.214277457153784|969000
8.214277457153784|970000
8.214277457153784|971000
8.214277457153784|972000
8.214277457153784|973000
8.214277457153784|974000
8.214277457153784|975000
8.214277457153784|976000
8.214277457153784|977000
8.214277457153784|978000
8.214277457153784|979000
8.214277457153784|980000
8.214277457153784|981000
8.214277457153784|982000
8.214277457153784|983000
8.214277457153784|984000
8.214277457153784|985000
8.214277457153784|986000
8.214277457153784|987000
8.214277457153784|988000
8.214277457153784|989000
8.214277457153784|990000
8.214277457153784|991000
8.214277457153784|992000
8.214277457153784|993000
8.214277457153784|994000
8.214277457153784|995000
8.214277457153784|996000
8.214277457153784|997000
8.214277457153784|998000
8.214277457153784|999000
8.214277457153784|1000000
