27.903697570915543|1010
16.002023978344408|2010
15.087579377069614|3010
14.090003122797224|4010
13.754572870794085|5010
13.126755108651217|6010
12.442911248164904|7010
12.220786243485307|8010
11.338275768320196|9010
10.685841460107763|10010
10.350527190132714|11010
10.248572983199141|12010
10.155864021097912|13010
10.155864021097912|14010
10.155739442801842|15010
10.149783982061981|16010
10.06437782602674|17010
9.844423128261969|18010
9.826809645823916|19010
9.798620020467729|20010
9.684427119109694|21010
9.684427119109694|22010
9.684427119109694|23010
9.684427119109692|24010
9.684427119109692|25010
9.684427119109692|26010
9.684427119109692|27010
9.684427119109692|28010
9.55369160075308|29010
9.55369160075308|30010
9.55369160075308|31010
9.55369160075308|32010
9.55369160075308|33010
9.55369160075308|34010
9.55369160075308|35010
9.55369160075308|36010
9.55369160075308|37010
9.55369160075308|38010
9.55369160075308|39010
9.55369160075308|40010
9.55369160075308|41010
9.55369160075308|42010
9.55369160075308|43010
9.55369160075308|44010
9.55369160075308|45010
9.55369160075308|46010
9.55369160075308|47010
9.55369160075308|48010
9.55369160075308|49010
9.55369160075308|50010
9.55369160075308|51010
9.55369160075308|52010
9.55369160075308|53010
9.55369160075308|54010
9.55369160075308|55010
9.55369160075308|56010
9.55369160075308|57010
9.55369160075308|58010
9.55369160075308|59010
9.55369160075308|60010
9.55369160075308|61010
9.55369160075308|62010
9.55369160075308|63010
9.55369160075308|64010
9.55369160075308|65010
9.55369160075308|66010
9.55369160075308|67010
9.55369160075308|68010
9.55369160075308|69010
9.55369160075308|70010
9.55369160075308|71010
9.55369160075308|72010
9.55369160075308|73010
9.55369160075308|74010
9.55369160075308|75010
9.55369160075308|76010
9.55369160075308|77010
9.55369160075308|78010
9.55369160075308|79010
9.55369160075308|80010
9.55369160075308|81010
9.55369160075308|82010
9.55369160075308|83010
9.55369160075308|84010
9.55369160075308|85010
9.55369160075308|86010
9.55369160075308|87010
9.55369160075308|88010
9.55369160075308|89010
9.55369160075308|90010
9.55369160075308|91010
9.55369160075308|92010
9.55369160075308|93010
9.417522701784627|94010
9.417522701784627|95010
9.401991602736151|96010
9.38790984821347|97010
9.292736139031257|98010
9.269191937048408|99010
9.269191937048408|100010
9.090935465270636|101010
9.090935465270636|102010
9.039701833968905|103010
9.039701833968905|104010
9.039701833968905|105010
9.039701833968905|106010
9.021798316133525|107010
9.021798316133522|108010
8.881892428509985|109010
8.881892428509985|110010
8.881892428509985|111010
8.873278321907986|112010
8.8683592327249|113010
8.853449096450605|114010
8.853449096450605|115010
8.853449096450603|116010
8.853449096450603|117010
8.853449096450603|118010
8.853449096450603|119010
8.853449096450603|120010
8.853449096450603|121010
8.853449096450603|122010
8.853449096450603|123010
8.853449096450603|124010
8.853449096450603|125010
8.853449096450603|126010
8.853449096450603|127010
8.853449096450603|128010
8.853449096450603|129010
8.853449096450603|130010
8.853449096450603|131010
8.853449096450603|132010
8.853449096450603|133010
8.853449096450603|134010
8.853449096450603|135010
8.853449096450603|136010
8.853449096450603|137010
8.853449096450603|138010
8.853449096450603|139010
8.853449096450603|140010
8.853449096450603|141010
8.853449096450603|142010
8.853449096450603|143010
8.853449096450603|144010
8.853449096450603|145010
8.853449096450603|146010
8.853449096450603|147010
8.853449096450603|148010
8.853449096450603|149010
8.853449096450603|150010
8.853449096450603|151010
8.853449096450603|152010
8.853449096450603|153010
8.853449096450603|154010
8.853449096450603|155010
8.853449096450603|156010
8.853449096450603|157010
8.853449096450603|158010
8.853449096450603|159010
8.853449096450603|160010
8.853449096450603|161010
8.853449096450603|162010
8.853449096450603|163010
8.853449096450603|164010
8.853449096450603|165010
8.853449096450603|166010
8.853449096450603|167010
8.849487005897904|168010
8.849487005897904|169010
8.718286650639515|170010
8.718286650639515|171010
8.718286650639515|172010
8.718286650639515|173010
8.718286650639515|174010
8.718286650639515|175010
8.718286650639515|176010
8.718286650639515|177010
8.718286650639515|178010
8.718286650639515|179010
8.718286650639515|180010
8.718286650639515|181010
8.718286650639515|182010
8.718286650639515|183010
8.718286650639515|184010
8.718286650639515|185010
8.718286650639515|186010
8.718286650639515|187010
8.718286650639515|188010
8.718286650639515|189010
8.718286650639515|190010
8.718286650639515|191010
8.718286650639515|192010
8.718286650639515|193010
8.718286650639515|194010
8.718286650639515|195010
8.718286650639515|196010
8.718286650639515|197010
8.718286650639515|198010
8.718286650639515|199010
8.718286650639515|200010
8.718286650639515|201010
8.718286650639515|202010
8.718286650639515|203010
8.718286650639515|204010
8.718286650639515|205010
8.718286650639513|206010
8.718286650639513|207010
8.718286650639513|208010
8.718286650639513|209010
8.718286650639513|210010
8.718286650639513|211010
8.718286650639513|212010
8.718286650639513|213010
8.718286650639513|214010
8.718286650639513|215010
8.718286650639513|216010
8.718286650639513|217010
8.718286650639513|218010
8.718286650639513|219010
8.718286650639513|220010
8.718286650639513|221010
8.718286650639513|222010
8.718286650639513|223010
8.718286650639513|224010
8.718286650639513|225010
8.718286650639513|226010
8.718286650639513|227010
8.718286650639513|228010
8.718286650639513|229010
8.718286650639513|230010
8.718286650639513|231010
8.718286650639513|232010
8.718286650639513|233010
8.718286650639513|234010
8.718286650639513|235010
8.718286650639513|236010
8.718286650639513|237010
8.718286650639513|238010
8.718286650639513|239010
8.718286650639513|240010
8.718286650639513|241010
8.718286650639513|242010
8.718286650639513|243010
8.718286650639513|244010
8.718286650639513|245010
8.718286650639513|246010
8.718286650639513|247010
8.718286650639513|248010
8.718286650639513|249010
8.718286650639513|250010
8.718286650639513|251010
8.718286650639513|252010
8.718286650639513|253010
8.718286650639513|254010
8.718286650639513|255010
8.718286650639513|256010
8.718286650639513|257010
8.718286650639513|258010
8.718286650639513|259010
8.718286650639513|260010
8.718286650639513|261010
8.718286650639513|262010
8.718286650639513|263010
8.62936969322494|264010
8.62936969322494|265010
8.62936969322494|266010
8.629369693224938|267010
8.629369693224938|268010
8.629369693224938|269010
8.629369693224938|270010
8.629369693224938|271010
8.629369693224938|272010
8.629369693224938|273010
8.629369693224938|274010
8.629369693224938|275010
8.629369693224938|276010
8.629369693224938|277010
8.629369693224938|278010
8.629369693224938|279010
8.629369693224938|280010
8.629369693224938|281010
8.629369693224938|282010
8.629369693224938|283010
8.629369693224938|284010
8.629369693224938|285010
8.629369693224938|286010
8.629369693224938|287010
8.629369693224938|288010
8.629369693224938|289010
8.629369693224938|290010
8.629369693224938|291010
8.629369693224938|292010
8.629369693224938|293010
8.629369693224938|294010
8.629369693224938|295010
8.629369693224938|296010
8.629369693224938|297010
8.629369693224938|298010
8.629369693224938|299010
8.629369693224938|300010
8.629369693224938|301010
8.629369693224938|302010
8.629369693224938|303010
8.629369693224938|304010
8.629369693224938|305010
8.629369693224938|306010
8.629369693224938|307010
8.629369693224938|308010
8.629369693224938|309010
8.629369693224938|310010
8.629369693224938|311010
8.629369693224938|312010
8.629369693224938|313010
8.629369693224938|314010
8.629369693224938|315010
8.629369693224938|316010
8.629369693224938|317010
8.629369693224938|318010
8.629369693224938|319010
8.629369693224938|320010
8.629369693224938|321010
8.629369693224938|322010
8.629369693224938|323010
8.629369693224938|324010
8.629369693224938|325010
8.629369693224938|326010
8.629369693224938|327010
8.629369693224938|328010
8.629369693224938|329010
8.629369693224938|330010
8.629369693224938|331010
8.629369693224938|332010
8.629369693224938|333010
8.629369693224938|334010
8.629369693224938|335010
8.629369693224938|336010
8.629369693224938|337010
8.629369693224938|338010
8.629369693224938|339010
8.629369693224938|340010
8.607886163891704|341010
8.607886163891704|342010
8.607886163891704|343010
8.607886163891703|344010
8.607886163891703|345010
8.607886163891703|346010
8.607886163891703|347010
8.607886163891703|348010
8.6078861638917|349010
8.6078861638917|350010
8.6078861638917|351010
8.591914867155701|352010
8.591914867155701|353010
8.591914867155701|354010
8.591914867155701|355010
8.591914867155701|356010
8.591914867155701|357010
8.591914867155701|358010
8.591914867155701|359010
8.591914867155701|360010
8.5919148671557|361010
8.5919148671557|362010
8.5919148671557|363010
8.5919148671557|364010
8.5919148671557|365010
8.5919148671557|366010
8.5919148671557|367010
8.5919148671557|368010
8.5919148671557|369010
8.5919148671557|370010
8.5919148671557|371010
8.5919148671557|372010
8.5919148671557|373010
8.5919148671557|374010
8.5919148671557|375010
8.5919148671557|376010
8.5919148671557|377010
8.5919148671557|378010
8.5919148671557|379010
8.5919148671557|380010
8.5919148671557|381010
8.5919148671557|382010
8.5919148671557|383010
8.5919148671557|384010
8.5919148671557|385010
8.5919148671557|386010
8.5919148671557|387010
8.5919148671557|388010
8.5919148671557|389010
8.5919148671557|390010
8.5919148671557|391010
8.5919148671557|392010
8.5919148671557|393010
8.5919148671557|394010
8.5919148671557|395010
8.5919148671557|396010
8.5919148671557|397010
8.5919148671557|398010
8.5919148671557|399010
8.5919148671557|400010
8.5919148671557|401010
8.5919148671557|402010
8.5919148671557|403010
8.5919148671557|404010
8.5919148671557|405010
8.5919148671557|406010
8.5919148671557|407010
8.5919148671557|408010
8.5919148671557|409010
8.5919148671557|410010
8.5919148671557|411010
8.5919148671557|412010
8.5919148671557|413010
8.5919148671557|414010
8.5919148671557|415010
8.5919148671557|416010
8.5919148671557|417010
8.5919148671557|418010
8.5919148671557|419010
8.5919148671557|420010
8.5919148671557|421010
8.5919148671557|422010
8.5919148671557|423010
8.5919148671557|424010
8.5919148671557|425010
8.5919148671557|426010
8.5919148671557|427010
8.5919148671557|428010
8.5919148671557|429010
8.5919148671557|430010
8.5919148671557|431010
8.5919148671557|432010
8.5919148671557|433010
8.5919148671557|434010
8.5919148671557|435010
8.5919148671557|436010
8.5919148671557|437010
8.5919148671557|438010
8.5919148671557|439010
8.5919148671557|440010
8.5919148671557|441010
8.5919148671557|442010
8.5919148671557|443010
8.5919148671557|444010
8.5919148671557|445010
8.5919148671557|446010
8.5919148671557|447010
8.5919148671557|448010
8.5919148671557|449010
8.5919148671557|450010
8.5919148671557|451010
8.5919148671557|452010
8.5919148671557|453010
8.5919148671557|454010
8.5919148671557|455010
8.5919148671557|456010
8.5919148671557|457010
8.5919148671557|458010
8.5919148671557|459010
8.5919148671557|460010
8.5919148671557|461010
8.5919148671557|462010
8.5919148671557|463010
8.5919148671557|464010
8.5919148671557|465010
8.5919148671557|466010
8.5919148671557|467010
8.5919148671557|468010
8.5919148671557|469010
8.5919148671557|470010
8.5919148671557|471010
8.5919148671557|472010
8.5919148671557|473010
8.5919148671557|474010
8.5919148671557|475010
8.5919148671557|476010
8.5919148671557|477010
8.5919148671557|478010
8.5919148671557|479010
8.5919148671557|480010
8.5919148671557|481010
8.5919148671557|482010
8.5919148671557|483010
8.5919148671557|484010
8.5919148671557|485010
8.5919148671557|486010
8.5919148671557|487010
8.5919148671557|488010
8.5919148671557|489010
8.5919148671557|490010
8.5919148671557|491010
8.5919148671557|492010
8.5919148671557|493010
8.5919148671557|494010
8.5919148671557|495010
8.5919148671557|496010
8.5919148671557|497010
8.5919148671557|498010
8.5919148671557|499010
8.5919148671557|500010
8.5919148671557|501010
8.5919148671557|502010
8.5919148671557|503010
8.5919148671557|504010
8.5919148671557|505010
8.5919148671557|506010
8.590483522380117|507010
8.590483522380117|508010
8.590483522380117|509010
8.590483522380117|510010
8.590483522380117|511010
8.590483522380117|512010
8.590483522380117|513010
8.590483522380117|514010
8.590483522380117|515010
8.590483522380117|516010
8.590483522380117|517010
8.590483522380117|518010
8.590483522380117|519010
8.590483522380117|520010
8.590483522380117|521010
8.590483522380117|522010
8.590483522380117|523010
8.590483522380117|524010
8.590483522380117|525010
8.590483522380117|526010
8.590483522380117|527010
8.590483522380117|528010
8.590483522380117|529010
8.590483522380117|530010
8.590483522380117|531010
8.590483522380117|532010
8.590483522380117|533010
8.590483522380117|534010
8.590483522380117|535010
8.590483522380117|536010
8.590483522380117|537010
8.590483522380117|538010
8.590483522380117|539010
8.590483522380117|540010
8.590483522380117|541010
8.590483522380117|542010
8.590483522380117|543010
8.590483522380117|544010
8.590483522380117|545010
8.590483522380117|546010
8.590483522380117|547010
8.590483522380117|548010
8.590483522380117|549010
8.590483522380117|550010
8.590483522380117|551010
8.590483522380117|552010
8.590483522380117|553010
8.590483522380117|554010
8.590483522380117|555010
8.590483522380117|556010
8.590483522380117|557010
8.590483522380117|558010
8.590483522380117|559010
8.590483522380117|560010
8.590483522380117|561010
8.590483522380117|562010
8.590483522380117|563010
8.590483522380117|564010
8.590483522380117|565010
8.590483522380117|566010
8.590483522380117|567010
8.590483522380117|568010
8.590483522380117|569010
8.590483522380117|570010
8.590483522380117|571010
8.590483522380117|572010
8.590483522380117|573010
8.590483522380117|574010
8.590483522380117|575010
8.590483522380117|576010
8.590483522380117|577010
8.590483522380117|578010
8.590483522380117|579010
8.590483522380117|580010
8.590483522380117|581010
8.590483522380117|582010
8.590483522380117|583010
8.590483522380117|584010
8.590483522380117|585010
8.590483522380117|586010
8.590483522380117|587010
8.590483522380117|588010
8.590483522380117|589010
8.590483522380117|590010
8.590483522380117|591010
8.590483522380117|592010
8.590483522380117|593010
8.590483522380117|594010
8.590483522380117|595010
8.590483522380117|596010
8.590483522380117|597010
8.590483522380117|598010
8.590483522380117|599010
8.590483522380117|600010
8.590483522380117|601010
8.590483522380117|602010
8.590483522380117|603010
8.590483522380117|604010
8.590483522380117|605010
8.590483522380117|606010
8.590483522380117|607010
8.590483522380117|608010
8.590483522380117|609010
8.590483522380117|610010
8.590483522380117|611010
8.590483522380117|612010
8.590483522380117|613010
8.590483522380117|614010
8.590483522380117|615010
8.590483522380117|616010
8.590483522380117|617010
8.590483522380117|618010
8.590483522380117|619010
8.590483522380117|620010
8.590483522380117|621010
8.590483522380117|622010
8.590483522380117|623010
8.590483522380117|624010
8.590483522380117|625010
8.590483522380117|626010
8.590483522380117|627010
8.590483522380117|628010
8.590483522380117|629010
8.590483522380117|630010
8.590483522380117|631010
8.590483522380117|632010
8.590483522380117|633010
8.590483522380117|634010
8.590483522380117|635010
8.590483522380117|636010
8.590483522380117|637010
8.590483522380117|638010
8.590483522380117|639010
8.590483522380117|640010
8.590483522380117|641010
8.590483522380117|642010
8.590483522380117|643010
8.590483522380117|644010
8.590483522380117|645010
8.590483522380117|646010
8.590483522380117|647010
8.590483522380117|648010
8.590483522380117|649010
8.590483522380117|650010
8.590483522380117|651010
8.590483522380117|652010
8.590483522380117|653010
8.590483522380117|654010
8.590483522380117|655010
8.590483522380117|656010
8.590483522380117|657010
8.590483522380117|658010
8.590483522380117|659010
8.590483522380117|660010
8.590483522380117|661010
8.590483522380117|662010
8.590483522380117|663010
8.590483522380117|664010
8.590483522380117|665010
8.590483522380117|666010
8.590483522380117|667010
8.590483522380117|668010
8.590483522380117|669010
8.590483522380117|670010
8.590483522380117|671010
8.590483522380117|672010
8.590483522380117|673010
8.590483522380117|674010
8.590483522380117|675010
8.590483522380117|676010
8.590483522380117|677010
8.590483522380117|678010
8.590483522380117|679010
8.590483522380117|680010
8.590483522380117|681010
8.590483522380117|682010
8.590483522380117|683010
8.590483522380117|684010
8.590483522380117|685010
8.590483522380117|686010
8.590483522380117|687010
8.590483522380117|688010
8.590483522380117|689010
8.590483522380117|690010
8.590483522380117|691010
8.590483522380117|692010
8.590483522380117|693010
8.590483522380117|694010
8.590483522380117|695010
8.590483522380117|696010
8.590483522380117|697010
8.590483522380117|698010
8.590483522380117|699010
8.590483522380117|700010
8.590483522380117|701010
8.590483522380117|702010
8.590483522380117|703010
8.590483522380117|704010
8.352811998502961|705010
8.352811998502961|706010
8.352811998502961|707010
8.352811998502961|708010
8.352811998502961|709010
8.352811998502961|710010
8.352811998502961|711010
8.352811998502961|712010
8.352811998502961|713010
8.352811998502961|714010
8.352811998502961|715010
8.352811998502961|716010
8.352811998502961|717010
8.352811998502961|718010
8.352811998502961|719010
8.352811998502961|720010
8.352811998502961|721010
8.352811998502961|722010
8.352811998502961|723010
8.352811998502961|724010
8.352811998502961|725010
8.352811998502961|726010
8.352811998502961|727010
8.352811998502961|728010
8.352811998502961|729010
8.352811998502961|730010
8.352811998502961|731010
8.352811998502961|732010
8.352811998502961|733010
8.352811998502961|734010
8.352811998502961|735010
8.352811998502961|736010
8.352811998502961|737010
8.352811998502961|738010
8.352811998502961|739010
8.352811998502961|740010
8.352811998502961|741010
8.352811998502961|742010
8.352811998502961|743010
8.352811998502961|744010
8.352811998502961|745010
8.352811998502961|746010
8.352811998502961|747010
8.352811998502961|748010
8.352811998502961|749010
8.352811998502961|750010
8.352811998502961|751010
8.352811998502961|752010
8.352811998502961|753010
8.352811998502961|754010
8.352811998502961|755010
8.352811998502961|756010
8.352811998502961|757010
8.352811998502961|758010
8.352811998502961|759010
8.352811998502961|760010
8.352811998502961|761010
8.352811998502961|762010
8.352811998502961|763010
8.352811998502961|764010
8.352811998502961|765010
8.352811998502961|766010
8.352811998502961|767010
8.352811998502961|768010
8.352811998502961|769010
8.352811998502961|770010
8.352811998502961|771010
8.352811998502961|772010
8.352811998502961|773010
8.352811998502961|774010
8.352811998502961|775010
8.352811998502961|776010
8.352811998502961|777010
8.352811998502961|778010
8.352811998502961|779010
8.352811998502961|780010
8.352811998502961|781010
8.352811998502961|782010
8.352811998502961|783010
8.352811998502961|784010
8.352811998502961|785010
8.352811998502961|786010
8.352811998502961|787010
8.352811998502961|788010
8.352811998502961|789010
8.352811998502961|790010
8.352811998502961|791010
8.352811998502961|792010
8.352811998502961|793010
8.352811998502961|794010
8.352811998502961|795010
8.352811998502961|796010
8.352811998502961|797010
8.352811998502961|798010
8.352811998502961|799010
8.352811998502961|800010
8.352811998502961|801010
8.352811998502961|802010
8.352811998502961|803010
8.352811998502961|804010
8.352811998502961|805010
8.352811998502961|806010
8.332606944937448|807010
8.332606944937448|808010
8.332606944937448|809010
8.332606944937448|810010
8.332606944937448|811010
8.332606944937446|812010
8.332606944937446|813010
8.332606944937446|814010
8.332606944937446|815010
8.332606944937446|816010
8.332606944937446|817010
8.332606944937446|818010
8.332606944937446|819010
8.332606944937446|820010
8.332606944937446|821010
8.332606944937446|822010
8.332606944937446|823010
8.332606944937446|824010
8.332606944937446|825010
8.332606944937446|826010
8.332606944937446|827010
8.332606944937446|828010
8.332606944937446|829010
8.332606944937446|830010
8.332606944937446|831010
8.332606944937446|832010
8.332606944937446|833010
8.332606944937446|834010
8.332606944937446|835010
8.332606944937446|836010
8.332606944937446|837010
8.332606944937446|838010
8.332606944937446|839010
8.332606944937446|840010
8.332606944937446|841010
8.332606944937446|842010
8.332606944937446|843010
8.332606944937446|844010
8.332606944937446|845010
8.332606944937446|846010
8.332606944937446|847010
8.332606944937446|848010
8.332606944937446|849010
8.332606944937446|850010
8.332606944937446|851010
8.332606944937446|852010
8.332606944937446|853010
8.332606944937446|854010
8.332606944937446|855010
8.332606944937446|856010
8.332606944937444|857010
8.332606944937444|858010
8.332606944937444|859010
8.332606944937444|860010
8.332606944937444|861010
8.332606944937444|862010
8.332606944937444|863010
8.332606944937444|864010
8.332606944937444|865010
8.332606944937444|866010
8.332606944937444|867010
8.332606944937444|868010
8.332606944937444|869010
8.332606944937444|870010
8.332606944937444|871010
8.332606944937444|872010
8.332606944937444|873010
8.332606944937444|874010
8.332606944937444|875010
8.332606944937444|876010
8.332606944937444|877010
8.332606944937444|878010
8.332606944937444|879010
8.332606944937444|880010
8.332606944937444|881010
8.332606944937444|882010
8.332606944937444|883010
8.332606944937444|884010
8.332606944937444|885010
8.332606944937444|886010
8.332606944937444|887010
8.332606944937444|888010
8.332606944937444|889010
8.332606944937444|890010
8.332606944937444|891010
8.332606944937444|892010
8.332606944937444|893010
8.332606944937444|894010
8.332606944937444|895010
8.332606944937444|896010
8.332606944937444|897010
8.332606944937444|898010
8.332606944937444|899010
8.332606944937444|900010
8.332606944937444|901010
8.332606944937444|902010
8.332606944937444|903010
8.332606944937444|904010
8.332606944937444|905010
8.332606944937444|906010
8.332606944937444|907010
8.332606944937444|908010
8.332606944937444|909010
8.332606944937444|910010
8.332606944937444|911010
8.332606944937444|912010
8.304090294182048|913010
8.304090294182048|914010
8.304090294182048|915010
8.304090294182046|916010
8.304090294182046|917010
8.304090294182046|918010
8.304090294182046|919010
8.304090294182046|920010
8.304090294182046|921010
8.304090294182046|922010
8.304090294182046|923010
8.304090294182046|924010
8.304090294182046|925010
8.304090294182046|926010
8.304090294182046|927010
8.304090294182046|928010
8.304090294182046|929010
8.304090294182046|930010
8.304090294182046|931010
8.304090294182046|932010
8.304090294182046|933010
8.304090294182046|934010
8.304090294182046|935010
8.304090294182046|936010
8.304090294182046|937010
8.304090294182046|938010
8.304090294182046|939010
8.304090294182046|940010
8.304090294182046|941010
8.304090294182046|942010
8.304090294182046|943010
8.304090294182046|944010
8.304090294182046|945010
8.304090294182046|946010
8.304090294182046|947010
8.304090294182046|948010
8.304090294182046|949010
8.304090294182046|950010
8.304090294182046|951010
8.304090294182046|952010
8.304090294182046|953010
8.304090294182046|954010
8.304090294182046|955010
8.304090294182046|956010
8.304090294182046|957010
8.304090294182046|958010
8.304090294182046|959010
8.304090294182046|960010
8.304090294182046|961010
8.304090294182046|962010
8.304090294182046|963010
8.304090294182046|964010
8.304090294182046|965010
8.304090294182046|966010
8.304090294182046|967010
8.304090294182046|968010
8.304090294182046|969010
8.304090294182046|970010
8.304090294182046|971010
8.304090294182046|972010
8.304090294182046|973010
8.304090294182046|974010
8.304090294182046|975010
8.304090294182046|976010
8.304090294182046|977010
8.304090294182046|978010
8.304090294182046|979010
8.304090294182046|980010
8.304090294182046|981010
8.304090294182046|982010
8.304090294182046|983010
8.304090294182046|984010
8.304090294182046|985010
8.304090294182046|986010
8.304090294182046|987010
8.304090294182046|988010
8.304090294182046|989010
8.304090294182046|990010
8.304090294182046|991010
8.304090294182046|992010
8.304090294182046|993010
8.304090294182046|994010
8.304090294182046|995010
8.304090294182046|996010
8.304090294182046|997010
8.304090294182046|998010
8.304090294182046|999010
8.304090294182046|1000010
