26.25042922537054|1100
21.84508309086764|2100
20.561077346245284|3100
20.561077346245284|4100
19.14971177858735|5100
18.957356363257897|6100
18.596557064398414|7100
17.705399301309065|8100
17.019088730820236|9100
16.50323375109153|10100
16.0565300605821|11100
16.0565300605821|12100
15.503909664173|13100
15.351483643874841|14100
14.600587485080004|15100
14.317203717720199|16100
13.42818117229828|17100
12.846687658847449|18100
11.889337590876202|19100
11.889337590876202|20100
11.537859818412048|21100
11.299436843499455|22100
11.14162677711406|23100
10.978220192904308|24100
10.944819394582249|25100
10.944819394582249|26100
10.880249995917056|27100
10.880249995917056|28100
10.838929394088504|29100
10.601358090666691|30100
10.57600359235255|31100
10.464994931789526|32100
10.391043307043445|33100
10.253877226056856|34100
10.220695915407049|35100
10.061433295443676|36100
10.057095266517674|37100
10.057095266517674|38100
10.01186794477526|39100
9.854756044103612|40100
9.854756044103612|41100
9.805190693435193|42100
9.664132941646516|43100
9.664132941646516|44100
9.48450946556614|45100
9.48450946556614|46100
9.484509465566134|47100
9.484509465566134|48100
9.484509465566134|49100
9.484509465566134|50100
9.484509465566134|51100
9.484509465566134|52100
9.484509465566134|53100
9.484509465566134|54100
9.484509465566134|55100
9.32012748123161|56100
9.26227158105208|57100
9.26227158105208|58100
9.1578727478048|59100
9.1578727478048|60100
9.157872747804799|61100
9.157872747804799|62100
9.152442646715052|63100
9.152442646715052|64100
9.152442646715052|65100
9.15244264671505|66100
9.102877296046634|67100
9.102877296046634|68100
9.03682744053658|69100
9.03682744053658|70100
9.03682744053658|71100
9.03682744053658|72100
9.03682744053658|73100
9.03682744053658|74100
9.03682744053658|75100
9.03682744053658|76100
9.03682744053658|77100
9.03682744053658|78100
9.03682744053658|79100
9.03682744053658|80100
9.03682744053658|81100
9.03682744053658|82100
8.926568280257909|83100
8.79304928014353|84100
8.79304928014353|85100
8.79304928014353|86100
8.79304928014353|87100
8.79304928014353|88100
8.79304928014353|89100
8.79304928014353|90100
8.79304928014353|91100
8.79304928014353|92100
8.79304928014353|93100
8.79304928014353|94100
8.79304928014353|95100
8.79304928014353|96100
8.79304928014353|97100
8.79304928014353|98100
8.79304928014353|99100
8.79304928014353|100100
8.79304928014353|101100
8.79304928014353|102100
8.79304928014353|103100
8.79304928014353|104100
8.79304928014353|105100
8.79304928014353|106100
8.79304928014353|107100
8.79304928014353|108100
8.79304928014353|109100
8.79304928014353|110100
8.79304928014353|111100
8.79304928014353|112100
8.79304928014353|113100
8.79304928014353|114100
8.79304928014353|115100
8.79304928014353|116100
8.79304928014353|117100
8.79304928014353|118100
8.79304928014353|119100
8.79304928014353|120100
8.79304928014353|121100
8.79304928014353|122100
8.79304928014353|123100
8.79304928014353|124100
8.79304928014353|125100
8.79304928014353|126100
8.79304928014353|127100
8.79304928014353|128100
8.79304928014353|129100
8.79304928014353|130100
8.79304928014353|131100
8.79304928014353|132100
8.79304928014353|133100
8.79304928014353|134100
8.79304928014353|135100
8.79304928014353|136100
8.79304928014353|137100
8.79304928014353|138100
8.79304928014353|139100
8.79304928014353|140100
8.79304928014353|141100
8.79304928014353|142100
8.79304928014353|143100
8.79304928014353|144100
8.79304928014353|145100
8.79304928014353|146100
8.79304928014353|147100
8.79304928014353|148100
8.79304928014353|149100
8.79304928014353|150100
8.79304928014353|151100
8.79304928014353|152100
8.79304928014353|153100
8.79304928014353|154100
8.79304928014353|155100
8.79304928014353|156100
8.79304928014353|157100
8.79304928014353|158100
8.79304928014353|159100
8.79304928014353|160100
8.79304928014353|161100
8.79304928014353|162100
8.79304928014353|163100
8.79304928014353|164100
8.79304928014353|165100
8.79304928014353|166100
8.79304928014353|167100
8.79304928014353|168100
8.79304928014353|169100
8.79304928014353|170100
8.79304928014353|171100
8.79304928014353|172100
8.79304928014353|173100
8.79304928014353|174100
8.79304928014353|175100
8.79304928014353|176100
8.79304928014353|177100
8.79304928014353|178100
8.79304928014353|179100
8.79304928014353|180100
8.79304928014353|181100
8.79304928014353|182100
8.79304928014353|183100
8.79304928014353|184100
8.79304928014353|185100
8.79304928014353|186100
8.79304928014353|187100
8.79304928014353|188100
8.79304928014353|189100
8.79304928014353|190100
8.79304928014353|191100
8.79304928014353|192100
8.79304928014353|193100
8.79304928014353|194100
8.79304928014353|195100
8.79304928014353|196100
8.79304928014353|197100
8.79304928014353|198100
8.79304928014353|199100
8.79304928014353|200100
8.79304928014353|201100
8.79304928014353|202100
8.79304928014353|203100
8.79304928014353|204100
8.79304928014353|205100
8.79304928014353|206100
8.79304928014353|207100
8.79304928014353|208100
8.79304928014353|209100
8.79304928014353|210100
8.79304928014353|211100
8.79304928014353|212100
8.79304928014353|213100
8.79304928014353|214100
8.79304928014353|215100
8.79304928014353|216100
8.79304928014353|217100
8.79304928014353|218100
8.79304928014353|219100
8.79304928014353|220100
8.79304928014353|221100
8.79304928014353|222100
8.79304928014353|223100
8.79304928014353|224100
8.79304928014353|225100
8.79304928014353|226100
8.79304928014353|227100
8.79304928014353|228100
8.79304928014353|229100
8.79304928014353|230100
8.79304928014353|231100
8.79304928014353|232100
8.79304928014353|233100
8.79304928014353|234100
8.79304928014353|235100
8.79304928014353|236100
8.79304928014353|237100
8.79304928014353|238100
8.79304928014353|239100
8.79304928014353|240100
8.79304928014353|241100
8.79304928014353|242100
8.79304928014353|243100
8.79304928014353|244100
8.79304928014353|245100
8.79304928014353|246100
8.79304928014353|247100
8.79304928014353|248100
8.79304928014353|249100
8.79304928014353|250100
8.79304928014353|251100
8.79304928014353|252100
8.79304928014353|253100
8.79304928014353|254100
8.79304928014353|255100
8.79304928014353|256100
8.79304928014353|257100
8.79304928014353|258100
8.79304928014353|259100
8.79304928014353|260100
8.79304928014353|261100
8.79304928014353|262100
8.79304928014353|263100
8.79304928014353|264100
8.79304928014353|265100
8.79304928014353|266100
8.79304928014353|267100
8.79304928014353|268100
8.79304928014353|269100
8.79304928014353|270100
8.79304928014353|271100
8.79304928014353|272100
8.79304928014353|273100
8.79304928014353|274100
8.79304928014353|275100
8.79304928014353|276100
8.79304928014353|277100
8.79304928014353|278100
8.79304928014353|279100
8.79304928014353|280100
8.79304928014353|281100
8.79304928014353|282100
8.79304928014353|283100
8.79304928014353|284100
8.79304928014353|285100
8.79304928014353|286100
8.79304928014353|287100
8.79304928014353|288100
8.79304928014353|289100
8.79304928014353|290100
8.79304928014353|291100
8.79304928014353|292100
8.79304928014353|293100
8.79304928014353|294100
8.79304928014353|295100
8.79304928014353|296100
8.79304928014353|297100
8.79304928014353|298100
8.79304928014353|299100
8.79304928014353|300100
8.79304928014353|301100
8.79304928014353|302100
8.79304928014353|303100
8.79304928014353|304100
8.79304928014353|305100
8.79304928014353|306100
8.79304928014353|307100
8.79304928014353|308100
8.79304928014353|309100
8.79304928014353|310100
8.760925459389908|311100
8.75247639813889|312100
8.75247639813889|313100
8.75247639813889|314100
8.75247639813889|315100
8.75247639813889|316100
8.75247639813889|317100
8.75247639813889|318100
8.75247639813889|319100
8.75247639813889|320100
8.561532437779793|321100
8.533144857361021|322100
8.533144857361021|323100
8.533144857361021|324100
8.533144857361021|325100
8.53314485736102|326100
8.53314485736102|327100
8.53314485736102|328100
8.53314485736102|329100
8.53314485736102|330100
8.53314485736102|331100
8.53314485736102|332100
8.53314485736102|333100
8.53314485736102|334100
8.53314485736102|335100
8.53314485736102|336100
8.53314485736102|337100
8.53314485736102|338100
8.53314485736102|339100
8.53314485736102|340100
8.53314485736102|341100
8.53314485736102|342100
8.53314485736102|343100
8.53314485736102|344100
8.53314485736102|345100
8.53314485736102|346100
8.53314485736102|347100
8.53314485736102|348100
8.53314485736102|349100
8.53314485736102|350100
8.53314485736102|351100
8.53314485736102|352100
8.53314485736102|353100
8.53314485736102|354100
8.53314485736102|355100
8.53314485736102|356100
8.53314485736102|357100
8.53314485736102|358100
8.53314485736102|359100
8.53314485736102|360100
8.53314485736102|361100
8.53314485736102|362100
8.53314485736102|363100
8.53314485736102|364100
8.53314485736102|365100
8.53314485736102|366100
8.53314485736102|367100
8.53314485736102|368100
8.53314485736102|369100
8.53314485736102|370100
8.53314485736102|371100
8.53314485736102|372100
8.53314485736102|373100
8.53314485736102|374100
8.53314485736102|375100
8.53314485736102|376100
8.53314485736102|377100
8.53314485736102|378100
8.533144857361018|379100
8.533144857361018|380100
8.533144857361018|381100
8.533144857361018|382100
8.52428417841323|383100
8.52428417841323|384100
8.52428417841323|385100
8.52428417841323|386100
8.52428417841323|387100
8.52428417841323|388100
8.52428417841323|389100
8.52428417841323|390100
8.52428417841323|391100
8.52428417841323|392100
8.52428417841323|393100
8.52428417841323|394100
8.52428417841323|395100
8.52428417841323|396100
8.52428417841323|397100
8.52428417841323|398100
8.466886857385214|399100
8.466886857385212|400100
8.466886857385212|401100
8.466886857385212|402100
8.466886857385212|403100
8.466886857385212|404100
8.466886857385212|405100
8.466886857385212|406100
8.466886857385212|407100
8.466886857385212|408100
8.466886857385212|409100
8.466886857385212|410100
8.466886857385212|411100
8.466886857385212|412100
8.466886857385212|413100
8.466886857385212|414100
8.466886857385212|415100
8.466886857385212|416100
8.466886857385212|417100
8.466886857385212|418100
8.466886857385212|419100
8.466886857385212|420100
8.466886857385212|421100
8.466886857385212|422100
8.466886857385212|423100
8.466886857385212|424100
8.466886857385212|425100
8.466886857385212|426100
8.466886857385212|427100
8.466886857385212|428100
8.466886857385212|429100
8.466886857385212|430100
8.466886857385212|431100
8.466886857385212|432100
8.466886857385212|433100
8.466886857385212|434100
8.466886857385212|435100
8.466886857385212|436100
8.466886857385212|437100
8.466886857385212|438100
8.466886857385212|439100
8.466886857385212|440100
8.466886857385212|441100
8.466886857385212|442100
8.466886857385212|443100
8.466886857385212|444100
8.466886857385212|445100
8.466886857385212|446100
8.466886857385212|447100
8.466886857385212|448100
8.466886857385212|449100
8.466886857385212|450100
8.466886857385212|451100
8.466886857385212|452100
8.466886857385212|453100
8.466886857385212|454100
8.466886857385212|455100
8.466886857385212|456100
8.466886857385212|457100
8.466886857385212|458100
8.466886857385212|459100
8.466886857385212|460100
8.466886857385212|461100
8.466886857385212|462100
8.466886857385212|463100
8.466886857385212|464100
8.466886857385212|465100
8.466886857385212|466100
8.466886857385212|467100
8.466886857385212|468100
8.466886857385212|469100
8.466886857385212|470100
8.466886857385212|471100
8.466886857385212|472100
8.466886857385212|473100
8.466886857385212|474100
8.466886857385212|475100
8.466886857385212|476100
8.466886857385212|477100
8.466886857385212|478100
8.466886857385212|479100
8.466886857385212|480100
8.466886857385212|481100
8.466886857385212|482100
8.466886857385212|483100
8.466886857385212|484100
8.466886857385212|485100
8.466886857385212|486100
8.466886857385212|487100
8.466886857385212|488100
8.466886857385212|489100
8.466886857385212|490100
8.466886857385212|491100
8.466886857385212|492100
8.466886857385212|493100
8.466886857385212|494100
8.466886857385212|495100
8.466886857385212|496100
8.466886857385212|497100
8.466886857385212|498100
8.466886857385212|499100
8.466886857385212|500100
8.466886857385212|501100
8.466886857385212|502100
8.466886857385212|503100
8.466886857385212|504100
8.466886857385212|505100
8.466886857385212|506100
8.466886857385212|507100
8.466886857385212|508100
8.466886857385212|509100
8.466886857385212|510100
8.466886857385212|511100
8.466886857385212|512100
8.466886857385212|513100
8.466886857385212|514100
8.466886857385212|515100
8.466886857385212|516100
8.466886857385212|517100
8.466886857385212|518100
8.466886857385212|519100
8.43201400683776|520100
8.43201400683776|521100
8.43201400683776|522100
8.43201400683776|523100
8.427954309471591|524100
8.427954309471591|525100
8.427954309471591|526100
8.427954309471591|527100
8.427954309471591|528100
8.416533930645755|529100
8.416533930645755|530100
8.416533930645755|531100
8.416533930645755|532100
8.416533930645754|533100
8.416533930645754|534100
8.416533930645754|535100
8.38231469393357|536100
8.38231469393357|537100
8.38231469393357|538100
8.38231469393357|539100
8.38231469393357|540100
8.38231469393357|541100
8.38231469393357|542100
8.38231469393357|543100
8.38231469393357|544100
8.38231469393357|545100
8.38231469393357|546100
8.38231469393357|547100
8.38231469393357|548100
8.38231469393357|549100
8.38231469393357|550100
8.38231469393357|551100
8.38231469393357|552100
8.38231469393357|553100
8.38231469393357|554100
8.38231469393357|555100
8.38231469393357|556100
8.38231469393357|557100
8.38231469393357|558100
8.38231469393357|559100
8.38231469393357|560100
8.38231469393357|561100
8.38231469393357|562100
8.38231469393357|563100
8.38231469393357|564100
8.38231469393357|565100
8.38231469393357|566100
8.38231469393357|567100
8.38231469393357|568100
8.38231469393357|569100
8.38231469393357|570100
8.38231469393357|571100
8.38231469393357|572100
8.38231469393357|573100
8.38231469393357|574100
8.38231469393357|575100
8.38231469393357|576100
8.38231469393357|577100
8.38231469393357|578100
8.38231469393357|579100
8.38231469393357|580100
8.38231469393357|581100
8.38231469393357|582100
8.38231469393357|583100
8.38231469393357|584100
8.38231469393357|585100
8.38231469393357|586100
8.38231469393357|587100
8.38231469393357|588100
8.38231469393357|589100
8.38231469393357|590100
8.38231469393357|591100
8.38231469393357|592100
8.38231469393357|593100
8.38231469393357|594100
8.38231469393357|595100
8.38231469393357|596100
8.38231469393357|597100
8.38231469393357|598100
8.38231469393357|599100
8.38231469393357|600100
8.38231469393357|601100
8.38231469393357|602100
8.38231469393357|603100
8.38231469393357|604100
8.38231469393357|605100
8.38231469393357|606100
8.38231469393357|607100
8.38231469393357|608100
8.38231469393357|609100
8.38231469393357|610100
8.38231469393357|611100
8.38231469393357|612100
8.38231469393357|613100
8.38231469393357|614100
8.38231469393357|615100
8.38231469393357|616100
8.38231469393357|617100
8.38231469393357|618100
8.38231469393357|619100
8.38231469393357|620100
8.38231469393357|621100
8.38231469393357|622100
8.382314693933568|623100
8.382314693933568|624100
8.382314693933568|625100
8.382314693933568|626100
8.382314693933568|627100
8.382314693933568|628100
8.382314693933568|629100
8.382314693933568|630100
8.382314693933568|631100
8.382314693933568|632100
8.382314693933568|633100
8.382314693933568|634100
8.382314693933568|635100
8.382314693933568|636100
8.382314693933568|637100
8.382314693933568|638100
8.382314693933568|639100
8.382314693933568|640100
8.382314693933568|641100
8.382314693933568|642100
8.382314693933568|643100
8.382314693933568|644100
8.382314693933568|645100
8.382314693933568|646100
8.382314693933568|647100
8.382314693933568|648100
8.382314693933568|649100
8.382314693933568|650100
8.382314693933568|651100
8.382314693933568|652100
8.382314693933568|653100
8.382314693933568|654100
8.382314693933568|655100
8.382314693933568|656100
8.382314693933568|657100
8.382314693933568|658100
8.382314693933568|659100
8.382314693933568|660100
8.382314693933568|661100
8.382314693933568|662100
8.382314693933568|663100
8.382314693933568|664100
8.382314693933568|665100
8.382314693933568|666100
8.382314693933568|667100
8.382314693933568|668100
8.382314693933568|669100
8.382314693933568|670100
8.382314693933568|671100
8.382314693933568|672100
8.382314693933568|673100
8.382314693933568|674100
8.382314693933568|675100
8.382314693933568|676100
8.382314693933568|677100
8.382314693933568|678100
8.382314693933568|679100
8.382314693933568|680100
8.382314693933568|681100
8.382314693933568|682100
8.382314693933568|683100
8.382314693933568|684100
8.382314693933568|685100
8.382314693933568|686100
8.382314693933568|687100
8.382314693933568|688100
8.382314693933568|689100
8.382314693933568|690100
8.382314693933568|691100
8.382314693933568|692100
8.382314693933568|693100
8.382314693933568|694100
8.382314693933568|695100
8.382314693933568|696100
8.382314693933568|697100
8.382314693933568|698100
8.382314693933568|699100
8.382314693933568|700100
8.382314693933568|701100
8.382314693933568|702100
8.382314693933568|703100
8.382314693933568|704100
8.382314693933568|705100
8.382314693933568|706100
8.382314693933568|707100
8.382314693933568|708100
8.382314693933568|709100
8.382314693933568|710100
8.382314693933568|711100
8.382314693933568|712100
8.382314693933568|713100
8.382314693933568|714100
8.382314693933568|715100
8.382314693933568|716100
8.382314693933568|717100
8.382314693933568|718100
8.382314693933568|719100
8.382314693933568|720100
8.382314693933568|721100
8.382314693933568|722100
8.382314693933568|723100
8.382314693933568|724100
8.382314693933568|725100
8.382314693933568|726100
8.382314693933568|727100
8.382314693933568|728100
8.382314693933568|729100
8.382314693933568|730100
8.382314693933568|731100
8.382314693933568|732100
8.382314693933568|733100
8.382314693933568|734100
8.382314693933568|735100
8.382314693933568|736100
8.382314693933568|737100
8.382314693933568|738100
8.382314693933568|739100
8.382314693933568|740100
8.382314693933568|741100
8.382314693933568|742100
8.382314693933568|743100
8.382314693933568|744100
8.382314693933568|745100
8.382314693933568|746100
8.382314693933568|747100
8.382314693933568|748100
8.382314693933568|749100
8.382314693933568|750100
8.382314693933568|751100
8.382314693933568|752100
8.382314693933568|753100
8.382314693933568|754100
8.382314693933568|755100
8.382314693933568|756100
8.382314693933568|757100
8.382314693933568|758100
8.382314693933568|759100
8.382314693933568|760100
8.382314693933568|761100
8.382314693933568|762100
8.382314693933568|763100
8.382314693933568|764100
8.382314693933568|765100
8.382314693933568|766100
8.382314693933568|767100
8.382314693933568|768100
8.382314693933568|769100
8.382314693933568|770100
8.382314693933568|771100
8.382314693933568|772100
8.382314693933568|773100
8.382314693933568|774100
8.382314693933568|775100
8.382314693933568|776100
8.382314693933568|777100
8.382314693933568|778100
8.382314693933568|779100
8.382314693933568|780100
8.382314693933568|781100
8.382314693933568|782100
8.382314693933568|783100
8.382314693933568|784100
8.382314693933568|785100
8.382314693933568|786100
8.382314693933568|787100
8.382314693933568|788100
8.382314693933568|789100
8.382314693933568|790100
8.382314693933568|791100
8.382314693933568|792100
8.382314693933568|793100
8.382314693933568|794100
8.382314693933568|795100
8.382314693933568|796100
8.382314693933568|797100
8.382314693933568|798100
8.382314693933568|799100
8.382314693933568|800100
8.382314693933568|801100
8.382314693933568|802100
8.382314693933568|803100
8.382314693933568|804100
8.382314693933568|805100
8.382314693933568|806100
8.382314693933568|807100
8.382314693933568|808100
8.382314693933568|809100
8.382314693933568|810100
8.382314693933568|811100
8.382314693933568|812100
8.382314693933568|813100
8.382314693933568|814100
8.382314693933568|815100
8.382314693933568|816100
8.382314693933568|817100
8.382314693933568|818100
8.382314693933568|819100
8.382314693933568|820100
8.382314693933568|821100
8.382314693933568|822100
8.382314693933568|823100
8.382314693933568|824100
8.382314693933568|825100
8.382314693933568|826100
8.382314693933568|827100
8.382314693933568|828100
8.382314693933568|829100
8.382314693933568|830100
8.382314693933568|831100
8.382314693933568|832100
8.382314693933568|833100
8.382314693933568|834100
8.382314693933568|835100
8.382314693933568|836100
8.382314693933568|837100
8.382314693933568|838100
8.382314693933568|839100
8.382314693933568|840100
8.382314693933568|841100
8.382314693933568|842100
8.382314693933568|843100
8.382314693933568|844100
8.382314693933568|845100
8.382314693933568|846100
8.382314693933568|847100
8.382314693933568|848100
8.382314693933568|849100
8.382314693933568|850100
8.382314693933568|851100
8.382314693933568|852100
8.382314693933568|853100
8.382314693933568|854100
8.382314693933568|855100
8.382314693933568|856100
8.382314693933568|857100
8.382314693933568|858100
8.382314693933568|859100
8.382314693933568|860100
8.382314693933568|861100
8.382314693933568|862100
8.382314693933568|863100
8.382314693933568|864100
8.382314693933568|865100
8.382314693933568|866100
8.382314693933568|867100
8.382314693933568|868100
8.382314693933568|869100
8.382314693933568|870100
8.382314693933568|871100
8.382314693933568|872100
8.382314693933568|873100
8.382314693933568|874100
8.382314693933568|875100
8.382314693933568|876100
8.382314693933568|877100
8.382314693933568|878100
8.382314693933568|879100
8.382314693933568|880100
8.382314693933568|881100
8.382314693933568|882100
8.382314693933568|883100
8.382314693933568|884100
8.382314693933568|885100
8.382314693933568|886100
8.382314693933568|887100
8.382314693933568|888100
8.382314693933568|889100
8.382314693933568|890100
8.382314693933568|891100
8.382314693933568|892100
8.382314693933568|893100
8.382314693933568|894100
8.382314693933568|895100
8.382314693933568|896100
8.382314693933568|897100
8.382314693933568|898100
8.382314693933568|899100
8.382314693933568|900100
8.382314693933568|901100
8.382314693933568|902100
8.382314693933568|903100
8.382314693933568|904100
8.382314693933568|905100
8.382314693933568|906100
8.382314693933568|907100
8.382314693933568|908100
8.382314693933568|909100
8.382314693933568|910100
8.382314693933568|911100
8.382314693933568|912100
8.382314693933568|913100
8.382314693933568|914100
8.382314693933568|915100
8.382314693933568|916100
8.382314693933568|917100
8.382314693933568|918100
8.382314693933568|919100
8.382314693933568|920100
8.382314693933568|921100
8.382314693933568|922100
8.382314693933568|923100
8.382314693933568|924100
8.382314693933568|925100
8.382314693933568|926100
8.382314693933568|927100
8.382314693933568|928100
8.382314693933568|929100
8.382314693933568|930100
8.382314693933568|931100
8.382314693933568|932100
8.382314693933568|933100
8.382314693933568|934100
8.382314693933568|935100
8.382314693933568|936100
8.382314693933568|937100
8.382314693933568|938100
8.382314693933568|939100
8.382314693933568|940100
8.382314693933568|941100
8.382314693933568|942100
8.382314693933568|943100
8.382314693933568|944100
8.382314693933568|945100
8.382314693933568|946100
8.382314693933568|947100
8.382314693933568|948100
8.382314693933568|949100
8.382314693933568|950100
8.382314693933568|951100
8.382314693933568|952100
8.382314693933568|953100
8.382314693933568|954100
8.382314693933568|955100
8.382314693933568|956100
8.382314693933568|957100
8.382314693933568|958100
8.382314693933568|959100
8.382314693933568|960100
8.382314693933568|961100
8.382314693933568|962100
8.382314693933568|963100
8.382314693933568|964100
8.382314693933568|965100
8.382314693933568|966100
8.382314693933568|967100
8.382314693933568|968100
8.382314693933568|969100
8.382314693933568|970100
8.382314693933568|971100
8.382314693933568|972100
8.382314693933568|973100
8.382314693933568|974100
8.382314693933568|975100
8.382314693933568|976100
8.382314693933568|977100
8.382314693933568|978100
8.382314693933568|979100
8.382314693933568|980100
8.382314693933568|981100
8.382314693933568|982100
8.382314693933568|983100
8.382314693933568|984100
8.382314693933568|985100
8.382314693933568|986100
8.382314693933568|987100
8.382314693933568|988100
8.382314693933568|989100
8.382314693933568|990100
8.382314693933568|991100
8.382314693933568|992100
8.382314693933568|993100
8.382314693933568|994100
8.382314693933568|995100
8.382314693933568|996100
8.382314693933568|997100
8.382314693933568|998100
8.382314693933568|999100
8.382314693933568|1000100
