26.551990454108342|1100
23.51898890647463|2100
21.5539103419196|3100
20.52520493795297|4100
19.77381290266778|5100
19.177174275474137|6100
18.322123157701125|7100
18.095379291301803|8100
16.992485082771292|9100
15.72925007806285|10100
15.66085698100149|11100
15.303279038029313|12100
14.599129091374222|13100
14.558500464376586|14100
14.29805297551927|15100
13.975892244258496|16100
13.854785627771447|17100
13.46816629323023|18100
13.189282340126795|19100
12.801239307111956|20100
12.702125498281216|21100
12.3615932772865|22100
12.008295500651867|23100
11.836698886081653|24100
11.705481405017888|25100
11.52063949446236|26100
11.115973419979776|27100
11.115973419979776|28100
11.115973419979776|29100
10.889607005917702|30100
10.863451847848287|31100
10.6766989991589|32100
10.656489148569067|33100
10.491200786627019|34100
10.491200786627019|35100
10.475559857654437|36100
10.077126061065526|37100
10.077126061065526|38100
9.975383864518049|39100
9.87797813227241|40100
9.740371687117594|41100
9.693336050215008|42100
9.611712480372054|43100
9.507492764510681|44100
9.457030910758276|45100
9.298709937132086|46100
9.262783396072932|47100
9.136125411836458|48100
9.125966627913117|49100
8.898909826357494|50100
8.851320072805596|51100
8.851320072805596|52100
8.851320072805596|53100
8.851320072805596|54100
8.851320072805596|55100
8.851320072805596|56100
8.851320072805596|57100
8.851320072805594|58100
8.851320072805594|59100
8.851320072805594|60100
8.822932492386824|61100
8.822932492386824|62100
8.732204750550293|63100
8.732204750550292|64100
8.645293034246809|65100
8.645293034246809|66100
8.634233630543552|67100
8.634233630543552|68100
8.634233630543552|69100
8.634233630543552|70100
8.634233630543552|71100
8.566248030111945|72100
8.566248030111943|73100
8.547713412262782|74100
8.547713412262782|75100
8.547713412262782|76100
8.547713412262782|77100
8.547713412262782|78100
8.547713412262782|79100
8.547713412262782|80100
8.547713412262782|81100
8.547713412262782|82100
8.547713412262782|83100
8.547713412262782|84100
8.547713412262782|85100
8.547713412262782|86100
8.547713412262782|87100
8.547713412262782|88100
8.547713412262782|89100
8.547713412262782|90100
8.547713412262782|91100
8.547713412262782|92100
8.547713412262782|93100
8.547713412262782|94100
8.547713412262782|95100
8.547713412262782|96100
8.547713412262782|97100
8.547713412262782|98100
8.547713412262782|99100
8.547713412262782|100100
8.547713412262782|101100
8.547713412262782|102100
8.547713412262782|103100
8.547713412262782|104100
8.547713412262782|105100
8.547713412262782|106100
8.547713412262782|107100
8.547713412262782|108100
8.547713412262782|109100
8.547713412262782|110100
8.547713412262782|111100
8.547713412262782|112100
8.547713412262782|113100
8.547713412262782|114100
8.547713412262782|115100
8.547713412262782|116100
8.547713412262782|117100
8.547713412262782|118100
8.547713412262782|119100
8.547713412262782|120100
8.547713412262782|121100
8.547713412262782|122100
8.547713412262782|123100
8.547713412262782|124100
8.547713412262782|125100
8.547713412262782|126100
8.547713412262782|127100
8.547713412262782|128100
8.547713412262782|129100
8.547713412262782|130100
8.547713412262782|131100
8.547713412262782|132100
8.547713412262782|133100
8.547713412262782|134100
8.547713412262782|135100
8.547713412262782|136100
8.547713412262782|137100
8.547713412262782|138100
8.547713412262782|139100
8.547713412262782|140100
8.547713412262782|141100
8.547713412262782|142100
8.547713412262782|143100
8.547713412262782|144100
8.547713412262782|145100
8.547713412262782|146100
8.547713412262782|147100
8.547713412262782|148100
8.547713412262782|149100
8.547713412262782|150100
8.547713412262782|151100
8.547713412262782|152100
8.547713412262782|153100
8.547713412262782|154100
8.547713412262782|155100
8.547713412262782|156100
8.547713412262782|157100
8.547713412262782|158100
8.547713412262782|159100
8.547713412262782|160100
8.547713412262782|161100
8.547713412262782|162100
8.547713412262782|163100
8.547713412262782|164100
8.547713412262782|165100
8.547713412262782|166100
8.547713412262782|167100
8.547713412262782|168100
8.547713412262782|169100
8.547713412262782|170100
8.547713412262782|171100
8.547713412262782|172100
8.547713412262782|173100
8.547713412262782|174100
8.547713412262782|175100
8.547713412262782|176100
8.547713412262782|177100
8.547713412262782|178100
8.547713412262782|179100
8.547713412262782|180100
8.547713412262782|181100
8.547713412262782|182100
8.547713412262782|183100
8.547713412262782|184100
8.547713412262782|185100
8.547713412262782|186100
8.547713412262782|187100
8.547713412262782|188100
8.547713412262782|189100
8.547713412262782|190100
8.547713412262782|191100
8.547713412262782|192100
8.547713412262782|193100
8.547713412262782|194100
8.547713412262782|195100
8.547713412262782|196100
8.547713412262782|197100
8.547713412262782|198100
8.547713412262782|199100
8.547713412262782|200100
8.547713412262782|201100
8.547713412262782|202100
8.547713412262782|203100
8.498367528199577|204100
8.498367528199577|205100
8.498367528199577|206100
8.498367528199577|207100
8.498367528199577|208100
8.498367528199577|209100
8.498367528199577|210100
8.493853209393565|211100
8.493853209393565|212100
8.493853209393563|213100
8.493853209393563|214100
8.493853209393563|215100
8.493853209393563|216100
8.493853209393563|217100
8.493853209393563|218100
8.493853209393563|219100
8.493853209393563|220100
8.493853209393563|221100
8.493853209393563|222100
8.493853209393563|223100
8.493853209393563|224100
8.493853209393563|225100
8.493853209393563|226100
8.493853209393563|227100
8.493853209393563|228100
8.493853209393563|229100
8.493853209393563|230100
8.493853209393563|231100
8.493853209393563|232100
8.493853209393563|233100
8.493853209393563|234100
8.493853209393563|235100
8.493853209393563|236100
8.493853209393563|237100
8.493853209393563|238100
8.493853209393563|239100
8.493853209393563|240100
8.493853209393563|241100
8.493853209393563|242100
8.493853209393563|243100
8.493853209393563|244100
8.493853209393563|245100
8.493853209393563|246100
8.493853209393563|247100
8.493853209393563|248100
8.493853209393563|249100
8.493853209393563|250100
8.493853209393563|251100
8.493853209393563|252100
8.493853209393563|253100
8.493853209393563|254100
8.493853209393563|255100
8.493853209393563|256100
8.493853209393563|257100
8.493853209393563|258100
8.493853209393563|259100
8.433903670660225|260100
8.433903670660223|261100
8.433903670660223|262100
8.433903670660223|263100
8.433903670660223|264100
8.433903670660223|265100
8.433903670660223|266100
8.433903670660223|267100
8.433903670660223|268100
8.433903670660223|269100
8.433903670660223|270100
8.433903670660223|271100
8.433903670660223|272100
8.433903670660223|273100
8.433903670660223|274100
8.433903670660223|275100
8.433903670660223|276100
8.433903670660223|277100
8.433903670660223|278100
8.433903670660223|279100
8.433903670660223|280100
8.433903670660223|281100
8.433903670660223|282100
8.433903670660223|283100
8.433903670660223|284100
8.433903670660223|285100
8.433903670660223|286100
8.433903670660223|287100
8.433903670660223|288100
8.433903670660223|289100
8.433903670660223|290100
8.433903670660223|291100
8.433903670660223|292100
8.433903670660223|293100
8.433903670660223|294100
8.433903670660223|295100
8.433903670660223|296100
8.433903670660223|297100
8.433903670660223|298100
8.433903670660223|299100
8.433903670660223|300100
8.433903670660223|301100
8.433903670660223|302100
8.433903670660223|303100
8.433903670660223|304100
8.433903670660223|305100
8.433903670660223|306100
8.433903670660223|307100
8.433903670660223|308100
8.433903670660223|309100
8.433903670660223|310100
8.433903670660223|311100
8.433903670660223|312100
8.433903670660223|313100
8.433903670660223|314100
8.433903670660223|315100
8.433903670660223|316100
8.433903670660223|317100
8.433903670660223|318100
8.433903670660223|319100
8.433903670660223|320100
8.433903670660223|321100
8.433903670660223|322100
8.433903670660223|323100
8.433903670660223|324100
8.433903670660223|325100
8.433903670660223|326100
8.433903670660223|327100
8.433903670660223|328100
8.433903670660223|329100
8.433903670660223|330100
8.433903670660223|331100
8.433903670660223|332100
8.433903670660223|333100
8.433903670660223|334100
8.433903670660223|335100
8.433903670660223|336100
8.433903670660223|337100
8.433903670660223|338100
8.433903670660223|339100
8.433903670660223|340100
8.433903670660223|341100
8.433903670660223|342100
8.433903670660223|343100
8.433903670660223|344100
8.433903670660223|345100
8.433903670660223|346100
8.433903670660223|347100
8.433903670660223|348100
8.433903670660223|349100
8.433903670660223|350100
8.433903670660223|351100
8.433903670660223|352100
8.433903670660223|353100
8.433903670660223|354100
8.433903670660223|355100
8.433903670660223|356100
8.433903670660223|357100
8.433903670660223|358100
8.433903670660223|359100
8.433903670660223|360100
8.433903670660223|361100
8.433903670660223|362100
8.433903670660223|363100
8.433903670660223|364100
8.433903670660223|365100
8.433903670660223|366100
8.433903670660223|367100
8.433903670660223|368100
8.433903670660223|369100
8.433903670660223|370100
8.433903670660223|371100
8.433903670660223|372100
8.433903670660223|373100
8.433903670660223|374100
8.433903670660223|375100
8.433903670660223|376100
8.433903670660223|377100
8.433903670660223|378100
8.433903670660223|379100
8.433903670660223|380100
8.433903670660223|381100
8.433903670660223|382100
8.433903670660223|383100
8.433903670660223|384100
8.433903670660223|385100
8.433903670660223|386100
8.433903670660223|387100
8.433903670660223|388100
8.433903670660223|389100
8.433903670660223|390100
8.433903670660223|391100
8.433903670660223|392100
8.433903670660223|393100
8.433903670660223|394100
8.433903670660223|395100
8.433903670660223|396100
8.433903670660223|397100
8.433903670660223|398100
8.433903670660223|399100
8.433903670660223|400100
8.433903670660223|401100
8.433903670660223|402100
8.433903670660223|403100
8.433903670660223|404100
8.433903670660223|405100
8.433903670660223|406100
8.433903670660223|407100
8.433903670660223|408100
8.433903670660223|409100
8.433903670660223|410100
8.433903670660223|411100
8.433903670660223|412100
8.433903670660223|413100
8.433903670660223|414100
8.433903670660223|415100
8.433903670660223|416100
8.433903670660223|417100
8.433903670660223|418100
8.433903670660223|419100
8.433903670660223|420100
8.433903670660223|421100
8.433903670660223|422100
8.433903670660223|423100
8.433903670660223|424100
8.433903670660223|425100
8.433903670660223|426100
8.433903670660223|427100
8.433903670660223|428100
8.433903670660223|429100
8.433903670660223|430100
8.433903670660223|431100
8.433903670660223|432100
8.433903670660223|433100
8.433903670660223|434100
8.433903670660223|435100
8.433903670660223|436100
8.433903670660223|437100
8.433903670660223|438100
8.433903670660223|439100
8.433903670660223|440100
8.433903670660223|441100
8.433903670660223|442100
8.433903670660223|443100
8.433903670660223|444100
8.433903670660223|445100
8.433903670660223|446100
8.433903670660223|447100
8.433903670660223|448100
8.433903670660223|449100
8.433903670660223|450100
8.433903670660223|451100
8.433903670660223|452100
8.433903670660223|453100
8.433903670660223|454100
8.433903670660223|455100
8.433903670660223|456100
8.433903670660223|457100
8.433903670660223|458100
8.433903670660223|459100
8.433903670660223|460100
8.433903670660223|461100
8.433903670660223|462100
8.433903670660223|463100
8.433903670660223|464100
8.433903670660223|465100
8.433903670660223|466100
8.433903670660223|467100
8.433903670660223|468100
8.433903670660223|469100
8.433903670660223|470100
8.433903670660223|471100
8.433903670660223|472100
8.433903670660223|473100
8.433903670660223|474100
8.433903670660223|475100
8.433903670660223|476100
8.433903670660223|477100
8.433903670660223|478100
8.433903670660223|479100
8.433903670660223|480100
8.433903670660223|481100
8.433903670660223|482100
8.433903670660223|483100
8.433903670660223|484100
8.433903670660223|485100
8.433903670660223|486100
8.433903670660223|487100
8.433903670660223|488100
8.433903670660223|489100
8.433903670660223|490100
8.433903670660223|491100
8.433903670660223|492100
8.433903670660223|493100
8.433903670660223|494100
8.433903670660223|495100
8.433903670660223|496100
8.433903670660223|497100
8.433903670660223|498100
8.433903670660223|499100
8.433903670660223|500100
8.433903670660223|501100
8.433903670660223|502100
8.433903670660223|503100
8.433903670660223|504100
8.433903670660223|505100
8.433903670660223|506100
8.433903670660223|507100
8.433903670660223|508100
8.433903670660223|509100
8.433903670660223|510100
8.433903670660223|511100
8.433903670660223|512100
8.433903670660223|513100
8.433903670660223|514100
8.433903670660223|515100
8.433903670660223|516100
8.433903670660223|517100
8.433903670660223|518100
8.433903670660223|519100
8.433903670660223|520100
8.433903670660223|521100
8.433903670660223|522100
8.433903670660223|523100
8.433903670660223|524100
8.433903670660223|525100
8.433903670660223|526100
8.433903670660223|527100
8.433903670660223|528100
8.433903670660223|529100
8.433903670660223|530100
8.433903670660223|531100
8.433903670660223|532100
8.433903670660223|533100
8.433903670660223|534100
8.433903670660223|535100
8.433903670660223|536100
8.433903670660223|537100
8.433903670660223|538100
8.433903670660223|539100
8.433903670660223|540100
8.433903670660223|541100
8.433903670660223|542100
8.433903670660223|543100
8.433903670660223|544100
8.433903670660223|545100
8.433903670660223|546100
8.433903670660223|547100
8.433903670660223|548100
8.433903670660223|549100
8.433903670660223|550100
8.433903670660223|551100
8.433903670660223|552100
8.433903670660223|553100
8.433903670660223|554100
8.433903670660223|555100
8.433903670660223|556100
8.433903670660223|557100
8.433903670660223|558100
8.433903670660223|559100
8.433903670660223|560100
8.433903670660223|561100
8.433903670660223|562100
8.433903670660223|563100
8.433903670660223|564100
8.433903670660223|565100
8.433903670660223|566100
8.433903670660223|567100
8.433903670660223|568100
8.433903670660223|569100
8.433903670660223|570100
8.433903670660223|571100
8.433903670660223|572100
8.433903670660223|573100
8.433903670660223|574100
8.433903670660223|575100
8.433903670660223|576100
8.433903670660223|577100
8.433903670660223|578100
8.433903670660223|579100
8.433903670660223|580100
8.433903670660223|581100
8.433903670660223|582100
8.433903670660223|583100
8.433903670660223|584100
8.433903670660223|585100
8.433903670660223|586100
8.433903670660223|587100
8.433903670660223|588100
8.433903670660223|589100
8.433903670660223|590100
8.433903670660223|591100
8.433903670660223|592100
8.433903670660223|593100
8.433903670660223|594100
8.433903670660223|595100
8.433903670660223|596100
8.433903670660223|597100
8.433903670660223|598100
8.433903670660223|599100
8.433903670660223|600100
8.433903670660223|601100
8.433903670660223|602100
8.433903670660223|603100
8.433903670660223|604100
8.433903670660223|605100
8.433903670660223|606100
8.433903670660223|607100
8.433903670660223|608100
8.433903670660223|609100
8.433903670660223|610100
8.433903670660223|611100
8.433903670660223|612100
8.433903670660223|613100
8.433903670660223|614100
8.433903670660223|615100
8.433903670660223|616100
8.433903670660223|617100
8.433903670660223|618100
8.433903670660223|619100
8.433903670660223|620100
8.433903670660223|621100
8.433903670660223|622100
8.433903670660223|623100
8.433903670660223|624100
8.433903670660223|625100
8.433903670660223|626100
8.433903670660223|627100
8.433903670660223|628100
8.433903670660223|629100
8.433903670660223|630100
8.433903670660223|631100
8.433903670660223|632100
8.433903670660223|633100
8.433903670660223|634100
8.433903670660223|635100
8.433903670660223|636100
8.433903670660223|637100
8.433903670660223|638100
8.433903670660223|639100
8.433903670660223|640100
8.433903670660223|641100
8.433903670660223|642100
8.433903670660223|643100
8.433903670660223|644100
8.433903670660223|645100
8.433903670660223|646100
8.433903670660223|647100
8.433903670660223|648100
8.433903670660223|649100
8.433903670660223|650100
8.433903670660223|651100
8.433903670660223|652100
8.433903670660223|653100
8.433903670660223|654100
8.433903670660223|655100
8.433903670660223|656100
8.433903670660223|657100
8.433903670660223|658100
8.433903670660223|659100
8.433903670660223|660100
8.433903670660223|661100
8.433903670660223|662100
8.433903670660223|663100
8.433903670660223|664100
8.433903670660223|665100
8.433903670660223|666100
8.433903670660223|667100
8.433903670660223|668100
8.433903670660223|669100
8.433903670660223|670100
8.433903670660223|671100
8.433903670660223|672100
8.433903670660223|673100
8.433903670660223|674100
8.433903670660223|675100
8.433903670660223|676100
8.433903670660223|677100
8.433903670660223|678100
8.433903670660223|679100
8.433903670660223|680100
8.433903670660223|681100
8.433903670660223|682100
8.433903670660223|683100
8.433903670660223|684100
8.433903670660223|685100
8.433903670660223|686100
8.433903670660223|687100
8.433903670660223|688100
8.433903670660223|689100
8.433903670660223|690100
8.433903670660223|691100
8.433903670660223|692100
8.433903670660223|693100
8.433903670660223|694100
8.433903670660223|695100
8.433903670660223|696100
8.433903670660223|697100
8.433903670660223|698100
8.433903670660223|699100
8.433903670660223|700100
8.433903670660223|701100
8.433903670660223|702100
8.433903670660223|703100
8.433903670660223|704100
8.433903670660223|705100
8.433903670660223|706100
8.433903670660223|707100
8.433903670660223|708100
8.433903670660223|709100
8.433903670660223|710100
8.433903670660223|711100
8.433903670660223|712100
8.433903670660223|713100
8.433903670660223|714100
8.433903670660223|715100
8.433903670660223|716100
8.433903670660223|717100
8.433903670660223|718100
8.433903670660223|719100
8.433903670660223|720100
8.433903670660223|721100
8.433903670660223|722100
8.433903670660223|723100
8.433903670660223|724100
8.433903670660223|725100
8.433903670660223|726100
8.433903670660223|727100
8.433903670660223|728100
8.433903670660223|729100
8.433903670660223|730100
8.433903670660223|731100
8.433903670660223|732100
8.433903670660223|733100
8.433903670660223|734100
8.433903670660223|735100
8.433903670660223|736100
8.433903670660223|737100
8.433903670660223|738100
8.433903670660223|739100
8.433903670660223|740100
8.433903670660223|741100
8.433903670660223|742100
8.433903670660223|743100
8.433903670660223|744100
8.433903670660223|745100
8.433903670660223|746100
8.433903670660223|747100
8.433903670660223|748100
8.433903670660223|749100
8.433903670660223|750100
8.433903670660223|751100
8.433903670660223|752100
8.433903670660223|753100
8.433903670660223|754100
8.433903670660223|755100
8.433903670660223|756100
8.433903670660223|757100
8.433903670660223|758100
8.433903670660223|759100
8.433903670660223|760100
8.433903670660223|761100
8.433903670660223|762100
8.433903670660223|763100
8.433903670660223|764100
8.433903670660223|765100
8.433903670660223|766100
8.433903670660223|767100
8.433903670660223|768100
8.433903670660223|769100
8.433903670660223|770100
8.433903670660223|771100
8.433903670660223|772100
8.433903670660223|773100
8.433903670660223|774100
8.433903670660223|775100
8.433903670660223|776100
8.433903670660223|777100
8.433903670660223|778100
8.433903670660223|779100
8.433903670660223|780100
8.433903670660223|781100
8.433903670660223|782100
8.433903670660223|783100
8.433903670660223|784100
8.433903670660223|785100
8.433903670660223|786100
8.433903670660223|787100
8.433903670660223|788100
8.433903670660223|789100
8.433903670660223|790100
8.433903670660223|791100
8.433903670660223|792100
8.433903670660223|793100
8.433903670660223|794100
8.433903670660223|795100
8.433903670660223|796100
8.433903670660223|797100
8.433903670660223|798100
8.433903670660223|799100
8.433903670660223|800100
8.433903670660223|801100
8.433903670660223|802100
8.433903670660223|803100
8.433903670660223|804100
8.433903670660223|805100
8.433903670660223|806100
8.433903670660223|807100
8.433903670660223|808100
8.433903670660223|809100
8.433903670660223|810100
8.433903670660223|811100
8.433903670660223|812100
8.433903670660223|813100
8.433903670660223|814100
8.433903670660223|815100
8.433903670660223|816100
8.433903670660223|817100
8.433903670660223|818100
8.433903670660223|819100
8.433903670660223|820100
8.433903670660223|821100
8.433903670660223|822100
8.433903670660223|823100
8.433903670660223|824100
8.433903670660223|825100
8.433903670660223|826100
8.433903670660223|827100
8.433903670660223|828100
8.433903670660223|829100
8.433903670660223|830100
8.433903670660223|831100
8.433903670660223|832100
8.433903670660223|833100
8.433903670660223|834100
8.433903670660223|835100
8.433903670660223|836100
8.433903670660223|837100
8.433903670660223|838100
8.433903670660223|839100
8.433903670660223|840100
8.433903670660223|841100
8.433903670660223|842100
8.433903670660223|843100
8.433903670660223|844100
8.433903670660223|845100
8.433903670660223|846100
8.433903670660223|847100
8.433903670660223|848100
8.433903670660223|849100
8.433903670660223|850100
8.433903670660223|851100
8.433903670660223|852100
8.433903670660223|853100
8.433903670660223|854100
8.433903670660223|855100
8.433903670660223|856100
8.433903670660223|857100
8.433903670660223|858100
8.433903670660223|859100
8.433903670660223|860100
8.433903670660223|861100
8.433903670660223|862100
8.433903670660223|863100
8.433903670660223|864100
8.433903670660223|865100
8.433903670660223|866100
8.433903670660223|867100
8.433903670660223|868100
8.433903670660223|869100
8.433903670660223|870100
8.433903670660223|871100
8.433903670660223|872100
8.433903670660223|873100
8.433903670660223|874100
8.433903670660223|875100
8.433903670660223|876100
8.433903670660223|877100
8.433903670660223|878100
8.433903670660223|879100
8.433903670660223|880100
8.433903670660223|881100
8.433903670660223|882100
8.433903670660223|883100
8.433903670660223|884100
8.433903670660223|885100
8.433903670660223|886100
8.433903670660223|887100
8.433903670660223|888100
8.433903670660223|889100
8.433903670660223|890100
8.433903670660223|891100
8.433903670660223|892100
8.433903670660223|893100
8.433903670660223|894100
8.433903670660223|895100
8.433903670660223|896100
8.433903670660223|897100
8.433903670660223|898100
8.433903670660223|899100
8.433903670660223|900100
8.433903670660223|901100
8.381534517099322|902100
8.381534517099322|903100
8.381534517099322|904100
8.381534517099322|905100
8.381534517099322|906100
8.381534517099322|907100
8.381534517099322|908100
8.381534517099322|909100
8.381534517099322|910100
8.381534517099322|911100
8.381534517099322|912100
8.381534517099322|913100
8.381534517099322|914100
8.381534517099322|915100
8.381534517099322|916100
8.381534517099322|917100
8.381534517099322|918100
8.381534517099322|919100
8.381534517099322|920100
8.381534517099322|921100
8.381534517099322|922100
8.381534517099322|923100
8.381534517099322|924100
8.381534517099322|925100
8.381534517099322|926100
8.381534517099322|927100
8.381534517099322|928100
8.381534517099322|929100
8.381534517099322|930100
8.381534517099322|931100
8.381534517099322|932100
8.381534517099322|933100
8.381534517099322|934100
8.381534517099322|935100
8.381534517099322|936100
8.381534517099322|937100
8.381534517099322|938100
8.381534517099322|939100
8.381534517099322|940100
8.381534517099322|941100
8.381534517099322|942100
8.381534517099322|943100
8.381534517099322|944100
8.381534517099322|945100
8.381534517099322|946100
8.381534517099322|947100
8.381534517099322|948100
8.381534517099322|949100
8.381534517099322|950100
8.381534517099322|951100
8.381534517099322|952100
8.381534517099322|953100
8.381534517099322|954100
8.381534517099322|955100
8.381534517099322|956100
8.381534517099322|957100
8.381534517099322|958100
8.381534517099322|959100
8.381534517099322|960100
8.381534517099322|961100
8.381534517099322|962100
8.381534517099322|963100
8.381534517099322|964100
8.381534517099322|965100
8.381534517099322|966100
8.381534517099322|967100
8.381534517099322|968100
8.381534517099322|969100
8.381534517099322|970100
8.381534517099322|971100
8.381534517099322|972100
8.381534517099322|973100
8.381534517099322|974100
8.381534517099322|975100
8.381534517099322|976100
8.381534517099322|977100
8.381534517099322|978100
8.381534517099322|979100
8.381534517099322|980100
8.381534517099322|981100
8.381534517099322|982100
8.381534517099322|983100
8.381534517099322|984100
8.381534517099322|985100
8.381534517099322|986100
8.381534517099322|987100
8.381534517099322|988100
8.381534517099322|989100
8.381534517099322|990100
8.381534517099322|991100
8.381534517099322|992100
8.381534517099322|993100
8.381534517099322|994100
8.381534517099322|995100
8.381534517099322|996100
8.381534517099322|997100
8.381534517099322|998100
8.381534517099322|999100
8.381534517099322|1000100
