25.84392263888847|2000
25.05592611366046|3000
24.58637521748214|4000
23.759527951380914|5000
22.328428180894647|6000
22.328428180894647|7000
22.328428180894647|8000
22.328428180894647|9000
22.328428180894647|10000
22.328428180894647|11000
21.376493586824278|12000
21.376493586824278|13000
21.376493586824278|14000
21.376493586824278|15000
20.838681230408685|16000
20.32371867235072|17000
20.32371867235072|18000
20.32371867235072|19000
20.32371867235072|20000
20.32371867235072|21000
20.32371867235072|22000
20.32371867235072|23000
20.32371867235072|24000
20.32371867235072|25000
18.87364557118161|26000
18.87364557118161|27000
18.87364557118161|28000
18.87364557118161|29000
18.87364557118161|30000
18.87364557118161|31000
18.87364557118161|32000
18.87364557118161|33000
18.87364557118161|34000
18.87364557118161|35000
18.87364557118161|36000
18.87364557118161|37000
18.87364557118161|38000
18.112244052759806|39000
18.112244052759806|40000
18.112244052759806|41000
18.112244052759806|42000
18.112244052759806|43000
18.112244052759806|44000
18.112244052759806|45000
18.112244052759806|46000
18.112244052759806|47000
18.112244052759806|48000
18.112244052759806|49000
18.112244052759806|50000
18.112244052759806|51000
18.112244052759806|52000
18.112244052759806|53000
18.112244052759806|54000
18.112244052759806|55000
18.112244052759806|56000
18.112244052759806|57000
18.112244052759806|58000
16.53035188545145|59000
16.53035188545145|60000
16.53035188545145|61000
16.53035188545145|62000
16.53035188545145|63000
16.53035188545145|64000
16.53035188545145|65000
16.53035188545145|66000
16.53035188545145|67000
16.53035188545145|68000
16.53035188545145|69000
16.53035188545145|70000
16.53035188545145|71000
16.53035188545145|72000
16.53035188545145|73000
16.53035188545145|74000
16.53035188545145|75000
16.53035188545145|76000
16.53035188545145|77000
16.53035188545145|78000
16.53035188545145|79000
16.53035188545145|80000
16.53035188545145|81000
16.53035188545145|82000
16.53035188545145|83000
16.53035188545145|84000
16.53035188545145|85000
16.53035188545145|86000
16.53035188545145|87000
16.53035188545145|88000
16.53035188545145|89000
16.53035188545145|90000
16.53035188545145|91000
16.53035188545145|92000
16.53035188545145|93000
16.53035188545145|94000
16.53035188545145|95000
16.53035188545145|96000
16.53035188545145|97000
16.53035188545145|98000
16.53035188545145|99000
16.53035188545145|100000
16.53035188545145|101000
16.53035188545145|102000
16.53035188545145|103000
16.53035188545145|104000
16.53035188545145|105000
16.53035188545145|106000
16.53035188545145|107000
16.53035188545145|108000
16.53035188545145|109000
16.53035188545145|110000
16.53035188545145|111000
16.53035188545145|112000
16.53035188545145|113000
16.53035188545145|114000
16.53035188545145|115000
16.53035188545145|116000
16.53035188545145|117000
16.53035188545145|118000
16.53035188545145|119000
16.53035188545145|120000
16.53035188545145|121000
16.277884684931553|122000
16.277884684931553|123000
16.277884684931553|124000
16.277884684931553|125000
15.700189901914886|126000
15.700189901914886|127000
15.700189901914886|128000
15.700189901914886|129000
15.700189901914886|130000
15.700189901914886|131000
15.700189901914886|132000
15.700189901914886|133000
15.700189901914886|134000
15.700189901914886|135000
15.700189901914886|136000
15.700189901914886|137000
15.700189901914886|138000
15.700189901914886|139000
15.700189901914886|140000
15.700189901914886|141000
15.700189901914886|142000
15.700189901914886|143000
15.700189901914886|144000
15.700189901914886|145000
15.700189901914886|146000
15.700189901914886|147000
15.700189901914886|148000
15.700189901914886|149000
15.700189901914886|150000
15.700189901914886|151000
15.700189901914886|152000
15.700189901914886|153000
15.700189901914886|154000
15.598046710817684|155000
15.598046710817684|156000
15.598046710817684|157000
15.58812562553407|158000
15.58812562553407|159000
15.58812562553407|160000
15.58812562553407|161000
15.58812562553407|162000
14.371793275017318|163000
14.371793275017318|164000
14.371793275017318|165000
14.371793275017318|166000
14.371793275017318|167000
14.371793275017318|168000
14.371793275017318|169000
14.371793275017318|170000
14.371793275017318|171000
14.371793275017318|172000
14.371793275017318|173000
14.371793275017318|174000
14.371793275017318|175000
14.371793275017318|176000
14.371793275017318|177000
14.371793275017318|178000
14.371793275017318|179000
14.371793275017318|180000
14.371793275017318|181000
14.371793275017318|182000
14.371793275017318|183000
14.371793275017318|184000
14.371793275017318|185000
14.371793275017318|186000
14.371793275017318|187000
14.371793275017318|188000
14.371793275017318|189000
14.371793275017318|190000
14.371793275017318|191000
14.371793275017318|192000
14.371793275017318|193000
14.371793275017318|194000
14.371793275017318|195000
14.371793275017318|196000
14.371793275017318|197000
14.371793275017318|198000
14.371793275017318|199000
14.371793275017318|200000
14.371793275017318|201000
14.371793275017318|202000
14.371793275017318|203000
14.371793275017318|204000
14.371793275017318|205000
14.371793275017318|206000
14.371793275017318|207000
14.371793275017318|208000
14.371793275017318|209000
14.371793275017318|210000
14.371793275017318|211000
14.371793275017318|212000
14.371793275017318|213000
14.371793275017318|214000
14.371793275017318|215000
14.371793275017318|216000
14.371793275017318|217000
14.070005219560281|218000
14.070005219560281|219000
14.012437317511823|220000
14.012437317511823|221000
14.012437317511823|222000
14.012437317511823|223000
14.012437317511823|224000
14.012437317511823|225000
14.012437317511823|226000
14.012437317511823|227000
14.012437317511823|228000
14.012437317511823|229000
14.012437317511823|230000
14.012437317511823|231000
14.012437317511823|232000
14.012437317511823|233000
14.012437317511823|234000
14.012437317511823|235000
14.012437317511823|236000
14.012437317511823|237000
14.012437317511823|238000
14.012437317511823|239000
13.82934635128304|240000
13.82934635128304|241000
13.82934635128304|242000
13.82934635128304|243000
13.82934635128304|244000
13.82934635128304|245000
13.82934635128304|246000
13.82934635128304|247000
13.82934635128304|248000
13.82934635128304|249000
13.82934635128304|250000
13.82934635128304|251000
13.82934635128304|252000
13.82934635128304|253000
13.82934635128304|254000
13.82934635128304|255000
13.82934635128304|256000
13.82934635128304|257000
13.82934635128304|258000
13.82934635128304|259000
13.82934635128304|260000
13.82934635128304|261000
13.82934635128304|262000
13.82934635128304|263000
13.82934635128304|264000
13.82934635128304|265000
13.82934635128304|266000
13.82934635128304|267000
13.82934635128304|268000
13.82934635128304|269000
13.82934635128304|270000
13.717980322967463|271000
13.717980322967463|272000
13.717980322967463|273000
13.717980322967463|274000
13.717980322967463|275000
13.717980322967463|276000
13.717980322967463|277000
13.295460500499114|278000
13.295460500499114|279000
13.295460500499114|280000
13.295460500499114|281000
13.295460500499114|282000
13.295460500499114|283000
13.295460500499114|284000
13.295460500499114|285000
13.295460500499114|286000
13.129393061367999|287000
13.129393061367999|288000
13.129393061367999|289000
13.129393061367999|290000
13.129393061367999|291000
13.129393061367999|292000
13.129393061367999|293000
13.129393061367999|294000
13.129393061367999|295000
13.129393061367999|296000
13.129393061367999|297000
13.129393061367999|298000
13.064274499042078|299000
13.064274499042078|300000
13.064274499042078|301000
13.064274499042078|302000
13.023002424357877|303000
11.984807144677417|304000
11.984807144677417|305000
11.984807144677417|306000
11.984807144677417|307000
11.984807144677417|308000
11.984807144677417|309000
11.984807144677417|310000
11.984807144677417|311000
11.984807144677417|312000
11.984807144677417|313000
11.984807144677417|314000
11.984807144677417|315000
11.984807144677417|316000
11.984807144677417|317000
11.984807144677417|318000
11.984807144677417|319000
11.984807144677417|320000
11.984807144677417|321000
11.879084923282605|322000
11.879084923282605|323000
11.879084923282605|324000
11.879084923282605|325000
11.879084923282605|326000
11.879084923282605|327000
11.879084923282605|328000
11.879084923282605|329000
11.879084923282605|330000
11.879084923282605|331000
11.567587447387227|332000
11.567587447387227|333000
11.567587447387227|334000
11.567587447387227|335000
11.567587447387227|336000
11.567587447387227|337000
11.557200599277131|338000
11.557200599277131|339000
11.557200599277131|340000
11.557200599277131|341000
11.557200599277131|342000
11.448492795325604|343000
11.448492795325604|344000
11.448492795325604|345000
11.430556437727319|346000
10.97210327976558|347000
10.97210327976558|348000
10.97210327976558|349000
10.97210327976558|350000
10.768171633967986|351000
10.768171633967986|352000
10.768171633967986|353000
10.768171633967986|354000
10.768171633967986|355000
10.768171633967986|356000
10.556320080082646|357000
10.556320080082646|358000
10.464916390680772|359000
10.464916390680772|360000
10.464916390680772|361000
10.464916390680772|362000
10.464916390680772|363000
10.464916390680772|364000
10.464916390680772|365000
10.464916390680772|366000
10.464916390680772|367000
10.464916390680772|368000
10.261511384191754|369000
10.261511384191754|370000
10.261511384191754|371000
10.261511384191754|372000
10.261511384191754|373000
10.261511384191754|374000
10.261511384191754|375000
10.261511384191754|376000
10.261511384191754|377000
10.261511384191754|378000
10.261511384191754|379000
10.261511384191754|380000
9.941861080720923|381000
9.941861080720923|382000
9.941861080720923|383000
9.941861080720923|384000
9.941861080720923|385000
9.941861080720923|386000
9.941861080720923|387000
9.941861080720923|388000
9.93603141350799|389000
9.93603141350799|390000
9.93603141350799|391000
9.901659910347801|392000
9.901659910347801|393000
9.901659910347801|394000
9.901659910347801|395000
9.760375286989799|396000
9.760375286989799|397000
9.760375286989799|398000
9.760375286989799|399000
9.760375286989799|400000
9.718705265081718|401000
9.718705265081718|402000
9.718705265081718|403000
9.689688629579376|404000
9.689688629579376|405000
9.635762446483486|406000
9.563774929110496|407000
9.563774929110496|408000
9.563774929110496|409000
9.563774929110496|410000
9.563774929110496|411000
9.563774929110496|412000
9.563774929110496|413000
9.563774929110496|414000
9.563774929110496|415000
9.563774929110496|416000
9.548124285778936|417000
9.50088215892465|418000
9.50088215892465|419000
9.50088215892465|420000
9.50088215892465|421000
9.486405527932973|422000
9.486405527932973|423000
9.486405527932973|424000
9.486405527932973|425000
9.474299684352157|426000
9.474299684352157|427000
9.474299684352157|428000
9.474299684352157|429000
9.474299684352157|430000
9.474299684352157|431000
9.474299684352157|432000
9.451824906585381|433000
9.451824906585381|434000
9.439818657559298|435000
9.439818657559298|436000
9.439818657559298|437000
9.439818657559298|438000
9.439818657559298|439000
9.439818657559298|440000
9.439818657559298|441000
9.439818657559298|442000
9.439818657559298|443000
9.360477757586255|444000
9.360477757586255|445000
9.351617078638467|446000
9.33664355751153|447000
9.33664355751153|448000
9.33664355751153|449000
9.33664355751153|450000
9.33664355751153|451000
9.33664355751153|452000
9.33664355751153|453000
9.33664355751153|454000
9.278445724054471|455000
9.278445724054471|456000
9.22378677848978|457000
9.22378677848978|458000
9.22378677848978|459000
9.118345519314714|460000
9.118345519314714|461000
9.118345519314714|462000
9.118345519314714|463000
9.118345519314714|464000
9.115199949236422|465000
9.115199949236422|466000
9.115199949236422|467000
9.115199949236422|468000
9.115199949236422|469000
9.115199949236422|470000
9.115199949236422|471000
9.115199949236422|472000
9.115199949236422|473000
9.115199949236422|474000
9.115199949236422|475000
9.115199949236422|476000
9.115199949236422|477000
9.115199949236422|478000
9.115199949236422|479000
9.115199949236422|480000
9.115199949236422|481000
9.115199949236422|482000
9.115199949236422|483000
9.115199949236422|484000
9.115199949236422|485000
9.115199949236422|486000
9.115199949236422|487000
9.115199949236422|488000
9.115199949236422|489000
9.10633927028863|490000
9.049744652963705|491000
9.049744652963705|492000
9.049744652963705|493000
9.049744652963705|494000
9.049744652963705|495000
9.049744652963705|496000
9.049744652963705|497000
8.997315259922086|498000
8.997315259922086|499000
8.997315259922086|500000
8.997315259922086|501000
8.997315259922086|502000
8.997315259922086|503000
8.997315259922086|504000
8.997315259922086|505000
8.997315259922086|506000
8.997315259922086|507000
8.997315259922086|508000
8.997315259922086|509000
8.997315259922086|510000
8.997315259922086|511000
8.89837017687751|512000
8.89837017687751|513000
8.89837017687751|514000
8.89837017687751|515000
8.89837017687751|516000
8.898370176877508|517000
8.898370176877508|518000
8.898370176877508|519000
8.898370176877508|520000
8.898370176877508|521000
8.898370176877508|522000
8.84594078383589|523000
8.84594078383589|524000
8.821033102810127|525000
8.821033102810127|526000
8.777339917484882|527000
8.76008150631174|528000
8.76008150631174|529000
8.76008150631174|530000
8.76008150631174|531000
8.760081506311737|532000
8.760081506311737|533000
8.760081506311737|534000
8.669658626723932|535000
8.66965862672393|536000
8.66965862672393|537000
8.66965862672393|538000
8.660323159962223|539000
8.619680719773083|540000
8.619680719773083|541000
8.619680719773083|542000
8.619680719773083|543000
8.619680719773083|544000
8.619680719773083|545000
8.619680719773083|546000
8.619680719773081|547000
8.619680719773081|548000
8.619680719773081|549000
8.619680719773081|550000
8.533039015560925|551000
8.533039015560925|552000
8.533039015560925|553000
8.533039015560925|554000
8.533039015560925|555000
8.533039015560924|556000
8.533039015560924|557000
8.533039015560924|558000
8.533039015560924|559000
8.504651435142154|560000
8.504651435142154|561000
8.504651435142154|562000
8.504651435142154|563000
8.504651435142154|564000
8.502341306428297|565000
8.502341306428297|566000
8.502341306428297|567000
8.502341306428297|568000
8.502341306428297|569000
8.502341306428294|570000
8.502341306428294|571000
8.502341306428294|572000
8.502341306428294|573000
8.502341306428294|574000
8.501949779546504|575000
8.501949779546504|576000
8.501949779546504|577000
8.5019497795465|578000
8.5019497795465|579000
8.5019497795465|580000
8.5019497795465|581000
8.5019497795465|582000
8.5019497795465|583000
8.5019497795465|584000
8.5019497795465|585000
8.5019497795465|586000
8.5019497795465|587000
8.5019497795465|588000
8.5019497795465|589000
8.5019497795465|590000
8.5019497795465|591000
8.5019497795465|592000
8.5019497795465|593000
8.5019497795465|594000
8.5019497795465|595000
8.5019497795465|596000
8.5019497795465|597000
8.5019497795465|598000
8.5019497795465|599000
8.5019497795465|600000
8.5019497795465|601000
8.5019497795465|602000
8.5019497795465|603000
8.5019497795465|604000
8.5019497795465|605000
8.5019497795465|606000
8.5019497795465|607000
8.5019497795465|608000
8.5019497795465|609000
8.5019497795465|610000
8.5019497795465|611000
8.5019497795465|612000
8.5019497795465|613000
8.5019497795465|614000
8.5019497795465|615000
8.5019497795465|616000
8.5019497795465|617000
8.49809460992907|618000
8.49809460992907|619000
8.49809460992907|620000
8.49809460992907|621000
8.49809460992907|622000
8.49809460992907|623000
8.49809460992907|624000
8.49809460992907|625000
8.49809460992907|626000
8.49809460992907|627000
8.49809460992907|628000
8.49809460992907|629000
8.498094609929069|630000
8.498094609929069|631000
8.498094609929069|632000
8.498094609929069|633000
8.498094609929069|634000
8.498094609929069|635000
8.498094609929069|636000
8.498094609929069|637000
8.498094609929069|638000
8.498094609929069|639000
8.498094609929069|640000
8.498094609929069|641000
8.498094609929069|642000
8.498094609929069|643000
8.498094609929069|644000
8.498094609929069|645000
8.498094609929069|646000
8.498094609929069|647000
8.498094609929069|648000
8.498094609929069|649000
8.498094609929069|650000
8.498094609929069|651000
8.498094609929069|652000
8.498094609929069|653000
8.498094609929069|654000
8.498094609929069|655000
8.498094609929069|656000
8.498094609929069|657000
8.498094609929069|658000
8.498094609929069|659000
8.498094609929069|660000
8.498094609929069|661000
8.498094609929069|662000
8.498094609929069|663000
8.498094609929069|664000
8.498094609929069|665000
8.498094609929069|666000
8.498094609929069|667000
8.498094609929069|668000
8.498094609929069|669000
8.498094609929069|670000
8.498094609929069|671000
8.498094609929069|672000
8.498094609929069|673000
8.498094609929069|674000
8.498094609929069|675000
8.498094609929069|676000
8.498094609929069|677000
8.498094609929069|678000
8.498094609929069|679000
8.498094609929069|680000
8.498094609929069|681000
8.498094609929069|682000
8.498094609929069|683000
8.498094609929069|684000
8.498094609929069|685000
8.498094609929069|686000
8.498094609929069|687000
8.498094609929069|688000
8.498094609929069|689000
8.498094609929069|690000
8.498094609929069|691000
8.498094609929069|692000
8.498094609929069|693000
8.498094609929069|694000
8.498094609929069|695000
8.498094609929069|696000
8.498094609929069|697000
8.498094609929069|698000
8.498094609929069|699000
8.498094609929069|700000
8.498094609929069|701000
8.498094609929069|702000
8.498094609929069|703000
8.498094609929069|704000
8.498094609929069|705000
8.498094609929069|706000
8.498094609929069|707000
8.498094609929069|708000
8.498094609929069|709000
8.498094609929069|710000
8.498094609929069|711000
8.498094609929069|712000
8.498094609929069|713000
8.498094609929069|714000
8.498094609929069|715000
8.498094609929069|716000
8.498094609929069|717000
8.498094609929069|718000
8.498094609929069|719000
8.498094609929069|720000
8.498094609929069|721000
8.498094609929069|722000
8.498094609929069|723000
8.498094609929069|724000
8.498094609929069|725000
8.498094609929069|726000
8.498094609929069|727000
8.498094609929069|728000
8.498094609929069|729000
8.498094609929069|730000
8.498094609929069|731000
8.498094609929069|732000
8.498094609929069|733000
8.498094609929069|734000
8.498094609929069|735000
8.498094609929069|736000
8.498094609929069|737000
8.498094609929069|738000
8.498094609929069|739000
8.498094609929069|740000
8.498094609929069|741000
8.498094609929069|742000
8.498094609929069|743000
8.498094609929069|744000
8.498094609929069|745000
8.498094609929069|746000
8.498094609929069|747000
8.498094609929069|748000
8.498094609929069|749000
8.498094609929069|750000
8.498094609929069|751000
8.498094609929069|752000
8.498094609929069|753000
8.498094609929069|754000
8.498094609929069|755000
8.498094609929069|756000
8.498094609929069|757000
8.498094609929069|758000
8.498094609929069|759000
8.498094609929069|760000
8.498094609929069|761000
8.498094609929069|762000
8.498094609929069|763000
8.498094609929069|764000
8.498094609929069|765000
8.498094609929069|766000
8.498094609929069|767000
8.498094609929069|768000
8.498094609929069|769000
8.498094609929069|770000
8.498094609929069|771000
8.498094609929069|772000
8.498094609929069|773000
8.498094609929069|774000
8.498094609929069|775000
8.498094609929069|776000
8.498094609929069|777000
8.498094609929069|778000
8.498094609929069|779000
8.498094609929069|780000
8.498094609929069|781000
8.498094609929069|782000
8.498094609929069|783000
8.498094609929069|784000
8.498094609929069|785000
8.498094609929069|786000
8.498094609929069|787000
8.498094609929069|788000
8.498094609929069|789000
8.498094609929069|790000
8.498094609929069|791000
8.498094609929069|792000
8.498094609929069|793000
8.498094609929069|794000
8.498094609929069|795000
8.498094609929069|796000
8.498094609929069|797000
8.498094609929069|798000
8.498094609929069|799000
8.498094609929069|800000
8.498094609929069|801000
8.498094609929069|802000
8.498094609929069|803000
8.498094609929069|804000
8.498094609929069|805000
8.498094609929069|806000
8.498094609929069|807000
8.498094609929069|808000
8.498094609929069|809000
8.498094609929069|810000
8.498094609929069|811000
8.498094609929069|812000
8.498094609929069|813000
8.498094609929069|814000
8.498094609929069|815000
8.498094609929069|816000
8.498094609929069|817000
8.498094609929069|818000
8.498094609929069|819000
8.498094609929069|820000
8.498094609929069|821000
8.498094609929069|822000
8.498094609929069|823000
8.498094609929069|824000
8.498094609929069|825000
8.498094609929069|826000
8.498094609929069|827000
8.498094609929069|828000
8.498094609929069|829000
8.498094609929069|830000
8.498094609929069|831000
8.498094609929069|832000
8.498094609929069|833000
8.498094609929069|834000
8.498094609929069|835000
8.498094609929069|836000
8.498094609929069|837000
8.498094609929069|838000
8.498094609929069|839000
8.498094609929069|840000
8.498094609929069|841000
8.498094609929069|842000
8.498094609929069|843000
8.498094609929069|844000
8.498094609929069|845000
8.498094609929069|846000
8.498094609929069|847000
8.498094609929069|848000
8.498094609929069|849000
8.498094609929069|850000
8.498094609929069|851000
8.498094609929069|852000
8.498094609929069|853000
8.498094609929069|854000
8.498094609929069|855000
8.498094609929069|856000
8.498094609929069|857000
8.498094609929069|858000
8.498094609929069|859000
8.498094609929069|860000
8.498094609929069|861000
8.498094609929069|862000
8.498094609929069|863000
8.498094609929069|864000
8.498094609929069|865000
8.498094609929069|866000
8.498094609929069|867000
8.498094609929069|868000
8.498094609929069|869000
8.498094609929069|870000
8.498094609929069|871000
8.498094609929069|872000
8.498094609929069|873000
8.498094609929069|874000
8.498094609929069|875000
8.498094609929069|876000
8.498094609929069|877000
8.498094609929069|878000
8.498094609929069|879000
8.498094609929069|880000
8.498094609929069|881000
8.498094609929069|882000
8.498094609929069|883000
8.498094609929069|884000
8.498094609929069|885000
8.498094609929069|886000
8.498094609929069|887000
8.498094609929069|888000
8.498094609929069|889000
8.498094609929069|890000
8.498094609929069|891000
8.498094609929069|892000
8.498094609929069|893000
8.498094609929069|894000
8.498094609929069|895000
8.498094609929069|896000
8.498094609929069|897000
8.498094609929069|898000
8.498094609929069|899000
8.498094609929069|900000
8.498094609929069|901000
8.498094609929069|902000
8.498094609929069|903000
8.498094609929069|904000
8.498094609929069|905000
8.498094609929069|906000
8.498094609929069|907000
8.498094609929069|908000
8.498094609929069|909000
8.498094609929069|910000
8.498094609929069|911000
8.498094609929069|912000
8.498094609929069|913000
8.498094609929069|914000
8.498094609929069|915000
8.498094609929069|916000
8.498094609929069|917000
8.498094609929069|918000
8.498094609929069|919000
8.498094609929069|920000
8.498094609929069|921000
8.498094609929069|922000
8.498094609929069|923000
8.498094609929069|924000
8.498094609929069|925000
8.498094609929069|926000
8.498094609929069|927000
8.498094609929069|928000
8.498094609929069|929000
8.498094609929069|930000
8.498094609929069|931000
8.498094609929069|932000
8.498094609929069|933000
8.498094609929069|934000
8.498094609929069|935000
8.498094609929069|936000
8.498094609929069|937000
8.498094609929069|938000
8.498094609929069|939000
8.498094609929069|940000
8.498094609929069|941000
8.498094609929069|942000
8.498094609929069|943000
8.498094609929069|944000
8.498094609929069|945000
8.498094609929069|946000
8.498094609929069|947000
8.498094609929069|948000
8.498094609929069|949000
8.498094609929069|950000
8.498094609929069|951000
8.498094609929069|952000
8.498094609929069|953000
8.498094609929069|954000
8.498094609929069|955000
8.498094609929069|956000
8.498094609929069|957000
8.498094609929069|958000
8.498094609929069|959000
8.498094609929069|960000
8.498094609929069|961000
8.498094609929069|962000
8.498094609929069|963000
8.498094609929069|964000
8.498094609929069|965000
8.498094609929069|966000
8.498094609929069|967000
8.498094609929069|968000
8.498094609929069|969000
8.498094609929069|970000
8.498094609929069|971000
8.498094609929069|972000
8.498094609929069|973000
8.498094609929069|974000
8.498094609929069|975000
8.498094609929069|976000
8.498094609929069|977000
8.498094609929069|978000
8.498094609929069|979000
8.498094609929069|980000
8.498094609929069|981000
8.498094609929069|982000
8.498094609929069|983000
8.498094609929069|984000
8.498094609929069|985000
8.498094609929069|986000
8.498094609929069|987000
8.498094609929069|988000
8.498094609929069|989000
8.498094609929069|990000
8.498094609929069|991000
8.498094609929069|992000
8.498094609929069|993000
8.498094609929069|994000
8.498094609929069|995000
8.498094609929069|996000
8.498094609929069|997000
8.498094609929069|998000
8.498094609929069|999000
8.498094609929069|1000000
