7.814|1010
6.008000000000001|2010
5.081999999999999|3010
4.678|4010
4.03|5010
2.7459999999999996|6010
2.407999999999999|7010
2.3939999999999992|8010
2.087999999999999|9010
2.063999999999999|10010
2.049999999999999|11010
2.0359999999999987|12010
2.027999999999999|13010
2.027999999999999|14010
2.025999999999999|15010
2.025999999999999|16010
2.025999999999999|17010
2.025999999999999|18010
2.025999999999999|19010
2.025999999999999|20010
2.025999999999999|21010
2.0259999999999985|22010
2.0259999999999985|23010
2.0259999999999985|24010
2.0259999999999985|25010
2.0259999999999985|26010
2.0259999999999985|27010
2.0259999999999985|28010
2.0259999999999985|29010
2.0259999999999985|30010
2.0259999999999985|31010
2.0259999999999985|32010
2.0259999999999985|33010
2.0259999999999985|34010
2.0259999999999985|35010
2.0259999999999985|36010
2.0259999999999985|37010
2.0259999999999985|38010
2.0259999999999985|39010
2.0259999999999985|40010
2.0259999999999985|41010
2.0259999999999985|42010
2.0259999999999985|43010
2.0259999999999985|44010
2.0259999999999985|45010
2.0259999999999985|46010
2.0259999999999985|47010
2.0259999999999985|48010
2.0259999999999985|49010
2.0259999999999985|50010
2.0259999999999985|51010
2.0259999999999985|52010
2.0259999999999985|53010
2.0259999999999985|54010
2.0259999999999985|55010
2.0259999999999985|56010
2.0259999999999985|57010
2.0259999999999985|58010
2.0259999999999985|59010
2.0259999999999985|60010
2.0259999999999985|61010
2.0259999999999985|62010
2.0259999999999985|63010
2.0259999999999985|64010
2.0259999999999985|65010
2.0259999999999985|66010
2.0259999999999985|67010
2.0259999999999985|68010
2.0259999999999985|69010
2.0259999999999985|70010
2.0259999999999985|71010
2.0259999999999985|72010
2.0259999999999985|73010
2.0259999999999985|74010
2.0259999999999985|75010
2.0259999999999985|76010
2.0259999999999985|77010
2.0259999999999985|78010
2.0259999999999985|79010
2.0259999999999985|80010
2.0259999999999985|81010
2.0259999999999985|82010
2.0259999999999985|83010
2.0259999999999985|84010
2.0259999999999985|85010
2.0259999999999985|86010
2.0259999999999985|87010
2.0259999999999985|88010
2.0259999999999985|89010
2.0259999999999985|90010
2.0259999999999985|91010
2.0259999999999985|92010
2.0259999999999985|93010
2.0259999999999985|94010
2.0259999999999985|95010
2.0259999999999985|96010
2.0259999999999985|97010
2.0259999999999985|98010
2.0259999999999985|99010
2.0259999999999985|100010
2.0259999999999985|101010
2.0259999999999985|102010
2.0259999999999985|103010
2.0259999999999985|104010
2.0259999999999985|105010
2.0259999999999985|106010
2.0259999999999985|107010
2.0259999999999985|108010
2.0259999999999985|109010
2.0259999999999985|110010
2.0259999999999985|111010
2.0259999999999985|112010
2.0259999999999985|113010
2.0259999999999985|114010
2.0259999999999985|115010
2.0259999999999985|116010
2.0259999999999985|117010
2.0259999999999985|118010
2.0259999999999985|119010
2.0259999999999985|120010
2.0259999999999985|121010
2.0259999999999985|122010
2.0259999999999985|123010
2.0259999999999985|124010
2.0259999999999985|125010
2.0259999999999985|126010
2.0259999999999985|127010
2.0259999999999985|128010
2.0259999999999985|129010
2.0259999999999985|130010
2.0259999999999985|131010
2.0259999999999985|132010
2.0259999999999985|133010
2.0259999999999985|134010
2.0259999999999985|135010
2.0259999999999985|136010
2.0259999999999985|137010
2.0259999999999985|138010
2.0259999999999985|139010
2.0259999999999985|140010
2.0259999999999985|141010
2.0259999999999985|142010
2.0259999999999985|143010
2.0259999999999985|144010
2.0259999999999985|145010
2.0259999999999985|146010
2.0259999999999985|147010
2.0259999999999985|148010
2.0259999999999985|149010
2.0259999999999985|150010
2.0259999999999985|151010
2.0259999999999985|152010
2.0259999999999985|153010
2.0259999999999985|154010
2.0259999999999985|155010
2.0259999999999985|156010
2.0259999999999985|157010
2.0259999999999985|158010
2.0259999999999985|159010
2.0259999999999985|160010
2.0259999999999985|161010
2.0259999999999985|162010
2.0259999999999985|163010
2.0259999999999985|164010
2.0259999999999985|165010
2.0259999999999985|166010
2.0259999999999985|167010
2.0259999999999985|168010
2.0259999999999985|169010
2.0259999999999985|170010
2.0259999999999985|171010
2.0259999999999985|172010
2.0259999999999985|173010
2.0259999999999985|174010
2.0259999999999985|175010
2.0259999999999985|176010
2.0259999999999985|177010
2.0259999999999985|178010
2.0259999999999985|179010
2.0259999999999985|180010
2.0259999999999985|181010
2.0259999999999985|182010
2.0259999999999985|183010
2.0259999999999985|184010
2.0259999999999985|185010
2.0259999999999985|186010
2.0259999999999985|187010
2.0259999999999985|188010
2.0259999999999985|189010
2.0259999999999985|190010
2.0259999999999985|191010
2.0259999999999985|192010
2.0259999999999985|193010
2.0259999999999985|194010
2.0259999999999985|195010
2.0259999999999985|196010
2.0259999999999985|197010
2.0259999999999985|198010
2.0259999999999985|199010
2.0259999999999985|200010
2.0259999999999985|201010
2.0259999999999985|202010
2.0259999999999985|203010
2.0259999999999985|204010
2.0259999999999985|205010
2.0259999999999985|206010
2.0259999999999985|207010
2.0259999999999985|208010
2.0259999999999985|209010
2.0259999999999985|210010
2.0259999999999985|211010
2.0259999999999985|212010
2.0259999999999985|213010
2.0259999999999985|214010
2.0259999999999985|215010
2.0259999999999985|216010
2.0259999999999985|217010
2.0259999999999985|218010
2.0259999999999985|219010
2.0259999999999985|220010
2.0259999999999985|221010
2.0259999999999985|222010
2.0259999999999985|223010
2.0259999999999985|224010
2.0259999999999985|225010
2.0259999999999985|226010
2.0259999999999985|227010
2.0259999999999985|228010
2.0259999999999985|229010
2.0259999999999985|230010
2.0259999999999985|231010
2.0259999999999985|232010
2.0259999999999985|233010
2.0259999999999985|234010
2.0259999999999985|235010
2.0259999999999985|236010
2.0259999999999985|237010
2.0259999999999985|238010
2.0259999999999985|239010
2.0259999999999985|240010
2.0259999999999985|241010
2.0259999999999985|242010
2.0259999999999985|243010
2.0259999999999985|244010
2.0259999999999985|245010
2.0259999999999985|246010
2.0259999999999985|247010
2.0259999999999985|248010
2.0259999999999985|249010
2.0259999999999985|250010
2.0259999999999985|251010
2.0259999999999985|252010
2.0259999999999985|253010
2.0259999999999985|254010
2.0259999999999985|255010
2.0259999999999985|256010
2.0259999999999985|257010
2.0259999999999985|258010
2.0259999999999985|259010
2.0259999999999985|260010
2.0259999999999985|261010
2.0259999999999985|262010
2.0259999999999985|263010
2.0259999999999985|264010
2.0259999999999985|265010
2.0259999999999985|266010
2.0259999999999985|267010
2.0259999999999985|268010
2.0259999999999985|269010
2.0259999999999985|270010
2.0259999999999985|271010
2.0259999999999985|272010
2.0259999999999985|273010
2.0259999999999985|274010
2.0259999999999985|275010
2.0259999999999985|276010
2.0259999999999985|277010
2.0259999999999985|278010
2.0259999999999985|279010
2.0259999999999985|280010
2.0259999999999985|281010
2.0259999999999985|282010
2.0259999999999985|283010
2.0259999999999985|284010
2.0259999999999985|285010
2.0259999999999985|286010
2.0259999999999985|287010
2.0259999999999985|288010
2.0259999999999985|289010
2.0259999999999985|290010
2.0259999999999985|291010
2.0259999999999985|292010
2.0259999999999985|293010
2.0259999999999985|294010
2.0259999999999985|295010
2.0259999999999985|296010
2.0259999999999985|297010
2.0259999999999985|298010
2.0259999999999985|299010
2.0259999999999985|300010
2.0259999999999985|301010
2.0259999999999985|302010
2.0259999999999985|303010
2.0259999999999985|304010
2.0259999999999985|305010
2.0259999999999985|306010
2.0259999999999985|307010
2.0259999999999985|308010
2.0259999999999985|309010
2.0259999999999985|310010
2.0259999999999985|311010
2.0259999999999985|312010
2.0259999999999985|313010
2.0259999999999985|314010
2.0259999999999985|315010
2.0259999999999985|316010
2.0259999999999985|317010
2.0259999999999985|318010
2.0259999999999985|319010
2.0259999999999985|320010
2.0259999999999985|321010
2.0259999999999985|322010
2.0259999999999985|323010
2.0259999999999985|324010
2.0259999999999985|325010
2.0259999999999985|326010
2.0259999999999985|327010
2.0259999999999985|328010
2.0259999999999985|329010
2.0259999999999985|330010
2.0259999999999985|331010
2.0259999999999985|332010
2.0259999999999985|333010
2.0259999999999985|334010
2.0259999999999985|335010
2.0259999999999985|336010
2.0259999999999985|337010
2.0259999999999985|338010
2.0259999999999985|339010
2.0259999999999985|340010
2.0259999999999985|341010
2.0259999999999985|342010
2.0259999999999985|343010
2.0259999999999985|344010
2.0259999999999985|345010
2.0259999999999985|346010
2.0259999999999985|347010
2.0259999999999985|348010
2.0259999999999985|349010
2.0259999999999985|350010
2.0259999999999985|351010
2.0259999999999985|352010
2.0259999999999985|353010
2.0259999999999985|354010
2.0259999999999985|355010
2.0259999999999985|356010
2.0259999999999985|357010
2.0259999999999985|358010
2.0259999999999985|359010
2.0259999999999985|360010
2.0259999999999985|361010
2.0259999999999985|362010
2.0259999999999985|363010
2.0259999999999985|364010
2.0259999999999985|365010
2.0259999999999985|366010
2.0259999999999985|367010
2.0259999999999985|368010
2.0259999999999985|369010
2.0259999999999985|370010
2.0259999999999985|371010
2.0259999999999985|372010
2.0259999999999985|373010
2.0259999999999985|374010
2.0259999999999985|375010
2.0259999999999985|376010
2.0259999999999985|377010
2.0259999999999985|378010
2.0259999999999985|379010
2.0259999999999985|380010
2.0259999999999985|381010
2.0259999999999985|382010
2.0259999999999985|383010
2.0259999999999985|384010
2.0259999999999985|385010
2.0259999999999985|386010
2.0259999999999985|387010
2.0259999999999985|388010
2.0259999999999985|389010
2.0259999999999985|390010
2.0259999999999985|391010
2.0259999999999985|392010
2.0259999999999985|393010
2.0259999999999985|394010
2.0259999999999985|395010
2.0259999999999985|396010
2.0259999999999985|397010
2.0259999999999985|398010
2.0259999999999985|399010
2.0259999999999985|400010
2.0259999999999985|401010
2.0259999999999985|402010
2.0259999999999985|403010
2.0259999999999985|404010
2.0259999999999985|405010
2.0259999999999985|406010
2.0259999999999985|407010
2.0259999999999985|408010
2.0259999999999985|409010
2.0259999999999985|410010
2.0259999999999985|411010
2.0259999999999985|412010
2.0259999999999985|413010
2.0259999999999985|414010
2.0259999999999985|415010
2.0259999999999985|416010
2.0259999999999985|417010
2.0259999999999985|418010
2.0259999999999985|419010
2.0259999999999985|420010
2.0259999999999985|421010
2.0259999999999985|422010
2.0259999999999985|423010
2.0259999999999985|424010
2.0259999999999985|425010
2.0259999999999985|426010
2.0259999999999985|427010
2.0259999999999985|428010
2.0259999999999985|429010
2.0259999999999985|430010
2.0259999999999985|431010
2.0259999999999985|432010
2.0259999999999985|433010
2.0259999999999985|434010
2.0259999999999985|435010
2.0259999999999985|436010
2.0259999999999985|437010
2.0259999999999985|438010
2.0259999999999985|439010
2.0259999999999985|440010
2.0259999999999985|441010
2.0259999999999985|442010
2.0259999999999985|443010
2.0259999999999985|444010
2.0259999999999985|445010
2.0259999999999985|446010
2.0259999999999985|447010
2.0259999999999985|448010
2.0259999999999985|449010
2.0259999999999985|450010
2.0259999999999985|451010
2.0259999999999985|452010
2.0259999999999985|453010
2.0259999999999985|454010
2.0259999999999985|455010
2.0259999999999985|456010
2.0259999999999985|457010
2.0259999999999985|458010
2.0259999999999985|459010
2.0259999999999985|460010
2.0259999999999985|461010
2.0259999999999985|462010
2.0259999999999985|463010
2.0259999999999985|464010
2.0259999999999985|465010
2.0259999999999985|466010
2.0259999999999985|467010
2.0259999999999985|468010
2.0259999999999985|469010
2.0259999999999985|470010
2.0259999999999985|471010
2.0259999999999985|472010
2.0259999999999985|473010
2.0259999999999985|474010
2.0259999999999985|475010
2.0259999999999985|476010
2.0259999999999985|477010
2.0259999999999985|478010
2.0259999999999985|479010
2.0259999999999985|480010
2.0259999999999985|481010
2.0259999999999985|482010
2.0259999999999985|483010
2.0259999999999985|484010
2.0259999999999985|485010
2.0259999999999985|486010
2.0259999999999985|487010
2.0259999999999985|488010
2.0259999999999985|489010
2.0259999999999985|490010
2.0259999999999985|491010
2.0259999999999985|492010
2.0259999999999985|493010
2.0259999999999985|494010
2.0259999999999985|495010
2.0259999999999985|496010
2.0259999999999985|497010
2.0259999999999985|498010
2.0259999999999985|499010
2.0259999999999985|500010
2.0259999999999985|501010
2.0259999999999985|502010
2.0259999999999985|503010
2.0259999999999985|504010
2.0259999999999985|505010
2.0259999999999985|506010
2.0259999999999985|507010
2.0259999999999985|508010
2.0259999999999985|509010
2.0259999999999985|510010
2.0259999999999985|511010
2.0259999999999985|512010
2.0259999999999985|513010
2.0259999999999985|514010
2.0259999999999985|515010
2.0259999999999985|516010
2.0259999999999985|517010
2.0259999999999985|518010
2.0259999999999985|519010
2.0259999999999985|520010
2.0259999999999985|521010
2.0259999999999985|522010
2.0259999999999985|523010
2.0259999999999985|524010
2.0259999999999985|525010
2.0259999999999985|526010
2.0259999999999985|527010
2.0259999999999985|528010
2.0259999999999985|529010
2.0259999999999985|530010
2.0259999999999985|531010
2.0259999999999985|532010
2.0259999999999985|533010
2.0259999999999985|534010
2.0259999999999985|535010
2.0259999999999985|536010
2.0259999999999985|537010
2.0259999999999985|538010
2.0259999999999985|539010
2.0259999999999985|540010
2.0259999999999985|541010
2.0259999999999985|542010
2.0259999999999985|543010
2.0259999999999985|544010
2.0259999999999985|545010
2.0259999999999985|546010
2.0259999999999985|547010
2.0259999999999985|548010
2.0259999999999985|549010
2.0259999999999985|550010
2.0259999999999985|551010
2.0259999999999985|552010
2.0259999999999985|553010
2.0259999999999985|554010
2.0259999999999985|555010
2.0259999999999985|556010
2.0259999999999985|557010
2.0259999999999985|558010
2.0259999999999985|559010
2.0259999999999985|560010
2.0259999999999985|561010
2.0259999999999985|562010
2.0259999999999985|563010
2.0259999999999985|564010
2.0259999999999985|565010
2.0259999999999985|566010
2.0259999999999985|567010
2.0259999999999985|568010
2.0259999999999985|569010
2.0259999999999985|570010
2.0259999999999985|571010
2.0259999999999985|572010
2.0259999999999985|573010
2.0259999999999985|574010
2.0259999999999985|575010
2.0259999999999985|576010
2.0259999999999985|577010
2.0259999999999985|578010
2.0259999999999985|579010
2.0259999999999985|580010
2.0259999999999985|581010
2.0259999999999985|582010
2.0259999999999985|583010
2.0259999999999985|584010
2.0259999999999985|585010
2.0259999999999985|586010
2.0259999999999985|587010
2.0259999999999985|588010
2.0259999999999985|589010
2.0259999999999985|590010
2.0259999999999985|591010
2.0259999999999985|592010
2.0259999999999985|593010
2.0259999999999985|594010
2.0259999999999985|595010
2.0259999999999985|596010
2.0259999999999985|597010
2.0259999999999985|598010
2.0259999999999985|599010
2.0259999999999985|600010
2.0259999999999985|601010
2.0259999999999985|602010
2.0259999999999985|603010
2.0259999999999985|604010
2.0259999999999985|605010
2.0259999999999985|606010
2.0259999999999985|607010
2.0259999999999985|608010
2.0259999999999985|609010
2.0259999999999985|610010
2.0259999999999985|611010
2.0259999999999985|612010
2.0259999999999985|613010
2.0259999999999985|614010
2.0259999999999985|615010
2.0259999999999985|616010
2.0259999999999985|617010
2.0259999999999985|618010
2.0259999999999985|619010
2.0259999999999985|620010
2.0259999999999985|621010
2.0259999999999985|622010
2.0259999999999985|623010
2.0259999999999985|624010
2.0259999999999985|625010
2.0259999999999985|626010
2.0259999999999985|627010
2.0259999999999985|628010
2.0259999999999985|629010
2.0259999999999985|630010
2.0259999999999985|631010
2.0259999999999985|632010
2.0259999999999985|633010
2.0259999999999985|634010
2.0259999999999985|635010
2.0259999999999985|636010
2.0259999999999985|637010
2.0259999999999985|638010
2.0259999999999985|639010
2.0259999999999985|640010
2.0259999999999985|641010
2.0259999999999985|642010
2.0259999999999985|643010
2.0259999999999985|644010
2.0259999999999985|645010
2.0259999999999985|646010
2.0259999999999985|647010
2.0259999999999985|648010
2.0259999999999985|649010
2.0259999999999985|650010
2.0259999999999985|651010
2.0259999999999985|652010
2.0259999999999985|653010
2.0259999999999985|654010
2.0259999999999985|655010
2.0259999999999985|656010
2.0259999999999985|657010
2.0259999999999985|658010
2.0259999999999985|659010
2.0259999999999985|660010
2.0259999999999985|661010
2.0259999999999985|662010
2.0259999999999985|663010
2.0259999999999985|664010
2.0259999999999985|665010
2.0259999999999985|666010
2.0259999999999985|667010
2.0259999999999985|668010
2.0259999999999985|669010
2.0259999999999985|670010
2.0259999999999985|671010
2.0259999999999985|672010
2.0259999999999985|673010
2.0259999999999985|674010
2.0259999999999985|675010
2.0259999999999985|676010
2.0259999999999985|677010
2.0259999999999985|678010
2.0259999999999985|679010
2.0259999999999985|680010
2.0259999999999985|681010
2.0259999999999985|682010
2.0259999999999985|683010
2.0259999999999985|684010
2.0259999999999985|685010
2.0259999999999985|686010
2.0259999999999985|687010
2.0259999999999985|688010
2.0259999999999985|689010
2.0259999999999985|690010
2.0259999999999985|691010
2.0259999999999985|692010
2.0259999999999985|693010
2.0259999999999985|694010
2.0259999999999985|695010
2.0259999999999985|696010
2.0259999999999985|697010
2.0259999999999985|698010
2.0259999999999985|699010
2.0259999999999985|700010
2.0259999999999985|701010
2.0259999999999985|702010
2.0259999999999985|703010
2.0259999999999985|704010
2.0259999999999985|705010
2.0259999999999985|706010
2.0259999999999985|707010
2.0259999999999985|708010
2.0259999999999985|709010
2.0259999999999985|710010
2.0259999999999985|711010
2.0259999999999985|712010
2.0259999999999985|713010
2.0259999999999985|714010
2.0259999999999985|715010
2.0259999999999985|716010
2.0259999999999985|717010
2.0259999999999985|718010
2.0259999999999985|719010
2.0259999999999985|720010
2.0259999999999985|721010
2.0259999999999985|722010
2.0259999999999985|723010
2.0259999999999985|724010
2.0259999999999985|725010
2.0259999999999985|726010
2.0259999999999985|727010
2.0259999999999985|728010
2.0259999999999985|729010
2.0259999999999985|730010
2.0259999999999985|731010
2.0259999999999985|732010
2.0259999999999985|733010
2.0259999999999985|734010
2.0259999999999985|735010
2.0259999999999985|736010
2.0259999999999985|737010
2.0259999999999985|738010
2.0259999999999985|739010
2.0259999999999985|740010
2.0259999999999985|741010
2.0259999999999985|742010
2.0259999999999985|743010
2.0259999999999985|744010
2.0259999999999985|745010
2.0259999999999985|746010
2.0259999999999985|747010
2.0259999999999985|748010
2.0259999999999985|749010
2.0259999999999985|750010
2.0259999999999985|751010
2.0259999999999985|752010
2.0259999999999985|753010
2.0259999999999985|754010
2.0259999999999985|755010
2.0259999999999985|756010
2.0259999999999985|757010
2.0259999999999985|758010
2.0259999999999985|759010
2.0259999999999985|760010
2.0259999999999985|761010
2.0259999999999985|762010
2.0259999999999985|763010
2.0259999999999985|764010
2.0259999999999985|765010
2.0259999999999985|766010
2.0259999999999985|767010
2.0259999999999985|768010
2.0259999999999985|769010
2.0259999999999985|770010
2.0259999999999985|771010
2.0259999999999985|772010
2.0259999999999985|773010
2.0259999999999985|774010
2.0259999999999985|775010
2.0259999999999985|776010
2.0259999999999985|777010
2.0259999999999985|778010
2.0259999999999985|779010
2.0259999999999985|780010
2.0259999999999985|781010
2.0259999999999985|782010
2.0259999999999985|783010
2.0259999999999985|784010
2.0259999999999985|785010
2.0259999999999985|786010
2.0259999999999985|787010
2.0259999999999985|788010
2.0259999999999985|789010
2.0259999999999985|790010
2.0259999999999985|791010
2.0259999999999985|792010
2.0259999999999985|793010
2.0259999999999985|794010
2.0259999999999985|795010
2.0259999999999985|796010
2.0259999999999985|797010
2.0259999999999985|798010
2.0259999999999985|799010
2.0259999999999985|800010
2.0259999999999985|801010
2.0259999999999985|802010
2.0259999999999985|803010
2.0259999999999985|804010
2.0259999999999985|805010
2.0259999999999985|806010
2.0259999999999985|807010
2.0259999999999985|808010
2.0259999999999985|809010
2.0259999999999985|810010
2.0259999999999985|811010
2.0259999999999985|812010
2.0259999999999985|813010
2.0259999999999985|814010
2.0259999999999985|815010
2.0259999999999985|816010
2.0259999999999985|817010
2.0259999999999985|818010
2.0259999999999985|819010
2.0259999999999985|820010
2.0259999999999985|821010
2.0259999999999985|822010
2.0259999999999985|823010
2.0259999999999985|824010
2.0259999999999985|825010
2.0259999999999985|826010
2.0259999999999985|827010
2.0259999999999985|828010
2.0259999999999985|829010
2.0259999999999985|830010
2.0259999999999985|831010
2.0259999999999985|832010
2.0259999999999985|833010
2.0259999999999985|834010
2.0259999999999985|835010
2.0259999999999985|836010
2.0259999999999985|837010
2.0259999999999985|838010
2.0259999999999985|839010
2.0259999999999985|840010
2.0259999999999985|841010
2.0259999999999985|842010
2.0259999999999985|843010
2.0259999999999985|844010
2.0259999999999985|845010
2.0259999999999985|846010
2.0259999999999985|847010
2.0259999999999985|848010
2.0259999999999985|849010
2.0259999999999985|850010
2.0259999999999985|851010
2.0259999999999985|852010
2.0259999999999985|853010
2.0259999999999985|854010
2.0259999999999985|855010
2.0259999999999985|856010
2.0259999999999985|857010
2.0259999999999985|858010
2.0259999999999985|859010
2.0259999999999985|860010
2.0259999999999985|861010
2.0259999999999985|862010
2.0259999999999985|863010
2.0259999999999985|864010
2.0259999999999985|865010
2.0259999999999985|866010
2.0259999999999985|867010
2.0259999999999985|868010
2.0259999999999985|869010
2.0259999999999985|870010
2.0259999999999985|871010
2.0259999999999985|872010
2.0259999999999985|873010
2.0259999999999985|874010
2.0259999999999985|875010
2.0259999999999985|876010
2.0259999999999985|877010
2.0259999999999985|878010
2.0259999999999985|879010
2.0259999999999985|880010
2.0259999999999985|881010
2.0259999999999985|882010
2.0259999999999985|883010
2.0259999999999985|884010
2.0259999999999985|885010
2.0259999999999985|886010
2.0259999999999985|887010
2.0259999999999985|888010
2.0259999999999985|889010
2.0259999999999985|890010
2.0259999999999985|891010
2.0259999999999985|892010
2.0259999999999985|893010
2.0259999999999985|894010
2.0259999999999985|895010
2.0259999999999985|896010
2.0259999999999985|897010
2.0259999999999985|898010
2.0259999999999985|899010
2.0259999999999985|900010
2.0259999999999985|901010
2.0259999999999985|902010
2.0259999999999985|903010
2.0259999999999985|904010
2.0259999999999985|905010
2.0259999999999985|906010
2.0259999999999985|907010
2.0259999999999985|908010
2.0259999999999985|909010
2.0259999999999985|910010
2.0259999999999985|911010
2.0259999999999985|912010
2.0259999999999985|913010
2.0259999999999985|914010
2.0259999999999985|915010
2.0259999999999985|916010
2.0259999999999985|917010
2.0259999999999985|918010
2.0259999999999985|919010
2.0259999999999985|920010
2.0259999999999985|921010
2.0259999999999985|922010
2.0259999999999985|923010
2.0259999999999985|924010
2.0259999999999985|925010
2.0259999999999985|926010
2.0259999999999985|927010
2.0259999999999985|928010
2.0259999999999985|929010
2.0259999999999985|930010
2.0259999999999985|931010
2.0259999999999985|932010
2.0259999999999985|933010
2.0259999999999985|934010
2.0259999999999985|935010
2.0259999999999985|936010
2.0259999999999985|937010
2.0259999999999985|938010
2.0259999999999985|939010
2.0259999999999985|940010
2.0259999999999985|941010
2.0259999999999985|942010
2.0259999999999985|943010
2.0259999999999985|944010
2.0259999999999985|945010
2.0259999999999985|946010
2.0259999999999985|947010
2.0259999999999985|948010
2.0259999999999985|949010
2.0259999999999985|950010
2.0259999999999985|951010
2.0259999999999985|952010
2.0259999999999985|953010
2.0259999999999985|954010
2.0259999999999985|955010
2.0259999999999985|956010
2.0259999999999985|957010
2.0259999999999985|958010
2.0259999999999985|959010
2.0259999999999985|960010
2.0259999999999985|961010
2.0259999999999985|962010
2.0259999999999985|963010
2.0259999999999985|964010
2.0259999999999985|965010
2.0259999999999985|966010
2.0259999999999985|967010
2.0259999999999985|968010
2.0259999999999985|969010
2.0259999999999985|970010
2.0259999999999985|971010
2.0259999999999985|972010
2.0259999999999985|973010
2.0259999999999985|974010
2.0259999999999985|975010
2.0259999999999985|976010
2.0259999999999985|977010
2.0259999999999985|978010
2.0259999999999985|979010
2.0259999999999985|980010
2.0259999999999985|981010
2.0259999999999985|982010
2.0259999999999985|983010
2.0259999999999985|984010
2.0259999999999985|985010
2.0259999999999985|986010
2.0259999999999985|987010
2.0259999999999985|988010
2.0259999999999985|989010
2.0259999999999985|990010
2.0259999999999985|991010
2.0259999999999985|992010
2.0259999999999985|993010
2.0259999999999985|994010
2.0259999999999985|995010
2.0259999999999985|996010
2.0259999999999985|997010
2.0259999999999985|998010
2.0259999999999985|999010
2.0259999999999985|1000010
