6.155999999999999|1010
3.453999999999999|2010
2.483999999999998|3010
2.4499999999999993|4010
2.4159999999999995|5010
2.383999999999998|6010
2.3739999999999983|7010
2.3739999999999983|8010
2.371999999999998|9010
2.3659999999999983|10010
2.3659999999999983|11010
2.351999999999998|12010
2.351999999999998|13010
2.351999999999998|14010
2.343999999999998|15010
2.343999999999998|16010
2.343999999999998|17010
2.343999999999998|18010
2.343999999999998|19010
2.343999999999998|20010
2.343999999999998|21010
2.343999999999998|22010
2.343999999999998|23010
2.343999999999998|24010
2.343999999999998|25010
2.343999999999998|26010
2.343999999999998|27010
2.343999999999998|28010
2.343999999999998|29010
2.343999999999998|30010
2.343999999999998|31010
2.343999999999998|32010
2.343999999999998|33010
2.343999999999998|34010
2.343999999999998|35010
2.343999999999998|36010
2.343999999999998|37010
2.343999999999998|38010
2.343999999999998|39010
2.343999999999998|40010
2.343999999999998|41010
2.343999999999998|42010
2.343999999999998|43010
2.343999999999998|44010
2.343999999999998|45010
2.343999999999998|46010
2.343999999999998|47010
2.343999999999998|48010
2.343999999999998|49010
2.343999999999998|50010
2.343999999999998|51010
2.343999999999998|52010
2.343999999999998|53010
2.343999999999998|54010
2.343999999999998|55010
2.343999999999998|56010
2.343999999999998|57010
2.343999999999998|58010
2.343999999999998|59010
2.343999999999998|60010
2.343999999999998|61010
2.343999999999998|62010
2.343999999999998|63010
2.0319999999999987|64010
2.027999999999999|65010
2.0279999999999982|66010
2.0279999999999982|67010
2.0279999999999982|68010
2.025999999999998|69010
2.025999999999998|70010
2.025999999999998|71010
2.025999999999998|72010
2.025999999999998|73010
2.025999999999998|74010
2.025999999999998|75010
2.025999999999998|76010
2.025999999999998|77010
2.025999999999998|78010
2.025999999999998|79010
2.025999999999998|80010
2.025999999999998|81010
2.025999999999998|82010
2.025999999999998|83010
2.025999999999998|84010
2.025999999999998|85010
2.025999999999998|86010
2.025999999999998|87010
2.025999999999998|88010
2.025999999999998|89010
2.025999999999998|90010
2.025999999999998|91010
2.025999999999998|92010
2.025999999999998|93010
2.025999999999998|94010
2.025999999999998|95010
2.025999999999998|96010
2.025999999999998|97010
2.025999999999998|98010
2.025999999999998|99010
2.025999999999998|100010
2.025999999999998|101010
2.025999999999998|102010
2.025999999999998|103010
2.025999999999998|104010
2.025999999999998|105010
2.025999999999998|106010
2.025999999999998|107010
2.025999999999998|108010
2.025999999999998|109010
2.025999999999998|110010
2.025999999999998|111010
2.025999999999998|112010
2.025999999999998|113010
2.025999999999998|114010
2.025999999999998|115010
2.025999999999998|116010
2.025999999999998|117010
2.025999999999998|118010
2.025999999999998|119010
2.025999999999998|120010
2.025999999999998|121010
2.025999999999998|122010
2.025999999999998|123010
2.025999999999998|124010
2.025999999999998|125010
2.025999999999998|126010
2.025999999999998|127010
2.025999999999998|128010
2.025999999999998|129010
2.025999999999998|130010
2.025999999999998|131010
2.025999999999998|132010
2.025999999999998|133010
2.025999999999998|134010
2.025999999999998|135010
2.025999999999998|136010
2.025999999999998|137010
2.025999999999998|138010
2.025999999999998|139010
2.025999999999998|140010
2.025999999999998|141010
2.025999999999998|142010
2.025999999999998|143010
2.025999999999998|144010
2.025999999999998|145010
2.025999999999998|146010
2.025999999999998|147010
2.025999999999998|148010
2.025999999999998|149010
2.025999999999998|150010
2.025999999999998|151010
2.025999999999998|152010
2.025999999999998|153010
2.025999999999998|154010
2.025999999999998|155010
2.025999999999998|156010
2.025999999999998|157010
2.025999999999998|158010
2.025999999999998|159010
2.025999999999998|160010
2.025999999999998|161010
2.025999999999998|162010
2.025999999999998|163010
2.025999999999998|164010
2.025999999999998|165010
2.025999999999998|166010
2.025999999999998|167010
2.025999999999998|168010
2.025999999999998|169010
2.025999999999998|170010
2.025999999999998|171010
2.025999999999998|172010
2.025999999999998|173010
2.025999999999998|174010
2.025999999999998|175010
2.025999999999998|176010
2.025999999999998|177010
2.025999999999998|178010
2.025999999999998|179010
2.025999999999998|180010
2.025999999999998|181010
2.025999999999998|182010
2.025999999999998|183010
2.025999999999998|184010
2.025999999999998|185010
2.025999999999998|186010
2.025999999999998|187010
2.025999999999998|188010
2.025999999999998|189010
2.025999999999998|190010
2.025999999999998|191010
2.025999999999998|192010
2.025999999999998|193010
2.025999999999998|194010
2.025999999999998|195010
2.025999999999998|196010
2.025999999999998|197010
2.025999999999998|198010
2.025999999999998|199010
2.025999999999998|200010
2.025999999999998|201010
2.025999999999998|202010
2.025999999999998|203010
2.025999999999998|204010
2.025999999999998|205010
2.025999999999998|206010
2.025999999999998|207010
2.025999999999998|208010
2.025999999999998|209010
2.025999999999998|210010
2.025999999999998|211010
2.025999999999998|212010
2.025999999999998|213010
2.025999999999998|214010
2.025999999999998|215010
2.025999999999998|216010
2.025999999999998|217010
2.025999999999998|218010
2.025999999999998|219010
2.025999999999998|220010
2.025999999999998|221010
2.025999999999998|222010
2.025999999999998|223010
2.025999999999998|224010
2.025999999999998|225010
2.025999999999998|226010
2.025999999999998|227010
2.025999999999998|228010
2.025999999999998|229010
2.025999999999998|230010
2.025999999999998|231010
2.025999999999998|232010
2.025999999999998|233010
2.025999999999998|234010
2.025999999999998|235010
2.025999999999998|236010
2.025999999999998|237010
2.025999999999998|238010
2.025999999999998|239010
2.025999999999998|240010
2.025999999999998|241010
2.025999999999998|242010
2.025999999999998|243010
2.025999999999998|244010
2.025999999999998|245010
2.025999999999998|246010
2.025999999999998|247010
2.025999999999998|248010
2.025999999999998|249010
2.025999999999998|250010
2.025999999999998|251010
2.025999999999998|252010
2.025999999999998|253010
2.025999999999998|254010
2.025999999999998|255010
2.025999999999998|256010
2.025999999999998|257010
2.025999999999998|258010
2.025999999999998|259010
2.025999999999998|260010
2.025999999999998|261010
2.025999999999998|262010
2.025999999999998|263010
2.025999999999998|264010
2.025999999999998|265010
2.025999999999998|266010
2.025999999999998|267010
2.025999999999998|268010
2.025999999999998|269010
2.025999999999998|270010
2.025999999999998|271010
2.025999999999998|272010
2.025999999999998|273010
2.025999999999998|274010
2.025999999999998|275010
2.025999999999998|276010
2.025999999999998|277010
2.025999999999998|278010
2.025999999999998|279010
2.025999999999998|280010
2.025999999999998|281010
2.025999999999998|282010
2.025999999999998|283010
2.025999999999998|284010
2.025999999999998|285010
2.025999999999998|286010
2.025999999999998|287010
2.025999999999998|288010
2.025999999999998|289010
2.025999999999998|290010
2.025999999999998|291010
2.025999999999998|292010
2.025999999999998|293010
2.025999999999998|294010
2.025999999999998|295010
2.025999999999998|296010
2.025999999999998|297010
2.025999999999998|298010
2.025999999999998|299010
2.025999999999998|300010
2.025999999999998|301010
2.025999999999998|302010
2.025999999999998|303010
2.025999999999998|304010
2.025999999999998|305010
2.025999999999998|306010
2.025999999999998|307010
2.025999999999998|308010
2.025999999999998|309010
2.025999999999998|310010
2.025999999999998|311010
2.025999999999998|312010
2.025999999999998|313010
2.025999999999998|314010
2.025999999999998|315010
2.025999999999998|316010
2.025999999999998|317010
2.025999999999998|318010
2.025999999999998|319010
2.025999999999998|320010
2.025999999999998|321010
2.025999999999998|322010
2.025999999999998|323010
2.025999999999998|324010
2.025999999999998|325010
2.025999999999998|326010
2.025999999999998|327010
2.025999999999998|328010
2.025999999999998|329010
2.025999999999998|330010
2.025999999999998|331010
2.025999999999998|332010
2.025999999999998|333010
2.025999999999998|334010
2.025999999999998|335010
2.025999999999998|336010
2.025999999999998|337010
2.025999999999998|338010
2.025999999999998|339010
2.025999999999998|340010
2.025999999999998|341010
2.025999999999998|342010
2.025999999999998|343010
2.025999999999998|344010
2.025999999999998|345010
2.025999999999998|346010
2.025999999999998|347010
2.025999999999998|348010
2.025999999999998|349010
2.025999999999998|350010
2.025999999999998|351010
2.025999999999998|352010
2.025999999999998|353010
2.025999999999998|354010
2.025999999999998|355010
2.025999999999998|356010
2.025999999999998|357010
2.025999999999998|358010
2.025999999999998|359010
2.025999999999998|360010
2.025999999999998|361010
2.025999999999998|362010
2.025999999999998|363010
2.025999999999998|364010
2.025999999999998|365010
2.025999999999998|366010
2.025999999999998|367010
2.025999999999998|368010
2.025999999999998|369010
2.025999999999998|370010
2.025999999999998|371010
2.025999999999998|372010
2.025999999999998|373010
2.025999999999998|374010
2.025999999999998|375010
2.025999999999998|376010
2.025999999999998|377010
2.025999999999998|378010
2.025999999999998|379010
2.025999999999998|380010
2.025999999999998|381010
2.025999999999998|382010
2.025999999999998|383010
2.025999999999998|384010
2.025999999999998|385010
2.025999999999998|386010
2.025999999999998|387010
2.025999999999998|388010
2.025999999999998|389010
2.025999999999998|390010
2.025999999999998|391010
2.025999999999998|392010
2.025999999999998|393010
2.025999999999998|394010
2.025999999999998|395010
2.025999999999998|396010
2.025999999999998|397010
2.025999999999998|398010
2.025999999999998|399010
2.025999999999998|400010
2.025999999999998|401010
2.025999999999998|402010
2.025999999999998|403010
2.025999999999998|404010
2.025999999999998|405010
2.025999999999998|406010
2.025999999999998|407010
2.025999999999998|408010
2.025999999999998|409010
2.025999999999998|410010
2.025999999999998|411010
2.025999999999998|412010
2.025999999999998|413010
2.025999999999998|414010
2.025999999999998|415010
2.025999999999998|416010
2.025999999999998|417010
2.025999999999998|418010
2.025999999999998|419010
2.025999999999998|420010
2.025999999999998|421010
2.025999999999998|422010
2.025999999999998|423010
2.025999999999998|424010
2.025999999999998|425010
2.025999999999998|426010
2.025999999999998|427010
2.025999999999998|428010
2.025999999999998|429010
2.025999999999998|430010
2.025999999999998|431010
2.025999999999998|432010
2.025999999999998|433010
2.025999999999998|434010
2.025999999999998|435010
2.025999999999998|436010
2.025999999999998|437010
2.025999999999998|438010
2.025999999999998|439010
2.025999999999998|440010
2.025999999999998|441010
2.025999999999998|442010
2.025999999999998|443010
2.025999999999998|444010
2.025999999999998|445010
2.025999999999998|446010
2.025999999999998|447010
2.025999999999998|448010
2.025999999999998|449010
2.025999999999998|450010
2.025999999999998|451010
2.025999999999998|452010
2.025999999999998|453010
2.025999999999998|454010
2.025999999999998|455010
2.025999999999998|456010
2.025999999999998|457010
2.025999999999998|458010
2.025999999999998|459010
2.025999999999998|460010
2.025999999999998|461010
2.025999999999998|462010
2.025999999999998|463010
2.025999999999998|464010
2.025999999999998|465010
2.025999999999998|466010
2.025999999999998|467010
2.025999999999998|468010
2.025999999999998|469010
2.025999999999998|470010
2.025999999999998|471010
2.025999999999998|472010
2.025999999999998|473010
2.025999999999998|474010
2.025999999999998|475010
2.025999999999998|476010
2.025999999999998|477010
2.025999999999998|478010
2.025999999999998|479010
2.025999999999998|480010
2.025999999999998|481010
2.025999999999998|482010
2.025999999999998|483010
2.025999999999998|484010
2.025999999999998|485010
2.025999999999998|486010
2.025999999999998|487010
2.025999999999998|488010
2.025999999999998|489010
2.025999999999998|490010
2.025999999999998|491010
2.025999999999998|492010
2.025999999999998|493010
2.025999999999998|494010
2.025999999999998|495010
2.025999999999998|496010
2.025999999999998|497010
2.025999999999998|498010
2.025999999999998|499010
2.025999999999998|500010
2.025999999999998|501010
2.025999999999998|502010
2.025999999999998|503010
2.025999999999998|504010
2.025999999999998|505010
2.025999999999998|506010
2.025999999999998|507010
2.025999999999998|508010
2.025999999999998|509010
2.025999999999998|510010
2.025999999999998|511010
2.025999999999998|512010
2.025999999999998|513010
2.025999999999998|514010
2.025999999999998|515010
2.025999999999998|516010
2.025999999999998|517010
2.025999999999998|518010
2.025999999999998|519010
2.025999999999998|520010
2.025999999999998|521010
2.025999999999998|522010
2.025999999999998|523010
2.025999999999998|524010
2.025999999999998|525010
2.025999999999998|526010
2.025999999999998|527010
2.025999999999998|528010
2.025999999999998|529010
2.025999999999998|530010
2.025999999999998|531010
2.025999999999998|532010
2.025999999999998|533010
2.025999999999998|534010
2.025999999999998|535010
2.025999999999998|536010
2.025999999999998|537010
2.025999999999998|538010
2.025999999999998|539010
2.025999999999998|540010
2.025999999999998|541010
2.025999999999998|542010
2.025999999999998|543010
2.025999999999998|544010
2.025999999999998|545010
2.025999999999998|546010
2.025999999999998|547010
2.025999999999998|548010
2.025999999999998|549010
2.025999999999998|550010
2.025999999999998|551010
2.025999999999998|552010
2.025999999999998|553010
2.025999999999998|554010
2.025999999999998|555010
2.025999999999998|556010
2.025999999999998|557010
2.025999999999998|558010
2.025999999999998|559010
2.025999999999998|560010
2.025999999999998|561010
2.025999999999998|562010
2.025999999999998|563010
2.025999999999998|564010
2.025999999999998|565010
2.025999999999998|566010
2.025999999999998|567010
2.025999999999998|568010
2.025999999999998|569010
2.025999999999998|570010
2.025999999999998|571010
2.025999999999998|572010
2.025999999999998|573010
2.025999999999998|574010
2.025999999999998|575010
2.025999999999998|576010
2.025999999999998|577010
2.025999999999998|578010
2.025999999999998|579010
2.025999999999998|580010
2.025999999999998|581010
2.025999999999998|582010
2.025999999999998|583010
2.025999999999998|584010
2.025999999999998|585010
2.025999999999998|586010
2.025999999999998|587010
2.025999999999998|588010
2.025999999999998|589010
2.025999999999998|590010
2.025999999999998|591010
2.025999999999998|592010
2.025999999999998|593010
2.025999999999998|594010
2.025999999999998|595010
2.025999999999998|596010
2.025999999999998|597010
2.025999999999998|598010
2.025999999999998|599010
2.025999999999998|600010
2.025999999999998|601010
2.025999999999998|602010
2.025999999999998|603010
2.025999999999998|604010
2.025999999999998|605010
2.025999999999998|606010
2.025999999999998|607010
2.025999999999998|608010
2.025999999999998|609010
2.025999999999998|610010
2.025999999999998|611010
2.025999999999998|612010
2.025999999999998|613010
2.025999999999998|614010
2.025999999999998|615010
2.025999999999998|616010
2.025999999999998|617010
2.025999999999998|618010
2.025999999999998|619010
2.025999999999998|620010
2.025999999999998|621010
2.025999999999998|622010
2.025999999999998|623010
2.025999999999998|624010
2.025999999999998|625010
2.025999999999998|626010
2.025999999999998|627010
2.025999999999998|628010
2.025999999999998|629010
2.025999999999998|630010
2.025999999999998|631010
2.025999999999998|632010
2.025999999999998|633010
2.025999999999998|634010
2.025999999999998|635010
2.025999999999998|636010
2.025999999999998|637010
2.025999999999998|638010
2.025999999999998|639010
2.025999999999998|640010
2.025999999999998|641010
2.025999999999998|642010
2.025999999999998|643010
2.025999999999998|644010
2.025999999999998|645010
2.025999999999998|646010
2.025999999999998|647010
2.025999999999998|648010
2.025999999999998|649010
2.025999999999998|650010
2.025999999999998|651010
2.025999999999998|652010
2.025999999999998|653010
2.025999999999998|654010
2.025999999999998|655010
2.025999999999998|656010
2.025999999999998|657010
2.025999999999998|658010
2.025999999999998|659010
2.025999999999998|660010
2.025999999999998|661010
2.025999999999998|662010
2.025999999999998|663010
2.025999999999998|664010
2.025999999999998|665010
2.025999999999998|666010
2.025999999999998|667010
2.025999999999998|668010
2.025999999999998|669010
2.025999999999998|670010
2.025999999999998|671010
2.025999999999998|672010
2.025999999999998|673010
2.025999999999998|674010
2.025999999999998|675010
2.025999999999998|676010
2.025999999999998|677010
2.025999999999998|678010
2.025999999999998|679010
2.025999999999998|680010
2.025999999999998|681010
2.025999999999998|682010
2.025999999999998|683010
2.025999999999998|684010
2.025999999999998|685010
2.025999999999998|686010
2.025999999999998|687010
2.025999999999998|688010
2.025999999999998|689010
2.025999999999998|690010
2.025999999999998|691010
2.025999999999998|692010
2.025999999999998|693010
2.025999999999998|694010
2.025999999999998|695010
2.025999999999998|696010
2.025999999999998|697010
2.025999999999998|698010
2.025999999999998|699010
2.025999999999998|700010
2.025999999999998|701010
2.025999999999998|702010
2.025999999999998|703010
2.025999999999998|704010
2.025999999999998|705010
2.025999999999998|706010
2.025999999999998|707010
2.025999999999998|708010
2.025999999999998|709010
2.025999999999998|710010
2.025999999999998|711010
2.025999999999998|712010
2.025999999999998|713010
2.025999999999998|714010
2.025999999999998|715010
2.025999999999998|716010
2.025999999999998|717010
2.025999999999998|718010
2.025999999999998|719010
2.025999999999998|720010
2.025999999999998|721010
2.025999999999998|722010
2.025999999999998|723010
2.025999999999998|724010
2.025999999999998|725010
2.025999999999998|726010
2.025999999999998|727010
2.025999999999998|728010
2.025999999999998|729010
2.025999999999998|730010
2.025999999999998|731010
2.025999999999998|732010
2.025999999999998|733010
2.025999999999998|734010
2.025999999999998|735010
2.025999999999998|736010
2.025999999999998|737010
2.025999999999998|738010
2.025999999999998|739010
2.025999999999998|740010
2.025999999999998|741010
2.025999999999998|742010
2.025999999999998|743010
2.025999999999998|744010
2.025999999999998|745010
2.025999999999998|746010
2.025999999999998|747010
2.025999999999998|748010
2.025999999999998|749010
2.025999999999998|750010
2.025999999999998|751010
2.025999999999998|752010
2.025999999999998|753010
2.025999999999998|754010
2.025999999999998|755010
2.025999999999998|756010
2.025999999999998|757010
2.025999999999998|758010
2.025999999999998|759010
2.025999999999998|760010
2.025999999999998|761010
2.025999999999998|762010
2.025999999999998|763010
2.025999999999998|764010
2.025999999999998|765010
2.025999999999998|766010
2.025999999999998|767010
2.025999999999998|768010
2.025999999999998|769010
2.025999999999998|770010
2.025999999999998|771010
2.025999999999998|772010
2.025999999999998|773010
2.025999999999998|774010
2.025999999999998|775010
2.025999999999998|776010
2.025999999999998|777010
2.025999999999998|778010
2.025999999999998|779010
2.025999999999998|780010
2.025999999999998|781010
2.025999999999998|782010
2.025999999999998|783010
2.025999999999998|784010
2.025999999999998|785010
2.025999999999998|786010
2.025999999999998|787010
2.025999999999998|788010
2.025999999999998|789010
2.025999999999998|790010
2.025999999999998|791010
2.025999999999998|792010
2.025999999999998|793010
2.025999999999998|794010
2.025999999999998|795010
2.025999999999998|796010
2.025999999999998|797010
2.025999999999998|798010
2.025999999999998|799010
2.025999999999998|800010
2.025999999999998|801010
2.025999999999998|802010
2.025999999999998|803010
2.025999999999998|804010
2.025999999999998|805010
2.025999999999998|806010
2.025999999999998|807010
2.025999999999998|808010
2.025999999999998|809010
2.025999999999998|810010
2.025999999999998|811010
2.025999999999998|812010
2.025999999999998|813010
2.025999999999998|814010
2.025999999999998|815010
2.025999999999998|816010
2.025999999999998|817010
2.025999999999998|818010
2.025999999999998|819010
2.025999999999998|820010
2.025999999999998|821010
2.025999999999998|822010
2.025999999999998|823010
2.025999999999998|824010
2.025999999999998|825010
2.025999999999998|826010
2.025999999999998|827010
2.025999999999998|828010
2.025999999999998|829010
2.025999999999998|830010
2.025999999999998|831010
2.025999999999998|832010
2.025999999999998|833010
2.025999999999998|834010
2.025999999999998|835010
2.025999999999998|836010
2.025999999999998|837010
2.025999999999998|838010
2.025999999999998|839010
2.025999999999998|840010
2.025999999999998|841010
2.025999999999998|842010
2.025999999999998|843010
2.025999999999998|844010
2.025999999999998|845010
2.025999999999998|846010
2.025999999999998|847010
2.025999999999998|848010
2.025999999999998|849010
2.025999999999998|850010
2.025999999999998|851010
2.025999999999998|852010
2.025999999999998|853010
2.025999999999998|854010
2.025999999999998|855010
2.025999999999998|856010
2.025999999999998|857010
2.025999999999998|858010
2.025999999999998|859010
2.025999999999998|860010
2.025999999999998|861010
2.025999999999998|862010
2.025999999999998|863010
2.025999999999998|864010
2.025999999999998|865010
2.025999999999998|866010
2.025999999999998|867010
2.025999999999998|868010
2.025999999999998|869010
2.025999999999998|870010
2.025999999999998|871010
2.025999999999998|872010
2.025999999999998|873010
2.025999999999998|874010
2.025999999999998|875010
2.025999999999998|876010
2.025999999999998|877010
2.025999999999998|878010
2.025999999999998|879010
2.025999999999998|880010
2.025999999999998|881010
2.025999999999998|882010
2.025999999999998|883010
2.025999999999998|884010
2.025999999999998|885010
2.025999999999998|886010
2.025999999999998|887010
2.025999999999998|888010
2.025999999999998|889010
2.025999999999998|890010
2.025999999999998|891010
2.025999999999998|892010
2.025999999999998|893010
2.025999999999998|894010
2.025999999999998|895010
2.025999999999998|896010
2.025999999999998|897010
2.025999999999998|898010
2.025999999999998|899010
2.025999999999998|900010
2.025999999999998|901010
2.025999999999998|902010
2.025999999999998|903010
2.025999999999998|904010
2.025999999999998|905010
2.025999999999998|906010
2.025999999999998|907010
2.025999999999998|908010
2.025999999999998|909010
2.025999999999998|910010
2.025999999999998|911010
2.025999999999998|912010
2.025999999999998|913010
2.025999999999998|914010
2.025999999999998|915010
2.025999999999998|916010
2.025999999999998|917010
2.025999999999998|918010
2.025999999999998|919010
2.025999999999998|920010
2.025999999999998|921010
2.025999999999998|922010
2.025999999999998|923010
2.025999999999998|924010
2.025999999999998|925010
2.025999999999998|926010
2.025999999999998|927010
2.025999999999998|928010
2.025999999999998|929010
2.025999999999998|930010
2.025999999999998|931010
2.025999999999998|932010
2.025999999999998|933010
2.025999999999998|934010
2.025999999999998|935010
2.025999999999998|936010
2.025999999999998|937010
2.025999999999998|938010
2.025999999999998|939010
2.025999999999998|940010
2.025999999999998|941010
2.025999999999998|942010
2.025999999999998|943010
2.025999999999998|944010
2.025999999999998|945010
2.025999999999998|946010
2.025999999999998|947010
2.025999999999998|948010
2.025999999999998|949010
2.025999999999998|950010
2.025999999999998|951010
2.025999999999998|952010
2.025999999999998|953010
2.025999999999998|954010
2.025999999999998|955010
2.025999999999998|956010
2.025999999999998|957010
2.025999999999998|958010
2.025999999999998|959010
2.025999999999998|960010
2.025999999999998|961010
2.025999999999998|962010
2.025999999999998|963010
2.025999999999998|964010
2.025999999999998|965010
2.025999999999998|966010
2.025999999999998|967010
2.025999999999998|968010
2.025999999999998|969010
2.025999999999998|970010
2.025999999999998|971010
2.025999999999998|972010
2.025999999999998|973010
2.025999999999998|974010
2.025999999999998|975010
2.025999999999998|976010
2.025999999999998|977010
2.025999999999998|978010
2.025999999999998|979010
2.025999999999998|980010
2.025999999999998|981010
2.025999999999998|982010
2.025999999999998|983010
2.025999999999998|984010
2.025999999999998|985010
2.025999999999998|986010
2.025999999999998|987010
2.025999999999998|988010
2.025999999999998|989010
2.025999999999998|990010
2.025999999999998|991010
2.025999999999998|992010
2.025999999999998|993010
2.025999999999998|994010
2.025999999999998|995010
2.025999999999998|996010
2.025999999999998|997010
2.025999999999998|998010
2.025999999999998|999010
2.025999999999998|1000010
