38.72068396735513|1100
38.72068396735513|2100
39.563964857250554|3100
39.79730231712035|4100
40.5160547623774|5100
40.52613915061564|6100
40.52613915061564|7100
41.37470492381601|8100
41.56757719904103|9100
41.88797860885266|10100
42.08077636212535|11100
42.16424053832902|12100
42.29346285108891|13100
42.29346285108891|14100
42.681839452612365|15100
42.681839452612365|16100
42.714101553184975|17100
42.714101553184975|18100
42.836285557235335|19100
42.901090993073126|20100
43.02328756654507|21100
43.02328756654507|22100
43.212031328838115|23100
43.25112306588366|24100
43.25112306588366|25100
43.25112306588366|26100
43.37296388466912|27100
43.39668277461515|28100
43.39668277461515|29100
43.51276093424032|30100
43.51276093424032|31100
43.550226145843986|32100
43.61279893660613|33100
43.64770151995196|34100
43.67228223160292|35100
43.7128202643615|36100
43.771559778336695|37100
43.80513782277093|38100
43.848986971583074|39100
44.013810696268045|40100
44.01645420257143|41100
44.01645420257143|42100
44.01645420257143|43100
44.069958308071925|44100
44.07380962128179|45100
44.10030247584541|46100
44.12287991860419|47100
44.171578897452534|48100
44.171578897452534|49100
44.21014633023411|50100
44.21014633023411|51100
44.23064661522712|52100
44.25678889654079|53100
44.27735394709024|54100
44.28650410248529|55100
44.30310131259442|56100
44.34681245322282|57100
44.38787842686036|58100
44.38787842686036|59100
44.397039512230336|60100
44.397039512230336|61100
44.41405972468668|62100
44.41405972468668|63100
44.41897098378225|64100
44.42472108080543|65100
44.42472108080543|66100
44.445152281608564|67100
44.45037539368999|68100
44.45037539368999|69100
44.459481902255234|70100
44.46830170068235|71100
44.46830170068235|72100
44.47547661461776|73100
44.47547661461776|74100
44.47822862623199|75100
44.47987483979921|76100
44.48503901374674|77100
44.48668522731396|78100
44.49250857850026|79100
44.52258529337838|80100
44.53686524564664|81100
44.55285995800917|82100
44.55663742226306|83100
44.55835369881624|84100
44.55843522627088|85100
44.56336012251373|86100
44.56336012251373|87100
44.56941615437272|88100
44.56941615437272|89100
44.569446543622384|90100
44.57486531792512|91100
44.57486531792512|92100
44.58215168339116|93100
44.58215168339116|94100
44.58752970331783|95100
44.587600846943566|96100
44.587600846943566|97100
44.587600846943566|98100
44.587878028749614|99100
44.58819310075968|100100
44.58819310075968|101100
44.58819310075968|102100
44.590789480479565|103100
44.590789480479565|104100
44.59080143392755|105100
44.59080143392755|106100
44.59080143392755|107100
44.59080143392756|108100
44.59080143392756|109100
44.59080143392756|110100
44.5989965469391|111100
44.5989965469391|112100
44.5989965469391|113100
44.5989965469391|114100
44.5989965469391|115100
44.5989965469391|116100
44.5989965469391|117100
44.5989965469391|118100
44.60255744450268|119100
44.60255744450268|120100
44.60255744450268|121100
44.60301136202807|122100
44.60585893711553|123100
44.62879941577071|124100
44.62879941577071|125100
44.62879941577071|126100
44.63001551346052|127100
44.63001551346052|128100
44.63001551346052|129100
44.63003348449921|130100
44.630122300399336|131100
44.630122300399336|132100
44.630122300399336|133100
44.630122300399336|134100
44.630122300399336|135100
44.630122300399336|136100
44.63019351458716|137100
44.63019351458716|138100
44.63417494553163|139100
44.63417494553163|140100
44.63417494553163|141100
44.63417494553163|142100
44.63417494553163|143100
44.63417494553163|144100
44.63418689897962|145100
44.63418689897962|146100
44.63418689897962|147100
44.63418689897962|148100
44.63418689897962|149100
44.63418689897962|150100
44.634198707312905|151100
44.634198707312905|152100
44.634198707312905|153100
44.634198707312905|154100
44.634198707312905|155100
44.634198707312905|156100
44.634198707312905|157100
44.634198707312905|158100
44.634198707312905|159100
44.634198707312905|160100
44.634198707312905|161100
44.6342004887652|162100
44.6342004887652|163100
44.6342004887652|164100
44.6342004887652|165100
44.6342004887652|166100
44.6342004887652|167100
44.6342004887652|168100
44.6342004887652|169100
44.6342004887652|170100
44.6342004887652|171100
44.6342004887652|172100
44.6342004887652|173100
44.6342004887652|174100
44.6342004887652|175100
44.6342004887652|176100
44.6342004887652|177100
44.6342004887652|178100
44.6342004887652|179100
44.6342004887652|180100
44.6342004887652|181100
44.6342004887652|182100
44.6342004887652|183100
44.6342004887652|184100
44.6342004887652|185100
44.6342004887652|186100
44.6342004887652|187100
44.6342004887652|188100
44.6342004887652|189100
44.6342004887652|190100
44.6342004887652|191100
44.6342004887652|192100
44.6342004887652|193100
44.6342004887652|194100
44.6342004887652|195100
44.6342004887652|196100
44.6342004887652|197100
44.6342004887652|198100
44.6342004887652|199100
44.6342004887652|200100
44.6342004887652|201100
44.6342004887652|202100
44.6342004887652|203100
44.6342004887652|204100
44.6342004887652|205100
44.6342004887652|206100
44.6342004887652|207100
44.6342004887652|208100
44.6342004887652|209100
44.6342004887652|210100
44.6342004887652|211100
44.6342004887652|212100
44.6342004887652|213100
44.6342004887652|214100
44.6342004887652|215100
44.6342004887652|216100
44.6342004887652|217100
44.6342004887652|218100
44.6342004887652|219100
44.6342004887652|220100
44.6342004887652|221100
44.6342004887652|222100
44.6342004887652|223100
44.6342004887652|224100
44.6342004887652|225100
44.6342004887652|226100
44.6342004887652|227100
44.6342004887652|228100
44.6342004887652|229100
44.6342004887652|230100
44.6342004887652|231100
44.6342004887652|232100
44.6342004887652|233100
44.6342004887652|234100
44.6342004887652|235100
44.6342004887652|236100
44.6342004887652|237100
44.6342004887652|238100
44.6342004887652|239100
44.6342004887652|240100
44.6342004887652|241100
44.6342004887652|242100
44.6342004887652|243100
44.6342004887652|244100
44.6342004887652|245100
44.6342004887652|246100
44.6342004887652|247100
44.6342004887652|248100
44.6342004887652|249100
44.6342004887652|250100
44.6342004887652|251100
44.6342004887652|252100
44.6342004887652|253100
44.6342004887652|254100
44.6342004887652|255100
44.6342004887652|256100
44.6342004887652|257100
44.6342004887652|258100
44.6342004887652|259100
44.6342004887652|260100
44.6342004887652|261100
44.6342004887652|262100
44.6342004887652|263100
44.6342004887652|264100
44.6342004887652|265100
44.6342004887652|266100
44.6342004887652|267100
44.6342004887652|268100
44.6342004887652|269100
44.6342004887652|270100
44.6342004887652|271100
44.6342004887652|272100
44.6342004887652|273100
44.6342004887652|274100
44.6342004887652|275100
44.6342004887652|276100
44.6342004887652|277100
44.6342004887652|278100
44.6342004887652|279100
44.6342004887652|280100
44.6342004887652|281100
44.6342004887652|282100
44.6342004887652|283100
44.6342004887652|284100
44.6342004887652|285100
44.6342004887652|286100
44.6342004887652|287100
44.6342004887652|288100
44.6342004887652|289100
44.6342004887652|290100
44.6342004887652|291100
44.6342004887652|292100
44.6342004887652|293100
44.6342004887652|294100
44.6342004887652|295100
44.6342004887652|296100
44.6342004887652|297100
44.6342004887652|298100
44.6342004887652|299100
44.6342004887652|300100
44.6342004887652|301100
44.6342004887652|302100
44.6342004887652|303100
44.6342004887652|304100
44.6342004887652|305100
44.6342004887652|306100
44.6342004887652|307100
44.6342004887652|308100
44.6342004887652|309100
44.6342004887652|310100
44.6342004887652|311100
44.6342004887652|312100
44.6342004887652|313100
44.6342004887652|314100
44.6342004887652|315100
44.6342004887652|316100
44.6342004887652|317100
44.6342004887652|318100
44.6342004887652|319100
44.6342004887652|320100
44.6342004887652|321100
44.6342004887652|322100
44.6342004887652|323100
44.6342004887652|324100
44.6342004887652|325100
44.6342004887652|326100
44.6342004887652|327100
44.6342004887652|328100
44.6342004887652|329100
44.6342004887652|330100
44.6342004887652|331100
44.6342004887652|332100
44.6342004887652|333100
44.6342004887652|334100
44.6342004887652|335100
44.6342004887652|336100
44.6342004887652|337100
44.6342004887652|338100
44.6342004887652|339100
44.6342004887652|340100
44.6342004887652|341100
44.6342004887652|342100
44.6342004887652|343100
44.6342004887652|344100
44.6342004887652|345100
44.6342004887652|346100
44.6342004887652|347100
44.6342004887652|348100
44.6342004887652|349100
44.6342004887652|350100
44.6342004887652|351100
44.6342004887652|352100
44.6342004887652|353100
44.6342004887652|354100
44.6342004887652|355100
44.6342004887652|356100
44.6342004887652|357100
44.6342004887652|358100
44.6342004887652|359100
44.6342004887652|360100
44.6342004887652|361100
44.6342004887652|362100
44.6342004887652|363100
44.6342004887652|364100
44.6342004887652|365100
44.6342004887652|366100
44.6342004887652|367100
44.6342004887652|368100
44.6342004887652|369100
44.6342004887652|370100
44.6342004887652|371100
44.6342004887652|372100
44.6342004887652|373100
44.6342004887652|374100
44.6342004887652|375100
44.6342004887652|376100
44.6342004887652|377100
44.6342004887652|378100
44.6342004887652|379100
44.6342004887652|380100
44.6342004887652|381100
44.6342004887652|382100
44.6342004887652|383100
44.6342004887652|384100
44.6342004887652|385100
44.6342004887652|386100
44.6342004887652|387100
44.6342004887652|388100
44.6342004887652|389100
44.6342004887652|390100
44.6342004887652|391100
44.6342004887652|392100
44.6342004887652|393100
44.6342004887652|394100
44.6342004887652|395100
44.6342004887652|396100
44.6342004887652|397100
44.6342004887652|398100
44.6342004887652|399100
44.6342004887652|400100
44.6342004887652|401100
44.6342004887652|402100
44.6342004887652|403100
44.6342004887652|404100
44.6342004887652|405100
44.6342004887652|406100
44.6342004887652|407100
44.6342004887652|408100
44.6342004887652|409100
44.6342004887652|410100
44.6342004887652|411100
44.6342004887652|412100
44.6342004887652|413100
44.6342004887652|414100
44.6342004887652|415100
44.6342004887652|416100
44.6342004887652|417100
44.6342004887652|418100
44.6342004887652|419100
44.6342004887652|420100
44.6342004887652|421100
44.6342004887652|422100
44.6342004887652|423100
44.6342004887652|424100
44.6342004887652|425100
44.6342004887652|426100
44.6342004887652|427100
44.6342004887652|428100
44.6342004887652|429100
44.6342004887652|430100
44.6342004887652|431100
44.6342004887652|432100
44.6342004887652|433100
44.6342004887652|434100
44.6342004887652|435100
44.6342004887652|436100
44.6342004887652|437100
44.6342004887652|438100
44.6342004887652|439100
44.6342004887652|440100
44.6342004887652|441100
44.6342004887652|442100
44.6342004887652|443100
44.6342004887652|444100
44.6342004887652|445100
44.6342004887652|446100
44.6342004887652|447100
44.6342004887652|448100
44.6342004887652|449100
44.6342004887652|450100
44.6342004887652|451100
44.6342004887652|452100
44.6342004887652|453100
44.6342004887652|454100
44.6342004887652|455100
44.6342004887652|456100
44.6342004887652|457100
44.6342004887652|458100
44.6342004887652|459100
44.6342004887652|460100
44.6342004887652|461100
44.6342004887652|462100
44.6342004887652|463100
44.6342004887652|464100
44.6342004887652|465100
44.6342004887652|466100
44.6342004887652|467100
44.6342004887652|468100
44.6342004887652|469100
44.6342004887652|470100
44.6342004887652|471100
44.6342004887652|472100
44.6342004887652|473100
44.6342004887652|474100
44.6342004887652|475100
44.6342004887652|476100
44.6342004887652|477100
44.6342004887652|478100
44.6342004887652|479100
44.6342004887652|480100
44.6342004887652|481100
44.6342004887652|482100
44.6342004887652|483100
44.6342004887652|484100
44.6342004887652|485100
44.6342004887652|486100
44.6342004887652|487100
44.6342004887652|488100
44.6342004887652|489100
44.6342004887652|490100
44.6342004887652|491100
44.6342004887652|492100
44.6342004887652|493100
44.6342004887652|494100
44.6342004887652|495100
44.6342004887652|496100
44.6342004887652|497100
44.6342004887652|498100
44.6342004887652|499100
44.6342004887652|500100
44.6342004887652|501100
44.6342004887652|502100
44.6342004887652|503100
44.6342004887652|504100
44.6342004887652|505100
44.6342004887652|506100
44.6342004887652|507100
44.6342004887652|508100
44.6342004887652|509100
44.6342004887652|510100
44.6342004887652|511100
44.6342004887652|512100
44.6342004887652|513100
44.6342004887652|514100
44.6342004887652|515100
44.6342004887652|516100
44.6342004887652|517100
44.6342004887652|518100
44.6342004887652|519100
44.6342004887652|520100
44.6342004887652|521100
44.6342004887652|522100
44.6342004887652|523100
44.6342004887652|524100
44.6342004887652|525100
44.6342004887652|526100
44.6342004887652|527100
44.6342004887652|528100
44.6342004887652|529100
44.6342004887652|530100
44.6342004887652|531100
44.6342004887652|532100
44.6342004887652|533100
44.6342004887652|534100
44.6342004887652|535100
44.6342004887652|536100
44.6342004887652|537100
44.6342004887652|538100
44.6342004887652|539100
44.6342004887652|540100
44.6342004887652|541100
44.6342004887652|542100
44.6342004887652|543100
44.6342004887652|544100
44.6342004887652|545100
44.6342004887652|546100
44.6342004887652|547100
44.6342004887652|548100
44.6342004887652|549100
44.6342004887652|550100
44.6342004887652|551100
44.6342004887652|552100
44.6342004887652|553100
44.6342004887652|554100
44.6342004887652|555100
44.6342004887652|556100
44.6342004887652|557100
44.6342004887652|558100
44.6342004887652|559100
44.6342004887652|560100
44.6342004887652|561100
44.6342004887652|562100
44.6342004887652|563100
44.6342004887652|564100
44.6342004887652|565100
44.6342004887652|566100
44.6342004887652|567100
44.6342004887652|568100
44.6342004887652|569100
44.6342004887652|570100
44.6342004887652|571100
44.6342004887652|572100
44.6342004887652|573100
44.6342004887652|574100
44.6342004887652|575100
44.6342004887652|576100
44.6342004887652|577100
44.6342004887652|578100
44.6342004887652|579100
44.6342004887652|580100
44.6342004887652|581100
44.6342004887652|582100
44.6342004887652|583100
44.6342004887652|584100
44.6342004887652|585100
44.6342004887652|586100
44.6342004887652|587100
44.6342004887652|588100
44.6342004887652|589100
44.6342004887652|590100
44.6342004887652|591100
44.6342004887652|592100
44.6342004887652|593100
44.6342004887652|594100
44.6342004887652|595100
44.6342004887652|596100
44.6342004887652|597100
44.6342004887652|598100
44.6342004887652|599100
44.6342004887652|600100
44.6342004887652|601100
44.6342004887652|602100
44.6342004887652|603100
44.6342004887652|604100
44.6342004887652|605100
44.6342004887652|606100
44.6342004887652|607100
44.6342004887652|608100
44.6342004887652|609100
44.6342004887652|610100
44.6342004887652|611100
44.6342004887652|612100
44.6342004887652|613100
44.6342004887652|614100
44.6342004887652|615100
44.6342004887652|616100
44.6342004887652|617100
44.6342004887652|618100
44.6342004887652|619100
44.6342004887652|620100
44.6342004887652|621100
44.6342004887652|622100
44.6342004887652|623100
44.6342004887652|624100
44.6342004887652|625100
44.6342004887652|626100
44.6342004887652|627100
44.6342004887652|628100
44.6342004887652|629100
44.6342004887652|630100
44.6342004887652|631100
44.6342004887652|632100
44.6342004887652|633100
44.6342004887652|634100
44.6342004887652|635100
44.6342004887652|636100
44.6342004887652|637100
44.6342004887652|638100
44.6342004887652|639100
44.6342004887652|640100
44.6342004887652|641100
44.6342004887652|642100
44.6342004887652|643100
44.6342004887652|644100
44.6342004887652|645100
44.6342004887652|646100
44.6342004887652|647100
44.6342004887652|648100
44.6342004887652|649100
44.6342004887652|650100
44.6342004887652|651100
44.6342004887652|652100
44.6342004887652|653100
44.6342004887652|654100
44.6342004887652|655100
44.6342004887652|656100
44.6342004887652|657100
44.6342004887652|658100
44.6342004887652|659100
44.6342004887652|660100
44.6342004887652|661100
44.6342004887652|662100
44.6342004887652|663100
44.6342004887652|664100
44.6342004887652|665100
44.6342004887652|666100
44.6342004887652|667100
44.6342004887652|668100
44.6342004887652|669100
44.6342004887652|670100
44.6342004887652|671100
44.6342004887652|672100
44.6342004887652|673100
44.6342004887652|674100
44.6342004887652|675100
44.6342004887652|676100
44.6342004887652|677100
44.6342004887652|678100
44.6342004887652|679100
44.6342004887652|680100
44.6342004887652|681100
44.6342004887652|682100
44.6342004887652|683100
44.6342004887652|684100
44.6342004887652|685100
44.6342004887652|686100
44.6342004887652|687100
44.6342004887652|688100
44.6342004887652|689100
44.6342004887652|690100
44.6342004887652|691100
44.6342004887652|692100
44.6342004887652|693100
44.6342004887652|694100
44.6342004887652|695100
44.6342004887652|696100
44.6342004887652|697100
44.6342004887652|698100
44.6342004887652|699100
44.6342004887652|700100
44.6342004887652|701100
44.6342004887652|702100
44.6342004887652|703100
44.6342004887652|704100
44.6342004887652|705100
44.6342004887652|706100
44.6342004887652|707100
44.6342004887652|708100
44.6342004887652|709100
44.6342004887652|710100
44.6342004887652|711100
44.6342004887652|712100
44.6342004887652|713100
44.6342004887652|714100
44.6342004887652|715100
44.6342004887652|716100
44.6342004887652|717100
44.6342004887652|718100
44.6342004887652|719100
44.6342004887652|720100
44.6342004887652|721100
44.6342004887652|722100
44.6342004887652|723100
44.6342004887652|724100
44.6342004887652|725100
44.6342004887652|726100
44.6342004887652|727100
44.6342004887652|728100
44.6342004887652|729100
44.6342004887652|730100
44.6342004887652|731100
44.6342004887652|732100
44.6342004887652|733100
44.6342004887652|734100
44.6342004887652|735100
44.6342004887652|736100
44.6342004887652|737100
44.6342004887652|738100
44.6342004887652|739100
44.6342004887652|740100
44.6342004887652|741100
44.6342004887652|742100
44.6342004887652|743100
44.6342004887652|744100
44.6342004887652|745100
44.6342004887652|746100
44.6342004887652|747100
44.6342004887652|748100
44.6342004887652|749100
44.6342004887652|750100
44.6342004887652|751100
44.6342004887652|752100
44.6342004887652|753100
44.6342004887652|754100
44.6342004887652|755100
44.6342004887652|756100
44.6342004887652|757100
44.6342004887652|758100
44.6342004887652|759100
44.6342004887652|760100
44.6342004887652|761100
44.6342004887652|762100
44.6342004887652|763100
44.6342004887652|764100
44.6342004887652|765100
44.6342004887652|766100
44.6342004887652|767100
44.6342004887652|768100
44.6342004887652|769100
44.6342004887652|770100
44.6342004887652|771100
44.6342004887652|772100
44.6342004887652|773100
44.6342004887652|774100
44.6342004887652|775100
44.6342004887652|776100
44.6342004887652|777100
44.6342004887652|778100
44.6342004887652|779100
44.6342004887652|780100
44.6342004887652|781100
44.6342004887652|782100
44.6342004887652|783100
44.6342004887652|784100
44.6342004887652|785100
44.6342004887652|786100
44.6342004887652|787100
44.6342004887652|788100
44.6342004887652|789100
44.6342004887652|790100
44.6342004887652|791100
44.6342004887652|792100
44.6342004887652|793100
44.6342004887652|794100
44.6342004887652|795100
44.6342004887652|796100
44.6342004887652|797100
44.6342004887652|798100
44.6342004887652|799100
44.6342004887652|800100
44.6342004887652|801100
44.6342004887652|802100
44.6342004887652|803100
44.6342004887652|804100
44.6342004887652|805100
44.6342004887652|806100
44.6342004887652|807100
44.6342004887652|808100
44.6342004887652|809100
44.6342004887652|810100
44.6342004887652|811100
44.6342004887652|812100
44.6342004887652|813100
44.6342004887652|814100
44.6342004887652|815100
44.6342004887652|816100
44.6342004887652|817100
44.6342004887652|818100
44.636537593138634|819100
44.636537593138634|820100
44.636537593138634|821100
44.63665728281322|822100
44.63665728281322|823100
44.636657282813225|824100
44.636657282813225|825100
44.636657282813225|826100
44.636657282813225|827100
44.636657282813225|828100
44.636657282813225|829100
44.636657282813225|830100
44.636657282813225|831100
44.636657282813225|832100
44.636657282813225|833100
44.636657282813225|834100
44.636657282813225|835100
44.636657282813225|836100
44.636657282813225|837100
44.636657282813225|838100
44.636657282813225|839100
44.636657282813225|840100
44.636657282813225|841100
44.636657282813225|842100
44.636657282813225|843100
44.636657282813225|844100
44.636657282813225|845100
44.636657282813225|846100
44.636657282813225|847100
44.636657282813225|848100
44.636657282813225|849100
44.636657282813225|850100
44.636657282813225|851100
44.636657282813225|852100
44.636657282813225|853100
44.636657282813225|854100
44.636657282813225|855100
44.636657282813225|856100
44.636657282813225|857100
44.636657282813225|858100
44.636657282813225|859100
44.636657282813225|860100
44.636657282813225|861100
44.636657282813225|862100
44.636657282813225|863100
44.636657282813225|864100
44.636657282813225|865100
44.636657282813225|866100
44.636657282813225|867100
44.636657282813225|868100
44.636657282813225|869100
44.636657282813225|870100
44.636657282813225|871100
44.636657282813225|872100
44.636657282813225|873100
44.636657282813225|874100
44.636657282813225|875100
44.636657282813225|876100
44.636657282813225|877100
44.636657282813225|878100
44.636657282813225|879100
44.636657282813225|880100
44.636657282813225|881100
44.636657282813225|882100
44.636657282813225|883100
44.636657282813225|884100
44.636657282813225|885100
44.636657282813225|886100
44.636657282813225|887100
44.636657282813225|888100
44.636657282813225|889100
44.636657282813225|890100
44.636657282813225|891100
44.636657282813225|892100
44.636657282813225|893100
44.636657282813225|894100
44.636657282813225|895100
44.636657282813225|896100
44.636657282813225|897100
44.636657282813225|898100
44.636657282813225|899100
44.636657282813225|900100
44.636657282813225|901100
44.636657282813225|902100
44.636657282813225|903100
44.636657282813225|904100
44.636657282813225|905100
44.636657282813225|906100
44.636657282813225|907100
44.636657282813225|908100
44.636657282813225|909100
44.636657282813225|910100
44.636657282813225|911100
44.636657282813225|912100
44.636657282813225|913100
44.636657282813225|914100
44.636657282813225|915100
44.636657282813225|916100
44.636657282813225|917100
44.636657282813225|918100
44.636657282813225|919100
44.636657282813225|920100
44.636657282813225|921100
44.636657282813225|922100
44.636657282813225|923100
44.636657282813225|924100
44.636657282813225|925100
44.636657282813225|926100
44.636657282813225|927100
44.636657282813225|928100
44.636657282813225|929100
44.636657282813225|930100
44.636657282813225|931100
44.636657282813225|932100
44.636657282813225|933100
44.636657282813225|934100
44.636657282813225|935100
44.636657282813225|936100
44.636657282813225|937100
44.636657282813225|938100
44.636657282813225|939100
44.636657282813225|940100
44.636657282813225|941100
44.636657282813225|942100
44.636657282813225|943100
44.636657282813225|944100
44.636657282813225|945100
44.636657282813225|946100
44.636657282813225|947100
44.636657282813225|948100
44.636657282813225|949100
44.636657282813225|950100
44.636657282813225|951100
44.636657282813225|952100
44.636657282813225|953100
44.636657282813225|954100
44.636657282813225|955100
44.636657282813225|956100
44.636657282813225|957100
44.636657282813225|958100
44.636657282813225|959100
44.636657282813225|960100
44.636657282813225|961100
44.636657282813225|962100
44.636657282813225|963100
44.636657282813225|964100
44.636657282813225|965100
44.636657282813225|966100
44.636657282813225|967100
44.636657282813225|968100
44.636657282813225|969100
44.636657282813225|970100
44.636657282813225|971100
44.636657282813225|972100
44.636657282813225|973100
44.636657282813225|974100
44.636657282813225|975100
44.636657282813225|976100
44.636657282813225|977100
44.636657282813225|978100
44.636657282813225|979100
44.636657282813225|980100
44.636657282813225|981100
44.636657282813225|982100
44.636657282813225|983100
44.636657282813225|984100
44.636657282813225|985100
44.636657282813225|986100
44.636657282813225|987100
44.636657282813225|988100
44.636657282813225|989100
44.636657282813225|990100
44.636657282813225|991100
44.636657282813225|992100
44.636657282813225|993100
44.636657282813225|994100
44.636657282813225|995100
44.636657282813225|996100
44.636657282813225|997100
44.636657282813225|998100
44.636657282813225|999100
44.636657282813225|1000100
