37.57076968806471|2000
37.57076968806471|3000
37.57076968806471|4000
37.57076968806471|5000
38.32081365632169|6000
38.32081365632169|7000
38.85167042856294|8000
38.85167042856294|9000
39.26870615366733|10000
39.26870615366733|11000
39.26870615366733|12000
39.26870615366733|13000
39.78661365430017|14000
39.78661365430017|15000
39.78661365430017|16000
39.78661365430017|17000
39.78661365430017|18000
39.78661365430017|19000
39.78661365430017|20000
39.78661365430017|21000
39.78661365430017|22000
39.78661365430017|23000
39.78661365430017|24000
39.78661365430017|25000
39.78661365430017|26000
39.78661365430017|27000
41.27267385974074|28000
41.27267385974074|29000
41.27267385974074|30000
41.27267385974074|31000
41.27267385974074|32000
41.27267385974074|33000
41.27267385974074|34000
41.27267385974074|35000
41.27267385974074|36000
41.27267385974074|37000
41.27267385974074|38000
41.27267385974074|39000
41.27267385974074|40000
41.27267385974074|41000
41.27267385974074|42000
41.27267385974074|43000
41.27267385974074|44000
41.27267385974074|45000
41.27267385974074|46000
41.27267385974074|47000
41.27267385974074|48000
41.27267385974074|49000
41.27267385974074|50000
41.27267385974074|51000
41.27267385974074|52000
41.27267385974074|53000
41.27267385974074|54000
41.27267385974074|55000
41.27267385974074|56000
41.27267385974074|57000
41.27267385974074|58000
41.27267385974074|59000
41.27267385974074|60000
41.27267385974074|61000
41.27267385974074|62000
41.27267385974074|63000
41.27267385974074|64000
41.27267385974074|65000
41.27267385974074|66000
41.27267385974074|67000
41.27267385974074|68000
41.27267385974074|69000
41.27267385974074|70000
41.27267385974074|71000
41.27267385974074|72000
41.27267385974074|73000
41.27267385974074|74000
41.27267385974074|75000
41.27267385974074|76000
41.27267385974074|77000
41.27267385974074|78000
41.27267385974074|79000
41.27267385974074|80000
41.27267385974074|81000
41.27267385974074|82000
41.27267385974074|83000
41.27267385974074|84000
41.27267385974074|85000
41.27267385974074|86000
41.27267385974074|87000
41.27267385974074|88000
41.27267385974074|89000
41.27267385974074|90000
41.27267385974074|91000
41.27267385974074|92000
41.27267385974074|93000
41.27267385974074|94000
41.27267385974074|95000
41.27267385974074|96000
41.27267385974074|97000
41.27267385974074|98000
41.27267385974074|99000
41.27267385974074|100000
41.27267385974074|101000
41.27267385974074|102000
41.27267385974074|103000
41.27267385974074|104000
41.27267385974074|105000
41.27267385974074|106000
41.27267385974074|107000
41.27267385974074|108000
41.27267385974074|109000
41.27267385974074|110000
41.27267385974074|111000
41.27267385974074|112000
41.27267385974074|113000
41.27267385974074|114000
41.27267385974074|115000
41.27267385974074|116000
41.27267385974074|117000
41.27267385974074|118000
41.27267385974074|119000
41.27267385974074|120000
41.27267385974074|121000
41.27267385974074|122000
41.27267385974074|123000
41.27267385974074|124000
41.27267385974074|125000
41.27267385974074|126000
41.27267385974074|127000
41.27267385974074|128000
41.27267385974074|129000
41.27267385974074|130000
41.27267385974074|131000
41.27267385974074|132000
41.27267385974074|133000
41.27267385974074|134000
41.27267385974074|135000
41.27267385974074|136000
41.27267385974074|137000
41.27267385974074|138000
41.27267385974074|139000
41.27267385974074|140000
41.27267385974074|141000
41.27267385974074|142000
41.27267385974074|143000
41.27267385974074|144000
41.27267385974074|145000
41.27267385974074|146000
41.27267385974074|147000
41.27267385974074|148000
41.27267385974074|149000
41.27267385974074|150000
41.27267385974074|151000
41.27267385974074|152000
41.27267385974074|153000
41.27267385974074|154000
41.27267385974074|155000
41.27267385974074|156000
41.27267385974074|157000
41.27267385974074|158000
41.27267385974074|159000
41.27267385974074|160000
41.27267385974074|161000
41.27267385974074|162000
41.27267385974074|163000
41.27267385974074|164000
41.27267385974074|165000
41.27267385974074|166000
41.27267385974074|167000
41.27267385974074|168000
41.27267385974074|169000
41.27267385974074|170000
41.27267385974074|171000
41.27267385974074|172000
41.27267385974074|173000
41.27267385974074|174000
41.27267385974074|175000
41.27267385974074|176000
41.27267385974074|177000
41.27267385974074|178000
41.27267385974074|179000
41.27267385974074|180000
41.27267385974074|181000
41.27267385974074|182000
41.27267385974074|183000
41.27267385974074|184000
41.27267385974074|185000
41.42591919105369|186000
41.42591919105369|187000
41.42591919105369|188000
41.42591919105369|189000
41.42591919105369|190000
41.42591919105369|191000
41.42591919105369|192000
41.42591919105369|193000
41.42591919105369|194000
41.42591919105369|195000
41.42591919105369|196000
41.42591919105369|197000
41.42591919105369|198000
41.42591919105369|199000
41.42591919105369|200000
41.42591919105369|201000
41.42591919105369|202000
41.42591919105369|203000
41.787077652251014|204000
41.787077652251014|205000
41.787077652251014|206000
41.83448391814948|207000
41.83448391814948|208000
41.83448391814948|209000
41.83448391814948|210000
41.83448391814948|211000
41.83448391814948|212000
41.83448391814948|213000
41.83448391814948|214000
41.83448391814948|215000
41.83448391814948|216000
41.83448391814948|217000
41.83448391814948|218000
41.83448391814948|219000
41.83448391814948|220000
41.83448391814948|221000
41.83448391814948|222000
41.83448391814948|223000
42.37140304162025|224000
42.37140304162025|225000
42.37140304162025|226000
42.37140304162025|227000
42.37140304162025|228000
42.37140304162025|229000
42.37140304162025|230000
42.37140304162025|231000
42.37140304162025|232000
42.37140304162025|233000
42.37140304162025|234000
42.37140304162025|235000
42.37140304162025|236000
42.37140304162025|237000
42.37140304162025|238000
42.37140304162025|239000
42.37140304162025|240000
42.37140304162025|241000
42.37140304162025|242000
42.37140304162025|243000
42.37140304162025|244000
42.37140304162025|245000
42.37140304162025|246000
42.37140304162025|247000
42.37140304162025|248000
42.37140304162025|249000
42.37140304162025|250000
42.37140304162025|251000
42.37140304162025|252000
42.37140304162025|253000
42.37140304162025|254000
42.37140304162025|255000
42.37140304162025|256000
42.37140304162025|257000
42.37140304162025|258000
42.37140304162025|259000
42.37140304162025|260000
42.37140304162025|261000
42.37140304162025|262000
42.37140304162025|263000
42.37140304162025|264000
42.37140304162025|265000
42.37140304162025|266000
42.37140304162025|267000
42.37140304162025|268000
42.37140304162025|269000
42.3844050934757|270000
42.3844050934757|271000
42.3844050934757|272000
42.3844050934757|273000
42.3844050934757|274000
42.3844050934757|275000
42.52504834307082|276000
42.52504834307082|277000
42.52504834307082|278000
42.52504834307082|279000
42.52504834307082|280000
42.52504834307082|281000
42.52504834307082|282000
42.52504834307082|283000
42.52504834307082|284000
42.52504834307082|285000
42.52504834307082|286000
42.52504834307082|287000
42.52504834307082|288000
42.637663332270606|289000
42.637663332270606|290000
42.637663332270606|291000
42.637663332270606|292000
42.637663332270606|293000
42.637663332270606|294000
42.637663332270606|295000
42.70179921257737|296000
42.70179921257737|297000
42.70179921257737|298000
42.70179921257737|299000
42.70179921257737|300000
42.70179921257737|301000
42.70179921257737|302000
42.815787682457795|303000
42.815787682457795|304000
42.815787682457795|305000
42.815787682457795|306000
42.815787682457795|307000
42.815787682457795|308000
42.815787682457795|309000
42.815787682457795|310000
42.815787682457795|311000
42.815787682457795|312000
42.815787682457795|313000
42.815787682457795|314000
42.815787682457795|315000
42.815787682457795|316000
42.815787682457795|317000
42.815787682457795|318000
42.815787682457795|319000
42.815787682457795|320000
42.815787682457795|321000
42.8670269854285|322000
42.8670269854285|323000
42.8670269854285|324000
43.23769340887734|325000
43.23769340887734|326000
43.23769340887734|327000
43.23769340887734|328000
43.23769340887734|329000
43.23769340887734|330000
43.23769340887734|331000
43.23769340887734|332000
43.23769340887734|333000
43.23769340887734|334000
43.258959850121315|335000
43.258959850121315|336000
43.258959850121315|337000
43.258959850121315|338000
43.258959850121315|339000
43.258959850121315|340000
43.258959850121315|341000
43.3659543666124|342000
43.3659543666124|343000
43.3659543666124|344000
43.3659543666124|345000
43.3659543666124|346000
43.3659543666124|347000
43.3659543666124|348000
43.3659543666124|349000
43.3659543666124|350000
43.3659543666124|351000
43.3659543666124|352000
43.3659543666124|353000
43.3659543666124|354000
43.3659543666124|355000
43.3659543666124|356000
43.3659543666124|357000
43.3659543666124|358000
43.3659543666124|359000
43.3659543666124|360000
43.3659543666124|361000
43.3659543666124|362000
43.3659543666124|363000
43.3659543666124|364000
43.3659543666124|365000
43.3659543666124|366000
43.3659543666124|367000
43.3659543666124|368000
43.3659543666124|369000
43.3659543666124|370000
43.3659543666124|371000
43.3659543666124|372000
43.3659543666124|373000
43.3659543666124|374000
43.3659543666124|375000
43.3659543666124|376000
43.3659543666124|377000
43.3659543666124|378000
43.3659543666124|379000
43.367416574091244|380000
43.367416574091244|381000
43.367416574091244|382000
43.367416574091244|383000
43.367416574091244|384000
43.367416574091244|385000
43.367416574091244|386000
43.367416574091244|387000
43.367416574091244|388000
43.367416574091244|389000
43.367416574091244|390000
43.367416574091244|391000
43.367416574091244|392000
43.367416574091244|393000
43.367416574091244|394000
43.367416574091244|395000
43.367416574091244|396000
43.367416574091244|397000
43.367416574091244|398000
43.367416574091244|399000
43.55956694156726|400000
43.55956694156726|401000
43.55956694156726|402000
43.55956694156726|403000
43.55956694156726|404000
43.55956694156726|405000
43.55956694156726|406000
43.55956694156726|407000
43.55956694156726|408000
43.55956694156726|409000
43.55956694156726|410000
43.55956694156726|411000
43.55956694156726|412000
43.55956694156726|413000
43.55956694156726|414000
43.55956694156726|415000
43.55956694156726|416000
43.55956694156726|417000
43.55956694156726|418000
43.55956694156726|419000
43.55956694156726|420000
43.55956694156726|421000
43.55956694156726|422000
43.55956694156726|423000
43.55956694156726|424000
43.55956694156726|425000
43.55956694156726|426000
43.55956694156726|427000
43.55956694156726|428000
43.55956694156726|429000
43.55956694156726|430000
43.55956694156726|431000
43.55956694156726|432000
43.55956694156726|433000
43.55956694156726|434000
43.55956694156726|435000
43.55956694156726|436000
43.55956694156726|437000
43.55956694156726|438000
43.55956694156726|439000
43.55956694156726|440000
43.55956694156726|441000
43.55956694156726|442000
43.55956694156726|443000
43.55956694156726|444000
43.55956694156726|445000
43.55956694156726|446000
43.55956694156726|447000
43.55956694156726|448000
43.55956694156726|449000
43.55956694156726|450000
43.6560385408603|451000
43.6560385408603|452000
43.6560385408603|453000
43.6560385408603|454000
43.6560385408603|455000
43.6560385408603|456000
43.6560385408603|457000
43.6560385408603|458000
43.6560385408603|459000
43.6560385408603|460000
43.6560385408603|461000
43.6560385408603|462000
43.6560385408603|463000
43.6560385408603|464000
43.6560385408603|465000
43.6560385408603|466000
43.6560385408603|467000
43.6560385408603|468000
43.6560385408603|469000
43.6560385408603|470000
43.6560385408603|471000
43.6560385408603|472000
43.6560385408603|473000
43.6560385408603|474000
43.6560385408603|475000
43.6560385408603|476000
43.65862829339258|477000
43.65862829339258|478000
43.65862829339258|479000
43.65862829339258|480000
43.65862829339258|481000
43.65862829339258|482000
43.65862829339258|483000
43.65862829339258|484000
43.65862829339258|485000
43.65862829339258|486000
43.65862829339258|487000
43.65862829339258|488000
43.714222899680024|489000
43.714222899680024|490000
43.714222899680024|491000
43.714222899680024|492000
43.714222899680024|493000
43.773980163391876|494000
43.773980163391876|495000
43.773980163391876|496000
43.773980163391876|497000
43.773980163391876|498000
43.773980163391876|499000
43.773980163391876|500000
43.773980163391876|501000
43.773980163391876|502000
43.773980163391876|503000
43.773980163391876|504000
43.773980163391876|505000
43.773980163391876|506000
43.773980163391876|507000
43.773980163391876|508000
43.773980163391876|509000
43.773980163391876|510000
43.773980163391876|511000
43.773980163391876|512000
43.773980163391876|513000
43.773980163391876|514000
43.773980163391876|515000
43.773980163391876|516000
43.773980163391876|517000
43.773980163391876|518000
43.773980163391876|519000
43.773980163391876|520000
43.773980163391876|521000
43.773980163391876|522000
43.773980163391876|523000
43.773980163391876|524000
43.773980163391876|525000
43.773980163391876|526000
43.773980163391876|527000
43.773980163391876|528000
43.773980163391876|529000
43.773980163391876|530000
43.773980163391876|531000
43.773980163391876|532000
43.773980163391876|533000
43.773980163391876|534000
43.773980163391876|535000
43.773980163391876|536000
43.773980163391876|537000
43.773980163391876|538000
43.773980163391876|539000
43.773980163391876|540000
43.773980163391876|541000
43.773980163391876|542000
43.773980163391876|543000
43.773980163391876|544000
43.773980163391876|545000
43.773980163391876|546000
43.773980163391876|547000
43.773980163391876|548000
43.773980163391876|549000
43.773980163391876|550000
43.773980163391876|551000
43.773980163391876|552000
43.773980163391876|553000
43.773980163391876|554000
43.773980163391876|555000
43.773980163391876|556000
43.773980163391876|557000
43.773980163391876|558000
43.773980163391876|559000
43.773980163391876|560000
43.773980163391876|561000
43.773980163391876|562000
43.773980163391876|563000
43.773980163391876|564000
43.802239863647905|565000
43.802239863647905|566000
43.802239863647905|567000
43.84884047236886|568000
43.84884047236886|569000
43.84884047236886|570000
43.84884047236886|571000
43.84884047236886|572000
43.84884047236886|573000
43.84884047236886|574000
43.84884047236886|575000
43.84884047236886|576000
43.85745229552579|577000
43.85745229552579|578000
43.85745229552579|579000
43.85745229552579|580000
43.85745229552579|581000
43.85745229552579|582000
43.85745229552579|583000
43.85745229552579|584000
43.85745229552579|585000
43.85745229552579|586000
43.85745229552579|587000
43.85745229552579|588000
43.85745229552579|589000
43.85745229552579|590000
43.85745229552579|591000
43.85745229552579|592000
43.928187342699815|593000
43.928187342699815|594000
43.93580005201523|595000
43.93580005201523|596000
43.93580005201523|597000
43.93580005201523|598000
43.93580005201523|599000
43.93580005201523|600000
43.93580005201523|601000
43.93580005201523|602000
43.93580005201523|603000
43.93580005201523|604000
43.93580005201523|605000
43.93580005201523|606000
43.93580005201523|607000
43.93580005201523|608000
43.93580005201523|609000
43.93580005201523|610000
43.93580005201523|611000
43.93580005201523|612000
43.93580005201523|613000
43.93580005201523|614000
43.93580005201523|615000
43.93580005201523|616000
43.93580005201523|617000
43.93580005201523|618000
43.93580005201523|619000
43.93580005201523|620000
43.93580005201523|621000
43.98203239843022|622000
43.98203239843022|623000
43.98203239843022|624000
43.98203239843022|625000
43.98203239843022|626000
43.98203239843022|627000
43.98203239843022|628000
43.98203239843022|629000
43.98203239843022|630000
43.98203239843022|631000
43.98203239843022|632000
43.988119469345776|633000
43.988119469345776|634000
43.988119469345776|635000
43.988119469345776|636000
43.988119469345776|637000
43.988119469345776|638000
43.988119469345776|639000
43.988119469345776|640000
43.988119469345776|641000
44.02700528375436|642000
44.02700528375436|643000
44.02700528375436|644000
44.02700528375436|645000
44.02700528375436|646000
44.05145356885206|647000
44.05145356885206|648000
44.05145356885206|649000
44.05145356885206|650000
44.05145356885206|651000
44.05145356885206|652000
44.05145356885206|653000
44.07641776678488|654000
44.07641776678488|655000
44.09149554583423|656000
44.10647477607449|657000
44.10647477607449|658000
44.10647477607449|659000
44.10647477607449|660000
44.10647477607449|661000
44.11500571016335|662000
44.11500571016335|663000
44.11500571016335|664000
44.12062539551965|665000
44.12062539551965|666000
44.15226110435843|667000
44.15226110435843|668000
44.15226110435843|669000
44.15226110435843|670000
44.15226110435843|671000
44.17612723989678|672000
44.17612723989678|673000
44.17612723989678|674000
44.17612723989678|675000
44.17612723989678|676000
44.17612723989678|677000
44.17612723989678|678000
44.17612723989678|679000
44.17612723989678|680000
44.17612723989678|681000
44.17612723989678|682000
44.19177317779293|683000
44.19177317779293|684000
44.19374096249287|685000
44.19374096249287|686000
44.19374096249287|687000
44.19374096249287|688000
44.19374096249287|689000
44.19374096249287|690000
44.20869797718302|691000
44.20869797718302|692000
44.20869797718302|693000
44.20869797718302|694000
44.20869797718302|695000
44.21865356563649|696000
44.225229320432085|697000
44.26068718623235|698000
44.26068718623235|699000
44.26068718623235|700000
44.26068718623235|701000
44.26068718623235|702000
44.26068718623235|703000
44.26068718623235|704000
44.26068718623235|705000
44.26068718623235|706000
44.26068718623235|707000
44.26068718623235|708000
44.27903936421131|709000
44.27903936421131|710000
44.27903936421131|711000
44.27903936421131|712000
44.27903936421131|713000
44.27903936421131|714000
44.27903936421131|715000
44.283940741015954|716000
44.283940741015954|717000
44.287330396903535|718000
44.287330396903535|719000
44.287330396903535|720000
44.287330396903535|721000
44.287330396903535|722000
44.29032585808583|723000
44.29784030672018|724000
44.29784030672018|725000
44.29784030672018|726000
44.29784030672018|727000
44.30197136508945|728000
44.30197136508945|729000
44.32597155861589|730000
44.32597155861589|731000
44.32597155861589|732000
44.32597155861589|733000
44.32597155861589|734000
44.32597155861589|735000
44.32597155861589|736000
44.32597155861589|737000
44.32597155861589|738000
44.32597155861589|739000
44.32597155861589|740000
44.32597155861589|741000
44.32597155861589|742000
44.32597155861589|743000
44.32597155861589|744000
44.32597155861589|745000
44.32597155861589|746000
44.32597155861589|747000
44.331787222781806|748000
44.331787222781806|749000
44.331787222781806|750000
44.331787222781806|751000
44.331787222781806|752000
44.331787222781806|753000
44.331787222781806|754000
44.331787222781806|755000
44.33381414114794|756000
44.366822482759275|757000
44.366822482759275|758000
44.366822482759275|759000
44.366822482759275|760000
44.366822482759275|761000
44.366822482759275|762000
44.366822482759275|763000
44.366822482759275|764000
44.366822482759275|765000
44.366822482759275|766000
44.366822482759275|767000
44.366822482759275|768000
44.36685226213124|769000
44.36685226213124|770000
44.36685226213124|771000
44.36685226213124|772000
44.36685226213124|773000
44.38546267890754|774000
44.38546267890754|775000
44.406451015162695|776000
44.406451015162695|777000
44.406451015162695|778000
44.406451015162695|779000
44.406451015162695|780000
44.406451015162695|781000
44.406451015162695|782000
44.406451015162695|783000
44.406451015162695|784000
44.406451015162695|785000
44.406451015162695|786000
44.406451015162695|787000
44.406451015162695|788000
44.406451015162695|789000
44.406451015162695|790000
44.406451015162695|791000
44.406451015162695|792000
44.406451015162695|793000
44.406451015162695|794000
44.446058266494234|795000
44.455199643205205|796000
44.455199643205205|797000
44.455199643205205|798000
44.455199643205205|799000
44.455199643205205|800000
44.455199643205205|801000
44.455199643205205|802000
44.455199643205205|803000
44.455199643205205|804000
44.455199643205205|805000
44.455199643205205|806000
44.455199643205205|807000
44.455199643205205|808000
44.45678491279204|809000
44.45678491279204|810000
44.45678491279204|811000
44.45678491279204|812000
44.45678491279204|813000
44.45678491279204|814000
44.45678491279204|815000
44.45678491279204|816000
44.45678491279204|817000
44.45678491279204|818000
44.45678491279204|819000
44.45678491279204|820000
44.45678491279204|821000
44.45678491279204|822000
44.45678491279204|823000
44.45678491279204|824000
44.45678491279204|825000
44.45678491279204|826000
44.45678491279204|827000
44.45678491279204|828000
44.45678491279204|829000
44.477739745572826|830000
44.477739745572826|831000
44.477739745572826|832000
44.477739745572826|833000
44.477739745572826|834000
44.477739745572826|835000
44.477739745572826|836000
44.477739745572826|837000
44.477739745572826|838000
44.477739745572826|839000
44.477739745572826|840000
44.477739745572826|841000
44.477739745572826|842000
44.477739745572826|843000
44.477739745572826|844000
44.477739745572826|845000
44.477739745572826|846000
44.477739745572826|847000
44.489252457994944|848000
44.48925245799495|849000
44.48925245799495|850000
44.48925245799495|851000
44.48925245799495|852000
44.48925245799495|853000
44.48925245799495|854000
44.48925245799495|855000
44.48925245799495|856000
44.493821665629845|857000
44.520155747853856|858000
44.520155747853856|859000
44.520155747853856|860000
44.520155747853856|861000
44.526360912671954|862000
44.526360912671954|863000
44.526360912671954|864000
44.526360912671954|865000
44.526360912671954|866000
44.526360912671954|867000
44.526360912671954|868000
44.526360912671954|869000
44.526360912671954|870000
44.526360912671954|871000
44.526360912671954|872000
44.526360912671954|873000
44.536300440126986|874000
44.536300440126986|875000
44.536300440126986|876000
44.536300440126986|877000
44.536300440126986|878000
44.536300440126986|879000
44.536300440126986|880000
44.536300440126986|881000
44.536300440126986|882000
44.536300440126986|883000
44.536300440126986|884000
44.536300440126986|885000
44.536300440126986|886000
44.536300440126986|887000
44.536300440126986|888000
44.536300440126986|889000
44.536300440126986|890000
44.536300440126986|891000
44.536300440126986|892000
44.536300440126986|893000
44.55325702712637|894000
44.55325702712637|895000
44.55325702712637|896000
44.55325702712637|897000
44.55325702712637|898000
44.55325702712637|899000
44.55325702712637|900000
44.55325702712637|901000
44.55325702712637|902000
44.55325702712637|903000
44.55325702712637|904000
44.55325702712637|905000
44.55325702712637|906000
44.55325702712637|907000
44.55496485674779|908000
44.55496485674779|909000
44.55496485674779|910000
44.55496485674779|911000
44.55496485674779|912000
44.55496485674779|913000
44.55496485674779|914000
44.55496485674779|915000
44.55496485674779|916000
44.55496485674779|917000
44.55496485674779|918000
44.55496485674779|919000
44.56451416302269|920000
44.56451416302269|921000
44.56451416302269|922000
44.56451416302269|923000
44.56451416302269|924000
44.56451416302269|925000
44.56451416302269|926000
44.56451416302269|927000
44.56451416302269|928000
44.56451416302269|929000
44.56451416302269|930000
44.56451416302269|931000
44.56451416302269|932000
44.56451416302269|933000
44.57278587133829|934000
44.57278587133829|935000
44.57278587133829|936000
44.57435140790574|937000
44.57435140790574|938000
44.57435140790574|939000
44.57435140790574|940000
44.57435140790574|941000
44.57435140790574|942000
44.57435140790574|943000
44.57435140790574|944000
44.57435140790574|945000
44.57435140790574|946000
44.57435140790574|947000
44.57435140790574|948000
44.577663706551384|949000
44.577663706551384|950000
44.577663706551384|951000
44.577663706551384|952000
44.57837763157564|953000
44.57837763157564|954000
44.57837763157564|955000
44.57837763157564|956000
44.57837763157564|957000
44.5823351776132|958000
44.5823351776132|959000
44.5823351776132|960000
44.58792693785055|961000
44.58792693785055|962000
44.58792693785055|963000
44.58792693785055|964000
44.58792693785055|965000
44.58792693785055|966000
44.58792693785055|967000
44.58792693785055|968000
44.58792693785055|969000
44.58792693785055|970000
44.58792693785055|971000
44.58792693785055|972000
44.58792693785055|973000
44.58792693785055|974000
44.58792693785055|975000
44.58793874618382|976000
44.58793874618382|977000
44.58793874618382|978000
44.58793874618382|979000
44.58793874618382|980000
44.58793874618382|981000
44.58793874618382|982000
44.58793874618382|983000
44.58793874618382|984000
44.58793874618382|985000
44.58793874618382|986000
44.58793874618382|987000
44.58793874618382|988000
44.58793874618382|989000
44.58793874618382|990000
44.58793874618382|991000
44.58793874618382|992000
44.58793874618382|993000
44.58793874618382|994000
44.58793874618382|995000
44.58793874618382|996000
44.58793874618382|997000
44.58793874618382|998000
44.59462673212571|999000
44.59462673212571|1000000
