42.243463766461055|1010
43.1815288808693|2010
43.82064029691717|3010
43.943930026285216|4010
44.071500918893605|5010
44.13810755590682|6010
44.146507140856635|7010
44.19269234383529|8010
44.25287498323279|9010
44.28888627149881|10010
44.31001655511502|11010
44.31571914947561|12010
44.31571914947561|13010
44.36083573747979|14010
44.372344840152465|15010
44.38120397507128|16010
44.40226059390703|17010
44.437387506482246|18010
44.437387506482246|19010
44.437387506482246|20010
44.437387506482246|21010
44.437387506482246|22010
44.437838618973046|23010
44.437838618973046|24010
44.43783861897305|25010
44.43783861897305|26010
44.43783861897305|27010
44.440666378799015|28010
44.440666378799015|29010
44.440666378799015|30010
44.440666378799015|31010
44.440666378799015|32010
44.440666378799015|33010
44.449840276214864|34010
44.449840276214864|35010
44.449840276214864|36010
44.449840276214864|37010
44.449840276214864|38010
44.449840276214864|39010
44.449840276214864|40010
44.449840276214864|41010
44.449840276214864|42010
44.449840276214864|43010
44.449840276214864|44010
44.449840276214864|45010
44.449840276214864|46010
44.449840276214864|47010
44.449840276214864|48010
44.449840276214864|49010
44.449840276214864|50010
44.449840276214864|51010
44.449840276214864|52010
44.449840276214864|53010
44.449840276214864|54010
44.449840276214864|55010
44.449840276214864|56010
44.449840276214864|57010
44.449840276214864|58010
44.449840276214864|59010
44.449840276214864|60010
44.449840276214864|61010
44.449893519364004|62010
44.449893519364004|63010
44.449893519364004|64010
44.449893519364004|65010
44.449893519364004|66010
44.449893519364004|67010
44.449893519364004|68010
44.449893519364004|69010
44.449893519364004|70010
44.449893519364004|71010
44.449893519364004|72010
44.449893519364004|73010
44.449893519364004|74010
44.449893519364004|75010
44.449893519364004|76010
44.449893519364004|77010
44.449893519364004|78010
44.449893519364004|79010
44.449893519364004|80010
44.449893519364004|81010
44.449893519364004|82010
44.449893519364004|83010
44.449893519364004|84010
44.449893519364004|85010
44.449893519364004|86010
44.449893519364004|87010
44.449893519364004|88010
44.449893519364004|89010
44.449893519364004|90010
44.449893519364004|91010
44.46102288213271|92010
44.46102288213271|93010
44.46233538393003|94010
44.46374718730325|95010
44.463747187303255|96010
44.463747187303255|97010
44.463747187303255|98010
44.463747187303255|99010
44.463747187303255|100010
44.463747187303255|101010
44.463747187303255|102010
44.463747187303255|103010
44.463747187303255|104010
44.463747187303255|105010
44.46408321656317|106010
44.46408321656317|107010
44.46408321656317|108010
44.46408321656317|109010
44.46408321656317|110010
44.46408321656317|111010
44.46408321656317|112010
44.46408321656317|113010
44.46408321656317|114010
44.46408321656317|115010
44.46408321656317|116010
44.46408321656317|117010
44.46408321656317|118010
44.46408321656317|119010
44.46408321656317|120010
44.46408321656317|121010
44.46408321656317|122010
44.46408321656317|123010
44.46581277397437|124010
44.46581277397437|125010
44.46581277397437|126010
44.46581277397437|127010
44.46581277397437|128010
44.46581277397437|129010
44.46581277397437|130010
44.46581277397437|131010
44.46581277397437|132010
44.46581277397437|133010
44.46581277397438|134010
44.46581277397438|135010
44.46581277397438|136010
44.46581277397438|137010
44.46581277397438|138010
44.46581277397438|139010
44.46581277397438|140010
44.46581277397438|141010
44.46581277397438|142010
44.46581277397438|143010
44.46581277397438|144010
44.46581277397438|145010
44.46581277397438|146010
44.46581277397438|147010
44.46581277397438|148010
44.46581277397438|149010
44.46581277397438|150010
44.46581277397438|151010
44.46581277397438|152010
44.46581277397438|153010
44.46581277397438|154010
44.46581277397438|155010
44.46581277397438|156010
44.46581277397438|157010
44.46581277397438|158010
44.46581277397438|159010
44.46581277397438|160010
44.46581277397438|161010
44.46581277397438|162010
44.46581277397438|163010
44.46581277397438|164010
44.46581277397438|165010
44.46581277397438|166010
44.46581277397438|167010
44.46581277397438|168010
44.46581277397438|169010
44.46581277397438|170010
44.46581277397438|171010
44.46581277397438|172010
44.46581277397438|173010
44.46581277397438|174010
44.46581277397438|175010
44.46581277397438|176010
44.46581277397438|177010
44.46581277397438|178010
44.46581277397438|179010
44.46581277397438|180010
44.46581277397438|181010
44.46581277397438|182010
44.46581277397438|183010
44.46581277397438|184010
44.46581277397438|185010
44.46581277397438|186010
44.46581277397438|187010
44.46581277397438|188010
44.46581277397438|189010
44.46581277397438|190010
44.46581277397438|191010
44.46581277397438|192010
44.46581277397438|193010
44.46581277397438|194010
44.46581277397438|195010
44.46581277397438|196010
44.46581277397438|197010
44.46581277397438|198010
44.46581277397438|199010
44.46581277397438|200010
44.46581277397438|201010
44.46581277397438|202010
44.46581277397438|203010
44.46581277397438|204010
44.46581277397438|205010
44.46581277397438|206010
44.46581277397438|207010
44.46581277397438|208010
44.46581277397438|209010
44.46581277397438|210010
44.46581277397438|211010
44.46581277397438|212010
44.46581277397438|213010
44.46581277397438|214010
44.46581277397438|215010
44.46581277397438|216010
44.46581277397438|217010
44.46581277397438|218010
44.46581277397438|219010
44.46581277397438|220010
44.46581277397438|221010
44.46581277397438|222010
44.46581277397438|223010
44.46581277397438|224010
44.46581277397438|225010
44.46581277397438|226010
44.46581277397438|227010
44.46581277397438|228010
44.46581277397438|229010
44.46581277397438|230010
44.46581277397438|231010
44.46581277397438|232010
44.466253110765464|233010
44.466253110765464|234010
44.466253110765464|235010
44.466253110765464|236010
44.466253110765464|237010
44.466253110765464|238010
44.466253110765464|239010
44.46682698198688|240010
44.46682698198688|241010
44.46682698198688|242010
44.46682698198688|243010
44.46682698198688|244010
44.46682698198688|245010
44.46682698198688|246010
44.46682698198688|247010
44.46682698198688|248010
44.4778086293513|249010
44.4778086293513|250010
44.4778086293513|251010
44.4778086293513|252010
44.4778086293513|253010
44.4778086293513|254010
44.4778086293513|255010
44.4778086293513|256010
44.4778086293513|257010
44.4778086293513|258010
44.4778086293513|259010
44.4778086293513|260010
44.4778086293513|261010
44.47780862935131|262010
44.47780862935131|263010
44.47780862935131|264010
44.47780862935131|265010
44.47780862935131|266010
44.477808629351316|267010
44.477808629351316|268010
44.477808629351316|269010
44.477808629351316|270010
44.477808629351316|271010
44.487425932739654|272010
44.487425932739654|273010
44.487425932739654|274010
44.487425932739654|275010
44.497832067982706|276010
44.497832067982706|277010
44.51296634429931|278010
44.51296634429931|279010
44.51813102730592|280010
44.51813102730592|281010
44.51813102730592|282010
44.52012548511123|283010
44.52012833243284|284010
44.52012833243284|285010
44.523738093943095|286010
44.523738093943095|287010
44.523738093943095|288010
44.524194858790096|289010
44.52424810193923|290010
44.524248101939236|291010
44.524248101939236|292010
44.524248101939236|293010
44.524248101939236|294010
44.524248101939236|295010
44.524248101939236|296010
44.524972609520205|297010
44.524972609520205|298010
44.524972609520205|299010
44.526047812129065|300010
44.538650824288794|301010
44.541131165294104|302010
44.541131165294104|303010
44.54113116529412|304010
44.54113116529412|305010
44.54113116529412|306010
44.54312562309942|307010
44.54395565734671|308010
44.54395565734671|309010
44.547725115047584|310010
44.547725115047584|311010
44.54844962262855|312010
44.54844962262855|313010
44.54844962262855|314010
44.54844962262855|315010
44.54844962262855|316010
44.54844962262855|317010
44.54844962262855|318010
44.54844962262856|319010
44.54844962262856|320010
44.54844962262856|321010
44.54844962262856|322010
44.5508723263927|323010
44.5508723263927|324010
44.550943470018446|325010
44.550943470018446|326010
44.550943470018446|327010
44.550943470018446|328010
44.550943470018446|329010
44.550943470018446|330010
44.550943470018446|331010
44.550943470018446|332010
44.550943470018446|333010
44.550943470018446|334010
44.550943470018446|335010
44.550943470018446|336010
44.550943470018446|337010
44.550943470018446|338010
44.550943470018446|339010
44.550943470018446|340010
44.550943470018446|341010
44.550943470018446|342010
44.550943470018446|343010
44.550943470018446|344010
44.550943470018446|345010
44.550943470018446|346010
44.550943470018446|347010
44.550943470018446|348010
44.550943470018446|349010
44.550943470018446|350010
44.550943470018446|351010
44.550943470018446|352010
44.550943470018446|353010
44.550943470018446|354010
44.550943470018446|355010
44.550943470018446|356010
44.550943470018446|357010
44.550943470018446|358010
44.550943470018446|359010
44.550943470018446|360010
44.550943470018446|361010
44.550943470018446|362010
44.550943470018446|363010
44.550943470018446|364010
44.550943470018446|365010
44.550943470018446|366010
44.550943470018446|367010
44.550943470018446|368010
44.550943470018446|369010
44.550943470018446|370010
44.550943470018446|371010
44.550943470018446|372010
44.550943470018446|373010
44.550943470018446|374010
44.550943470018446|375010
44.550943470018446|376010
44.550943470018446|377010
44.550943470018446|378010
44.550943470018446|379010
44.550943470018446|380010
44.550943470018446|381010
44.550943470018446|382010
44.550943470018446|383010
44.550943470018446|384010
44.550943470018446|385010
44.550943470018446|386010
44.550943470018446|387010
44.550943470018446|388010
44.550943470018446|389010
44.550943470018446|390010
44.550943470018446|391010
44.550943470018446|392010
44.550943470018446|393010
44.550943470018446|394010
44.550943470018446|395010
44.550943470018446|396010
44.550943470018446|397010
44.550943470018446|398010
44.550943470018446|399010
44.550943470018446|400010
44.550943470018446|401010
44.550943470018446|402010
44.550943470018446|403010
44.550943470018446|404010
44.550943470018446|405010
44.550943470018446|406010
44.550943470018446|407010
44.550943470018446|408010
44.550943470018446|409010
44.550943470018446|410010
44.550943470018446|411010
44.550943470018446|412010
44.550943470018446|413010
44.550943470018446|414010
44.550943470018446|415010
44.550943470018446|416010
44.550943470018446|417010
44.550943470018446|418010
44.550943470018446|419010
44.550943470018446|420010
44.550943470018446|421010
44.550943470018446|422010
44.550943470018446|423010
44.550943470018446|424010
44.550943470018446|425010
44.550943470018446|426010
44.550943470018446|427010
44.550943470018446|428010
44.550943470018446|429010
44.550943470018446|430010
44.550943470018446|431010
44.550943470018446|432010
44.550943470018446|433010
44.55094347001845|434010
44.55094347001845|435010
44.55094347001845|436010
44.55094347001845|437010
44.55094347001845|438010
44.55094347001845|439010
44.55094347001845|440010
44.55094347001845|441010
44.55094347001845|442010
44.55094347001845|443010
44.55094347001845|444010
44.55094347001845|445010
44.55094347001845|446010
44.55094347001845|447010
44.55094347001845|448010
44.55094347001845|449010
44.55094347001845|450010
44.55094347001845|451010
44.55157991928555|452010
44.55157991928555|453010
44.55157991928555|454010
44.55157991928555|455010
44.55157991928555|456010
44.55157991928555|457010
44.55157991928555|458010
44.551579919285565|459010
44.57187285097477|460010
44.57187285097477|461010
44.57437093588833|462010
44.577452186248806|463010
44.577452186248806|464010
44.577452186248806|465010
44.577452186248806|466010
44.577452186248806|467010
44.577452186248806|468010
44.577452186248806|469010
44.57745218624882|470010
44.60238336572557|471010
44.603599463415385|472010
44.603599463415385|473010
44.603599463415385|474010
44.609093204222454|475010
44.609093204222454|476010
44.609093204222454|477010
44.609093204222454|478010
44.609093204222454|479010
44.609093204222454|480010
44.609093204222454|481010
44.609093204222454|482010
44.60909320422246|483010
44.60909320422246|484010
44.60909320422246|485010
44.60911117526114|486010
44.60911117526115|487010
44.60911117526115|488010
44.60911117526115|489010
44.60911117526115|490010
44.61657027914818|491010
44.61657027914818|492010
44.61657027914818|493010
44.61657027914818|494010
44.61657027914818|495010
44.61657027914818|496010
44.61657027914818|497010
44.616582087481454|498010
44.616582087481454|499010
44.616582087481454|500010
44.616582087481454|501010
44.61658208748146|502010
44.61658208748146|503010
44.61658208748146|504010
44.61658208748146|505010
44.61658208748146|506010
44.61658208748146|507010
44.61658208748146|508010
44.61658208748146|509010
44.61658208748146|510010
44.61658208748146|511010
44.62407809537187|512010
44.62407809537187|513010
44.62407809537187|514010
44.628444905657034|515010
44.628444905657034|516010
44.628444905657034|517010
44.628444905657034|518010
44.628444905657034|519010
44.628444905657034|520010
44.628444905657034|521010
44.628444905657034|522010
44.62989741220167|523010
44.62989741220167|524010
44.62989741220167|525010
44.62989741220167|526010
44.62989741220167|527010
44.62989741220167|528010
44.62989741220167|529010
44.62989741220167|530010
44.62989741220167|531010
44.62989741220167|532010
44.62989741220167|533010
44.62989741220167|534010
44.62989741220167|535010
44.62989741220167|536010
44.62989741220167|537010
44.62989741220167|538010
44.62989741220167|539010
44.62989741220167|540010
44.62989741220167|541010
44.62989741220168|542010
44.62989741220168|543010
44.63157020438131|544010
44.63157020438131|545010
44.63163097006617|546010
44.63163097006617|547010
44.63163381738777|548010
44.63163381738777|549010
44.63163381738777|550010
44.63163381738777|551010
44.63163381738777|552010
44.63163381738778|553010
44.63163381738778|554010
44.63163381738778|555010
44.63163381738778|556010
44.63163381738778|557010
44.63163381738778|558010
44.63163381738778|559010
44.63163381738778|560010
44.63163381738778|561010
44.63163381738778|562010
44.63163381738778|563010
44.63163381738778|564010
44.63163381738778|565010
44.63163381738778|566010
44.63163381738778|567010
44.63163381738778|568010
44.63163381738778|569010
44.63163381738778|570010
44.63163381738778|571010
44.63163381738778|572010
44.63163381738778|573010
44.63163381738778|574010
44.63163381738778|575010
44.63163381738778|576010
44.63163381738778|577010
44.63163381738779|578010
44.63163381738779|579010
44.63163381738779|580010
44.63163381738779|581010
44.63163381738779|582010
44.63163381738779|583010
44.63163381738779|584010
44.63163381738779|585010
44.63163381738779|586010
44.63163381738779|587010
44.63163381738779|588010
44.63163381738779|589010
44.63163381738779|590010
44.63163381738779|591010
44.63163381738779|592010
44.63163381738779|593010
44.63163381738779|594010
44.63163381738779|595010
44.63163381738779|596010
44.63163381738779|597010
44.63163381738779|598010
44.63163381738779|599010
44.63163381738779|600010
44.63163381738779|601010
44.63163381738779|602010
44.63163381738779|603010
44.63163381738779|604010
44.63163381738779|605010
44.63163381738779|606010
44.63163381738779|607010
44.63163381738779|608010
44.63163381738779|609010
44.63163381738779|610010
44.63163381738779|611010
44.63163381738779|612010
44.63163381738779|613010
44.63163381738779|614010
44.63163381738779|615010
44.63163381738779|616010
44.63163381738779|617010
44.63163381738779|618010
44.63163381738779|619010
44.63163381738779|620010
44.63163381738779|621010
44.63163381738779|622010
44.63163381738779|623010
44.63163381738779|624010
44.63163381738779|625010
44.63163381738779|626010
44.63163381738779|627010
44.63163381738779|628010
44.63163381738779|629010
44.63163381738779|630010
44.63163381738779|631010
44.63163381738779|632010
44.63163381738779|633010
44.63163381738779|634010
44.63163381738779|635010
44.63163381738779|636010
44.63163381738779|637010
44.63163381738779|638010
44.63163381738779|639010
44.63163381738779|640010
44.63163381738779|641010
44.63163381738779|642010
44.63163381738779|643010
44.63163381738779|644010
44.63163381738779|645010
44.63163381738779|646010
44.63163381738779|647010
44.63163381738779|648010
44.63163381738779|649010
44.63163381738779|650010
44.63163381738779|651010
44.63163381738779|652010
44.63163381738779|653010
44.63163381738779|654010
44.63163381738779|655010
44.63163381738779|656010
44.63163381738779|657010
44.63163381738779|658010
44.63163381738779|659010
44.63163381738779|660010
44.63163381738779|661010
44.63163381738779|662010
44.63163381738779|663010
44.63163381738779|664010
44.63163381738779|665010
44.63163381738779|666010
44.63163381738779|667010
44.63163381738779|668010
44.63163381738779|669010
44.63163381738779|670010
44.63163381738779|671010
44.63163381738779|672010
44.63163381738779|673010
44.63163381738779|674010
44.63163381738779|675010
44.63163381738779|676010
44.63163381738779|677010
44.63163381738779|678010
44.63163381738779|679010
44.63163381738779|680010
44.63163381738779|681010
44.63163381738779|682010
44.63163381738779|683010
44.63163381738779|684010
44.63163381738779|685010
44.63163381738779|686010
44.63163381738779|687010
44.63163381738779|688010
44.63163381738779|689010
44.63163381738779|690010
44.63163381738779|691010
44.63163381738779|692010
44.63163381738779|693010
44.63163381738779|694010
44.63163381738779|695010
44.63163381738779|696010
44.63163381738779|697010
44.63163381738779|698010
44.63163381738779|699010
44.63163381738779|700010
44.63163381738779|701010
44.63163381738779|702010
44.63163381738779|703010
44.63163381738779|704010
44.63163381738779|705010
44.63163381738779|706010
44.63163381738779|707010
44.63163381738779|708010
44.63163381738779|709010
44.63163381738779|710010
44.63163381738779|711010
44.63163381738779|712010
44.63163381738779|713010
44.63163381738779|714010
44.63163381738779|715010
44.63163381738779|716010
44.63163381738779|717010
44.63163381738779|718010
44.63163381738779|719010
44.63163381738779|720010
44.63163381738779|721010
44.63163381738779|722010
44.63163381738779|723010
44.63163381738779|724010
44.63163381738779|725010
44.63163381738779|726010
44.63163381738779|727010
44.63163381738779|728010
44.63163381738779|729010
44.63163381738779|730010
44.63163381738779|731010
44.63163381738779|732010
44.63163381738779|733010
44.63163381738779|734010
44.63163381738779|735010
44.63163381738779|736010
44.63163381738779|737010
44.63163381738779|738010
44.63163381738779|739010
44.63163381738779|740010
44.63163381738779|741010
44.63163381738779|742010
44.63163381738779|743010
44.63163381738779|744010
44.63163381738779|745010
44.63163381738779|746010
44.63163381738779|747010
44.63163381738779|748010
44.63163381738779|749010
44.63163381738779|750010
44.63163381738779|751010
44.63163381738779|752010
44.63163381738779|753010
44.63163381738779|754010
44.63163381738779|755010
44.63163381738779|756010
44.63163381738779|757010
44.63163381738779|758010
44.63163381738779|759010
44.63163381738779|760010
44.63163381738779|761010
44.63163381738779|762010
44.63163381738779|763010
44.63163381738779|764010
44.63163381738779|765010
44.63163381738779|766010
44.63163381738779|767010
44.63163381738779|768010
44.63163381738779|769010
44.63163381738779|770010
44.63163381738779|771010
44.63163381738779|772010
44.63163381738779|773010
44.63163381738779|774010
44.63163381738779|775010
44.63163381738779|776010
44.63163381738779|777010
44.63163381738779|778010
44.63163381738779|779010
44.63163381738779|780010
44.63163381738779|781010
44.63163381738779|782010
44.63163381738779|783010
44.63163381738779|784010
44.63163381738779|785010
44.63163381738779|786010
44.63163381738779|787010
44.63163381738779|788010
44.63163381738779|789010
44.63163381738779|790010
44.63163381738779|791010
44.63163381738779|792010
44.63163381738779|793010
44.63163381738779|794010
44.63163381738779|795010
44.63163381738779|796010
44.63163381738779|797010
44.63163381738779|798010
44.63163381738779|799010
44.63163381738779|800010
44.63163381738779|801010
44.63163381738779|802010
44.63163381738779|803010
44.63163381738779|804010
44.63163381738779|805010
44.63163381738779|806010
44.63163381738779|807010
44.63163381738779|808010
44.63163381738779|809010
44.63163381738779|810010
44.63163381738779|811010
44.63163381738779|812010
44.63163381738779|813010
44.63163381738779|814010
44.63163381738779|815010
44.63163381738779|816010
44.63163381738779|817010
44.63163381738779|818010
44.63163381738779|819010
44.63163381738779|820010
44.63163381738779|821010
44.63163381738779|822010
44.63163381738779|823010
44.63163381738779|824010
44.63163381738779|825010
44.63163381738779|826010
44.63163381738779|827010
44.63163381738779|828010
44.63163381738779|829010
44.63163381738779|830010
44.63163381738779|831010
44.63163381738779|832010
44.63163381738779|833010
44.63163381738779|834010
44.63163381738779|835010
44.63163381738779|836010
44.63163381738779|837010
44.63163381738779|838010
44.63163381738779|839010
44.63163381738779|840010
44.63163381738779|841010
44.63163381738779|842010
44.63163381738779|843010
44.63163381738779|844010
44.63163381738779|845010
44.63163381738779|846010
44.63163381738779|847010
44.63163381738779|848010
44.63163381738779|849010
44.63163381738779|850010
44.63163381738779|851010
44.63163381738779|852010
44.63163381738779|853010
44.63163381738779|854010
44.63163381738779|855010
44.63163381738779|856010
44.63163381738779|857010
44.63163381738779|858010
44.63163381738779|859010
44.63163381738779|860010
44.63163381738779|861010
44.63163381738779|862010
44.63163381738779|863010
44.63163381738779|864010
44.63163381738779|865010
44.63163381738779|866010
44.63163381738779|867010
44.63163381738779|868010
44.63163381738779|869010
44.63163381738779|870010
44.63163381738779|871010
44.63163381738779|872010
44.63163381738779|873010
44.63163381738779|874010
44.63163381738779|875010
44.63163381738779|876010
44.63163381738779|877010
44.63163381738779|878010
44.63163381738779|879010
44.63163381738779|880010
44.63163381738779|881010
44.63163381738779|882010
44.63163381738779|883010
44.63163381738779|884010
44.63163381738779|885010
44.63163381738779|886010
44.63163381738779|887010
44.63163381738779|888010
44.63163381738779|889010
44.63163381738779|890010
44.63163381738779|891010
44.63163381738779|892010
44.63163381738779|893010
44.63163381738779|894010
44.63163381738779|895010
44.63163381738779|896010
44.63163381738779|897010
44.63163381738779|898010
44.63163381738779|899010
44.63163381738779|900010
44.63163381738779|901010
44.63163381738779|902010
44.63163381738779|903010
44.63163381738779|904010
44.63163381738779|905010
44.63163381738779|906010
44.63163381738779|907010
44.63163381738779|908010
44.63163381738779|909010
44.63163381738779|910010
44.63163381738779|911010
44.63163381738779|912010
44.63163381738779|913010
44.63163381738779|914010
44.63163381738779|915010
44.63163381738779|916010
44.63163381738779|917010
44.63163381738779|918010
44.63163381738779|919010
44.63163381738779|920010
44.63163381738779|921010
44.63163381738779|922010
44.63163381738779|923010
44.63163381738779|924010
44.63163381738779|925010
44.63163381738779|926010
44.63163381738779|927010
44.63163381738779|928010
44.63163381738779|929010
44.63163381738779|930010
44.63163381738779|931010
44.63163381738779|932010
44.63163381738779|933010
44.63163381738779|934010
44.63163381738779|935010
44.63163381738779|936010
44.63163381738779|937010
44.63163381738779|938010
44.63163381738779|939010
44.63163381738779|940010
44.63163381738779|941010
44.63163381738779|942010
44.63163381738779|943010
44.63163381738779|944010
44.63163381738779|945010
44.63163381738779|946010
44.63163381738779|947010
44.63163381738779|948010
44.63163381738779|949010
44.63163381738779|950010
44.63163381738779|951010
44.63163381738779|952010
44.63163381738779|953010
44.63163381738779|954010
44.63163381738779|955010
44.63163381738779|956010
44.63163381738779|957010
44.63163381738779|958010
44.63163381738779|959010
44.63163381738779|960010
44.63163381738779|961010
44.63163381738779|962010
44.63163381738779|963010
44.63163381738779|964010
44.63163381738779|965010
44.63163381738779|966010
44.63163381738779|967010
44.63163381738779|968010
44.63163381738779|969010
44.63163381738779|970010
44.63163381738779|971010
44.63163381738779|972010
44.63163381738779|973010
44.63163381738779|974010
44.63163381738779|975010
44.63163381738779|976010
44.63163381738779|977010
44.63163381738779|978010
44.63163381738779|979010
44.63163381738779|980010
44.63163381738779|981010
44.63163381738779|982010
44.63163381738779|983010
44.63163381738779|984010
44.63163381738779|985010
44.63163381738779|986010
44.63163381738779|987010
44.63163381738779|988010
44.63163381738779|989010
44.63163381738779|990010
44.63163381738779|991010
44.63163381738779|992010
44.63163381738779|993010
44.63163381738779|994010
44.63163381738779|995010
44.63163381738779|996010
44.63163381738779|997010
44.63163381738779|998010
44.63163381738779|999010
44.63163381738779|1000010
