41.53620238862862|1010
42.750065769281996|2010
43.670101410476995|3010
43.742412388490834|4010
43.851734514793|5010
43.94770615203737|6010
44.03213510387669|7010
44.091017258041404|8010
44.14934307863698|9010
44.14934307863699|10010
44.17848711960253|11010
44.29881870106467|12010
44.32567584545121|13010
44.35623067184056|14010
44.4221457728658|15010
44.423824408813964|16010
44.430161551063804|17010
44.45105022169156|18010
44.451922300154536|19010
44.4687744124484|20010
44.4687744124484|21010
44.474270678196824|22010
44.47427067819683|23010
44.47746889103792|24010
44.487932838527|25010
44.487932838527|26010
44.50068771746045|27010
44.53640201752244|28010
44.57573949577138|29010
44.57573949577138|30010
44.58160494878632|31010
44.58160494878632|32010
44.58832613642892|33010
44.58832613642892|34010
44.58832613642892|35010
44.597929675749825|36010
44.597929675749825|37010
44.597929675749825|38010
44.606928056887746|39010
44.60995691113183|40010
44.60995691113183|41010
44.60995691113183|42010
44.60995691113183|43010
44.61156857496715|44010
44.61157464370184|45010
44.61307938988758|46010
44.61307938988758|47010
44.61307938988758|48010
44.61309119822086|49010
44.61309119822086|50010
44.61309119822086|51010
44.61309119822086|52010
44.61309119822086|53010
44.61309119822086|54010
44.61309119822086|55010
44.61309119822086|56010
44.61309119822086|57010
44.61309119822086|58010
44.61309119822086|59010
44.61309119822086|60010
44.61309119822086|61010
44.61309119822086|62010
44.61309119822086|63010
44.61309119822086|64010
44.61309119822086|65010
44.61309119822086|66010
44.61309119822086|67010
44.61309119822086|68010
44.61309119822086|69010
44.61309119822086|70010
44.61309119822086|71010
44.61309119822086|72010
44.61309119822086|73010
44.61309119822086|74010
44.61309119822086|75010
44.61309119822086|76010
44.61309119822086|77010
44.61309119822086|78010
44.61309119822086|79010
44.61309119822086|80010
44.61309119822086|81010
44.61309119822086|82010
44.61309119822086|83010
44.61309119822086|84010
44.61309119822086|85010
44.61309119822086|86010
44.61309119822086|87010
44.61309119822086|88010
44.61309119822086|89010
44.61309119822086|90010
44.61309119822086|91010
44.61309119822086|92010
44.61309119822086|93010
44.61309119822086|94010
44.61309119822086|95010
44.61309119822086|96010
44.61309119822086|97010
44.61309119822086|98010
44.61309119822086|99010
44.61309119822086|100010
44.61309119822086|101010
44.61309119822086|102010
44.61309119822086|103010
44.61309119822086|104010
44.61309119822086|105010
44.61309119822086|106010
44.61309119822086|107010
44.61309119822086|108010
44.61309119822086|109010
44.61309119822086|110010
44.61309119822086|111010
44.61309119822086|112010
44.61309119822086|113010
44.61309119822086|114010
44.61309119822086|115010
44.61309119822086|116010
44.61309119822086|117010
44.61309119822086|118010
44.61309119822086|119010
44.61309119822086|120010
44.61309119822086|121010
44.61309119822086|122010
44.61309119822086|123010
44.61309119822086|124010
44.61309119822086|125010
44.61309119822086|126010
44.61309119822086|127010
44.61309119822086|128010
44.61309119822086|129010
44.61309119822086|130010
44.61309119822086|131010
44.61309119822086|132010
44.61309119822086|133010
44.61309119822086|134010
44.61309119822086|135010
44.61309119822086|136010
44.61309119822086|137010
44.61309119822086|138010
44.61309119822086|139010
44.61309119822086|140010
44.61309119822086|141010
44.61309119822086|142010
44.61309119822086|143010
44.61309119822086|144010
44.61309119822086|145010
44.61309119822086|146010
44.61309119822086|147010
44.61309119822086|148010
44.61309119822086|149010
44.61309119822086|150010
44.61309119822086|151010
44.61309119822086|152010
44.61309119822086|153010
44.61309119822086|154010
44.61309119822086|155010
44.61309119822086|156010
44.61309119822086|157010
44.61309119822086|158010
44.61309119822086|159010
44.61309119822086|160010
44.61309119822086|161010
44.61309119822086|162010
44.61309119822086|163010
44.61309119822086|164010
44.61309119822086|165010
44.61309119822086|166010
44.61309119822086|167010
44.61309119822086|168010
44.61309119822086|169010
44.61309119822086|170010
44.61309119822086|171010
44.62043920329254|172010
44.622817598531526|173010
44.622817598531526|174010
44.62281759853153|175010
44.62281759853153|176010
44.62293728820612|177010
44.62293728820612|178010
44.62293728820612|179010
44.62293728820612|180010
44.62293728820612|181010
44.623547779611414|182010
44.625926174850385|183010
44.625926174850385|184010
44.626045864524976|185010
44.626045864524976|186010
44.626045864524976|187010
44.626045864524976|188010
44.626045864524976|189010
44.626045864524976|190010
44.626045864524976|191010
44.626045864524976|192010
44.626045864524976|193010
44.626045864524976|194010
44.626045864524976|195010
44.626045864524976|196010
44.626045864524976|197010
44.626045864524976|198010
44.626045864524976|199010
44.626045864524976|200010
44.626045864524976|201010
44.626045864524976|202010
44.626045864524976|203010
44.626045864524976|204010
44.626045864524976|205010
44.626045864524976|206010
44.626045864524976|207010
44.626045864524976|208010
44.626045864524976|209010
44.626045864524976|210010
44.626045864524976|211010
44.626045864524976|212010
44.626045864524976|213010
44.626045864524976|214010
44.626045864524976|215010
44.626045864524976|216010
44.626045864524976|217010
44.626045864524976|218010
44.626045864524976|219010
44.626045864524976|220010
44.626045864524976|221010
44.626045864524976|222010
44.626045864524976|223010
44.626045864524976|224010
44.626045864524976|225010
44.626045864524976|226010
44.626045864524976|227010
44.626045864524976|228010
44.626045864524976|229010
44.626045864524976|230010
44.626045864524976|231010
44.626045864524976|232010
44.626045864524976|233010
44.626045864524976|234010
44.626045864524976|235010
44.626045864524976|236010
44.626045864524976|237010
44.626045864524976|238010
44.626045864524976|239010
44.626045864524976|240010
44.626045864524976|241010
44.626045864524976|242010
44.626045864524976|243010
44.626045864524976|244010
44.626045864524976|245010
44.626045864524976|246010
44.626045864524976|247010
44.626045864524976|248010
44.626045864524976|249010
44.626045864524976|250010
44.626045864524976|251010
44.626045864524976|252010
44.626045864524976|253010
44.626045864524976|254010
44.626045864524976|255010
44.626045864524976|256010
44.626045864524976|257010
44.626045864524976|258010
44.626045864524976|259010
44.626045864524976|260010
44.626045864524976|261010
44.626045864524976|262010
44.626045864524976|263010
44.626045864524976|264010
44.626045864524976|265010
44.626045864524976|266010
44.626045864524976|267010
44.626045864524976|268010
44.626045864524976|269010
44.626045864524976|270010
44.626045864524976|271010
44.626045864524976|272010
44.626045864524976|273010
44.626045864524976|274010
44.626045864524976|275010
44.626045864524976|276010
44.626045864524976|277010
44.626045864524976|278010
44.626045864524976|279010
44.626045864524976|280010
44.626045864524976|281010
44.626045864524976|282010
44.626045864524976|283010
44.626045864524976|284010
44.626045864524976|285010
44.626045864524976|286010
44.626045864524976|287010
44.626045864524976|288010
44.626045864524976|289010
44.626045864524976|290010
44.626045864524976|291010
44.626045864524976|292010
44.626045864524976|293010
44.626045864524976|294010
44.626045864524976|295010
44.626045864524976|296010
44.626045864524976|297010
44.626045864524976|298010
44.626045864524976|299010
44.626045864524976|300010
44.626045864524976|301010
44.626045864524976|302010
44.626045864524976|303010
44.626045864524976|304010
44.626045864524976|305010
44.626045864524976|306010
44.626045864524976|307010
44.626045864524976|308010
44.626045864524976|309010
44.626045864524976|310010
44.626045864524976|311010
44.626045864524976|312010
44.626045864524976|313010
44.626045864524976|314010
44.626045864524976|315010
44.626045864524976|316010
44.626045864524976|317010
44.626045864524976|318010
44.626045864524976|319010
44.626045864524976|320010
44.626045864524976|321010
44.626045864524976|322010
44.626045864524976|323010
44.626045864524976|324010
44.626045864524976|325010
44.626045864524976|326010
44.626045864524976|327010
44.626045864524976|328010
44.626045864524976|329010
44.626045864524976|330010
44.626045864524976|331010
44.626045864524976|332010
44.626045864524976|333010
44.626045864524976|334010
44.626045864524976|335010
44.626045864524976|336010
44.626045864524976|337010
44.626045864524976|338010
44.626045864524976|339010
44.626045864524976|340010
44.626045864524976|341010
44.626045864524976|342010
44.626045864524976|343010
44.626045864524976|344010
44.626045864524976|345010
44.626045864524976|346010
44.626045864524976|347010
44.626045864524976|348010
44.626045864524976|349010
44.626045864524976|350010
44.626045864524976|351010
44.626045864524976|352010
44.626045864524976|353010
44.626045864524976|354010
44.626045864524976|355010
44.626045864524976|356010
44.626045864524976|357010
44.626045864524976|358010
44.626045864524976|359010
44.626045864524976|360010
44.626045864524976|361010
44.626045864524976|362010
44.626045864524976|363010
44.626045864524976|364010
44.626045864524976|365010
44.626045864524976|366010
44.626045864524976|367010
44.626045864524976|368010
44.626045864524976|369010
44.626045864524976|370010
44.626045864524976|371010
44.626045864524976|372010
44.626045864524976|373010
44.626045864524976|374010
44.626045864524976|375010
44.626045864524976|376010
44.626045864524976|377010
44.626045864524976|378010
44.626045864524976|379010
44.626045864524976|380010
44.626045864524976|381010
44.626045864524976|382010
44.626045864524976|383010
44.626045864524976|384010
44.626045864524976|385010
44.626045864524976|386010
44.626045864524976|387010
44.626045864524976|388010
44.626045864524976|389010
44.626045864524976|390010
44.626045864524976|391010
44.626045864524976|392010
44.626045864524976|393010
44.626045864524976|394010
44.626045864524976|395010
44.626045864524976|396010
44.626045864524976|397010
44.626045864524976|398010
44.626045864524976|399010
44.626045864524976|400010
44.626045864524976|401010
44.626045864524976|402010
44.626045864524976|403010
44.626045864524976|404010
44.626045864524976|405010
44.626045864524976|406010
44.626045864524976|407010
44.626045864524976|408010
44.626045864524976|409010
44.626045864524976|410010
44.626045864524976|411010
44.626045864524976|412010
44.626045864524976|413010
44.626045864524976|414010
44.626045864524976|415010
44.626045864524976|416010
44.626045864524976|417010
44.626045864524976|418010
44.626045864524976|419010
44.626045864524976|420010
44.626045864524976|421010
44.626045864524976|422010
44.626045864524976|423010
44.626045864524976|424010
44.626045864524976|425010
44.626045864524976|426010
44.626045864524976|427010
44.626045864524976|428010
44.626045864524976|429010
44.626045864524976|430010
44.626045864524976|431010
44.626045864524976|432010
44.626045864524976|433010
44.626045864524976|434010
44.626045864524976|435010
44.626045864524976|436010
44.626045864524976|437010
44.626045864524976|438010
44.626045864524976|439010
44.626045864524976|440010
44.626045864524976|441010
44.626045864524976|442010
44.626045864524976|443010
44.626045864524976|444010
44.626045864524976|445010
44.626045864524976|446010
44.626045864524976|447010
44.626045864524976|448010
44.626045864524976|449010
44.626045864524976|450010
44.626045864524976|451010
44.626045864524976|452010
44.626045864524976|453010
44.626045864524976|454010
44.626045864524976|455010
44.626045864524976|456010
44.626045864524976|457010
44.626045864524976|458010
44.626045864524976|459010
44.626045864524976|460010
44.626045864524976|461010
44.626045864524976|462010
44.626045864524976|463010
44.626045864524976|464010
44.626045864524976|465010
44.626045864524976|466010
44.626045864524976|467010
44.626045864524976|468010
44.626045864524976|469010
44.626045864524976|470010
44.626045864524976|471010
44.626045864524976|472010
44.626045864524976|473010
44.626045864524976|474010
44.626045864524976|475010
44.626045864524976|476010
44.626045864524976|477010
44.626045864524976|478010
44.626045864524976|479010
44.626045864524976|480010
44.626045864524976|481010
44.626045864524976|482010
44.626045864524976|483010
44.626045864524976|484010
44.626045864524976|485010
44.626045864524976|486010
44.626045864524976|487010
44.626045864524976|488010
44.626045864524976|489010
44.626045864524976|490010
44.626045864524976|491010
44.626045864524976|492010
44.626045864524976|493010
44.626045864524976|494010
44.626045864524976|495010
44.626045864524976|496010
44.626045864524976|497010
44.626045864524976|498010
44.626045864524976|499010
44.626045864524976|500010
44.626045864524976|501010
44.626045864524976|502010
44.626045864524976|503010
44.626045864524976|504010
44.626045864524976|505010
44.626045864524976|506010
44.626045864524976|507010
44.626045864524976|508010
44.626045864524976|509010
44.626045864524976|510010
44.626045864524976|511010
44.626045864524976|512010
44.626045864524976|513010
44.626045864524976|514010
44.626045864524976|515010
44.626045864524976|516010
44.626045864524976|517010
44.626045864524976|518010
44.626045864524976|519010
44.626045864524976|520010
44.626045864524976|521010
44.626045864524976|522010
44.626045864524976|523010
44.626045864524976|524010
44.626045864524976|525010
44.626045864524976|526010
44.626045864524976|527010
44.626045864524976|528010
44.626045864524976|529010
44.626045864524976|530010
44.626045864524976|531010
44.626045864524976|532010
44.626045864524976|533010
44.626045864524976|534010
44.626045864524976|535010
44.626045864524976|536010
44.626045864524976|537010
44.626045864524976|538010
44.626045864524976|539010
44.626045864524976|540010
44.626045864524976|541010
44.626045864524976|542010
44.626045864524976|543010
44.626045864524976|544010
44.626045864524976|545010
44.626045864524976|546010
44.626045864524976|547010
44.626045864524976|548010
44.626045864524976|549010
44.626045864524976|550010
44.626045864524976|551010
44.626045864524976|552010
44.626045864524976|553010
44.626045864524976|554010
44.626045864524976|555010
44.626045864524976|556010
44.626045864524976|557010
44.626045864524976|558010
44.626045864524976|559010
44.626045864524976|560010
44.626045864524976|561010
44.626045864524976|562010
44.626045864524976|563010
44.626045864524976|564010
44.626045864524976|565010
44.626045864524976|566010
44.626045864524976|567010
44.626045864524976|568010
44.626045864524976|569010
44.626045864524976|570010
44.626045864524976|571010
44.626045864524976|572010
44.626045864524976|573010
44.626045864524976|574010
44.626045864524976|575010
44.626045864524976|576010
44.626045864524976|577010
44.626045864524976|578010
44.626045864524976|579010
44.626045864524976|580010
44.626045864524976|581010
44.626045864524976|582010
44.626045864524976|583010
44.626045864524976|584010
44.626045864524976|585010
44.626045864524976|586010
44.626045864524976|587010
44.626045864524976|588010
44.626045864524976|589010
44.626045864524976|590010
44.626045864524976|591010
44.626045864524976|592010
44.626045864524976|593010
44.626045864524976|594010
44.626045864524976|595010
44.626045864524976|596010
44.626045864524976|597010
44.626045864524976|598010
44.626045864524976|599010
44.626045864524976|600010
44.626045864524976|601010
44.626045864524976|602010
44.626045864524976|603010
44.626045864524976|604010
44.626045864524976|605010
44.626045864524976|606010
44.626045864524976|607010
44.626045864524976|608010
44.626045864524976|609010
44.626045864524976|610010
44.626045864524976|611010
44.626045864524976|612010
44.626045864524976|613010
44.626045864524976|614010
44.626045864524976|615010
44.626045864524976|616010
44.626045864524976|617010
44.626045864524976|618010
44.626045864524976|619010
44.626045864524976|620010
44.626045864524976|621010
44.626045864524976|622010
44.626045864524976|623010
44.626045864524976|624010
44.626045864524976|625010
44.626045864524976|626010
44.626045864524976|627010
44.626045864524976|628010
44.626045864524976|629010
44.626045864524976|630010
44.626045864524976|631010
44.626045864524976|632010
44.626045864524976|633010
44.626045864524976|634010
44.626045864524976|635010
44.626045864524976|636010
44.626045864524976|637010
44.626045864524976|638010
44.626045864524976|639010
44.626045864524976|640010
44.626045864524976|641010
44.626045864524976|642010
44.626045864524976|643010
44.626045864524976|644010
44.626045864524976|645010
44.626045864524976|646010
44.626045864524976|647010
44.626045864524976|648010
44.626045864524976|649010
44.626045864524976|650010
44.626045864524976|651010
44.626045864524976|652010
44.626045864524976|653010
44.626045864524976|654010
44.626045864524976|655010
44.626045864524976|656010
44.626045864524976|657010
44.626045864524976|658010
44.626045864524976|659010
44.626045864524976|660010
44.626045864524976|661010
44.626045864524976|662010
44.626045864524976|663010
44.626045864524976|664010
44.626045864524976|665010
44.626045864524976|666010
44.626045864524976|667010
44.626045864524976|668010
44.626045864524976|669010
44.626045864524976|670010
44.626045864524976|671010
44.626045864524976|672010
44.626045864524976|673010
44.626045864524976|674010
44.626045864524976|675010
44.626045864524976|676010
44.626045864524976|677010
44.626045864524976|678010
44.626045864524976|679010
44.626045864524976|680010
44.626045864524976|681010
44.626045864524976|682010
44.626045864524976|683010
44.626045864524976|684010
44.626045864524976|685010
44.626045864524976|686010
44.626045864524976|687010
44.626045864524976|688010
44.626045864524976|689010
44.626045864524976|690010
44.626045864524976|691010
44.626045864524976|692010
44.626045864524976|693010
44.626045864524976|694010
44.626045864524976|695010
44.626045864524976|696010
44.626045864524976|697010
44.626045864524976|698010
44.626045864524976|699010
44.626045864524976|700010
44.626045864524976|701010
44.626045864524976|702010
44.626045864524976|703010
44.626045864524976|704010
44.626045864524976|705010
44.626045864524976|706010
44.626045864524976|707010
44.626045864524976|708010
44.626045864524976|709010
44.626045864524976|710010
44.626045864524976|711010
44.626045864524976|712010
44.626045864524976|713010
44.626045864524976|714010
44.626045864524976|715010
44.626045864524976|716010
44.626045864524976|717010
44.626045864524976|718010
44.626045864524976|719010
44.626045864524976|720010
44.626045864524976|721010
44.626045864524976|722010
44.626045864524976|723010
44.626045864524976|724010
44.626045864524976|725010
44.626045864524976|726010
44.626045864524976|727010
44.626045864524976|728010
44.626045864524976|729010
44.626045864524976|730010
44.626045864524976|731010
44.626045864524976|732010
44.626045864524976|733010
44.626045864524976|734010
44.626045864524976|735010
44.626045864524976|736010
44.626045864524976|737010
44.626045864524976|738010
44.626045864524976|739010
44.626045864524976|740010
44.626045864524976|741010
44.626045864524976|742010
44.626045864524976|743010
44.626045864524976|744010
44.626045864524976|745010
44.626045864524976|746010
44.626045864524976|747010
44.626045864524976|748010
44.626045864524976|749010
44.626045864524976|750010
44.626045864524976|751010
44.626045864524976|752010
44.626045864524976|753010
44.626045864524976|754010
44.626045864524976|755010
44.626045864524976|756010
44.626045864524976|757010
44.626045864524976|758010
44.626045864524976|759010
44.626045864524976|760010
44.626045864524976|761010
44.626045864524976|762010
44.626045864524976|763010
44.626045864524976|764010
44.626045864524976|765010
44.626045864524976|766010
44.626045864524976|767010
44.626045864524976|768010
44.626045864524976|769010
44.626045864524976|770010
44.626045864524976|771010
44.626045864524976|772010
44.626045864524976|773010
44.626045864524976|774010
44.626045864524976|775010
44.626045864524976|776010
44.626045864524976|777010
44.626045864524976|778010
44.626045864524976|779010
44.626045864524976|780010
44.626045864524976|781010
44.626045864524976|782010
44.626045864524976|783010
44.626045864524976|784010
44.626045864524976|785010
44.626045864524976|786010
44.626045864524976|787010
44.626045864524976|788010
44.626045864524976|789010
44.626045864524976|790010
44.626045864524976|791010
44.626045864524976|792010
44.626045864524976|793010
44.626045864524976|794010
44.626045864524976|795010
44.626045864524976|796010
44.626045864524976|797010
44.626045864524976|798010
44.626045864524976|799010
44.626045864524976|800010
44.626045864524976|801010
44.626045864524976|802010
44.626045864524976|803010
44.626045864524976|804010
44.626045864524976|805010
44.626045864524976|806010
44.626045864524976|807010
44.626045864524976|808010
44.626045864524976|809010
44.626045864524976|810010
44.626045864524976|811010
44.626045864524976|812010
44.626045864524976|813010
44.626045864524976|814010
44.626045864524976|815010
44.626045864524976|816010
44.626045864524976|817010
44.626045864524976|818010
44.626045864524976|819010
44.626045864524976|820010
44.626045864524976|821010
44.626045864524976|822010
44.626045864524976|823010
44.626045864524976|824010
44.626045864524976|825010
44.626045864524976|826010
44.626045864524976|827010
44.626045864524976|828010
44.626045864524976|829010
44.626045864524976|830010
44.626045864524976|831010
44.626045864524976|832010
44.626045864524976|833010
44.626045864524976|834010
44.626045864524976|835010
44.626045864524976|836010
44.626045864524976|837010
44.626045864524976|838010
44.626045864524976|839010
44.626045864524976|840010
44.626045864524976|841010
44.626045864524976|842010
44.626045864524976|843010
44.626045864524976|844010
44.626045864524976|845010
44.626045864524976|846010
44.626045864524976|847010
44.626045864524976|848010
44.626045864524976|849010
44.626045864524976|850010
44.626045864524976|851010
44.626045864524976|852010
44.626045864524976|853010
44.626045864524976|854010
44.626045864524976|855010
44.626045864524976|856010
44.626045864524976|857010
44.626045864524976|858010
44.626045864524976|859010
44.626045864524976|860010
44.626045864524976|861010
44.626045864524976|862010
44.626045864524976|863010
44.626045864524976|864010
44.626045864524976|865010
44.626045864524976|866010
44.626045864524976|867010
44.626045864524976|868010
44.626045864524976|869010
44.626045864524976|870010
44.626045864524976|871010
44.626045864524976|872010
44.626045864524976|873010
44.626045864524976|874010
44.626045864524976|875010
44.626045864524976|876010
44.626045864524976|877010
44.626045864524976|878010
44.626045864524976|879010
44.626045864524976|880010
44.626045864524976|881010
44.626045864524976|882010
44.626045864524976|883010
44.626045864524976|884010
44.626045864524976|885010
44.626045864524976|886010
44.626045864524976|887010
44.626045864524976|888010
44.626045864524976|889010
44.626045864524976|890010
44.626045864524976|891010
44.626045864524976|892010
44.626045864524976|893010
44.626045864524976|894010
44.626045864524976|895010
44.626045864524976|896010
44.626045864524976|897010
44.626045864524976|898010
44.626045864524976|899010
44.626045864524976|900010
44.626045864524976|901010
44.626045864524976|902010
44.626045864524976|903010
44.626045864524976|904010
44.626045864524976|905010
44.626045864524976|906010
44.626045864524976|907010
44.626045864524976|908010
44.626045864524976|909010
44.626045864524976|910010
44.626045864524976|911010
44.626045864524976|912010
44.626045864524976|913010
44.626045864524976|914010
44.626045864524976|915010
44.626045864524976|916010
44.626045864524976|917010
44.626045864524976|918010
44.626045864524976|919010
44.626045864524976|920010
44.626045864524976|921010
44.626045864524976|922010
44.626045864524976|923010
44.626045864524976|924010
44.626045864524976|925010
44.626045864524976|926010
44.626045864524976|927010
44.626045864524976|928010
44.626045864524976|929010
44.626045864524976|930010
44.626045864524976|931010
44.626045864524976|932010
44.626045864524976|933010
44.626045864524976|934010
44.626045864524976|935010
44.626045864524976|936010
44.626045864524976|937010
44.626045864524976|938010
44.626045864524976|939010
44.62678226915736|940010
44.62678226915736|941010
44.63078439490127|942010
44.63078439490127|943010
44.630839647721224|944010
44.630839647721224|945010
44.630839647721224|946010
44.630839647721224|947010
44.630839647721224|948010
44.630839647721224|949010
44.630839647721224|950010
44.630839647721224|951010
44.630839647721224|952010
44.630839647721224|953010
44.630839647721224|954010
44.630839647721224|955010
44.630839647721224|956010
44.630839647721224|957010
44.630839647721224|958010
44.630839647721224|959010
44.630839647721224|960010
44.630839647721224|961010
44.630839647721224|962010
44.630839647721224|963010
44.630839647721224|964010
44.630839647721224|965010
44.630839647721224|966010
44.630839647721224|967010
44.630839647721224|968010
44.630839647721224|969010
44.630839647721224|970010
44.630839647721224|971010
44.630839647721224|972010
44.630839647721224|973010
44.630839647721224|974010
44.630839647721224|975010
44.630839647721224|976010
44.630839647721224|977010
44.630839647721224|978010
44.630839647721224|979010
44.630839647721224|980010
44.630839647721224|981010
44.630839647721224|982010
44.630839647721224|983010
44.630839647721224|984010
44.630839647721224|985010
44.630839647721224|986010
44.630839647721224|987010
44.630839647721224|988010
44.630839647721224|989010
44.630839647721224|990010
44.630839647721224|991010
44.630839647721224|992010
44.630839647721224|993010
44.630839647721224|994010
44.630839647721224|995010
44.630839647721224|996010
44.630839647721224|997010
44.630839647721224|998010
44.630839647721224|999010
44.630839647721224|1000010
