36.31047659981048|2000
37.850265115232034|3000
37.850265115232034|4000
37.850265115232034|5000
37.850265115232034|6000
38.122214379830645|7000
38.704810081651694|8000
38.947825830813194|9000
38.947825830813194|10000
38.947825830813194|11000
38.947825830813194|12000
39.37081395599186|13000
39.37081395599186|14000
39.37081395599186|15000
39.37081395599186|16000
39.37081395599186|17000
39.37081395599186|18000
39.62485350203936|19000
39.62485350203936|20000
39.62485350203936|21000
39.62485350203936|22000
39.62485350203936|23000
39.62485350203936|24000
39.62485350203936|25000
39.62485350203936|26000
39.62485350203936|27000
39.62485350203936|28000
39.62485350203936|29000
39.62485350203936|30000
39.62485350203936|31000
39.62485350203936|32000
39.62485350203936|33000
39.771870836595625|34000
39.771870836595625|35000
39.771870836595625|36000
39.771870836595625|37000
39.771870836595625|38000
39.771870836595625|39000
39.97556447579403|40000
39.97556447579403|41000
39.97556447579403|42000
39.97556447579403|43000
39.97556447579403|44000
39.97556447579403|45000
39.97556447579403|46000
39.97556447579403|47000
39.97556447579403|48000
39.97556447579403|49000
39.97556447579403|50000
39.97556447579403|51000
39.97556447579403|52000
39.97556447579403|53000
39.97556447579403|54000
39.97556447579403|55000
40.02052620658168|56000
40.02052620658168|57000
40.02052620658168|58000
40.02052620658168|59000
40.02052620658168|60000
40.02052620658168|61000
40.02052620658168|62000
40.02052620658168|63000
40.02052620658168|64000
40.02052620658168|65000
40.02052620658168|66000
40.02052620658168|67000
40.02052620658168|68000
40.02052620658168|69000
40.02052620658168|70000
40.02052620658168|71000
40.02052620658168|72000
40.09977052148339|73000
40.09977052148339|74000
40.24237623938455|75000
40.24237623938455|76000
40.24237623938455|77000
40.24237623938455|78000
40.48905652598774|79000
40.48905652598774|80000
40.48905652598774|81000
40.48905652598774|82000
40.48905652598774|83000
40.48905652598774|84000
40.48905652598774|85000
40.48905652598774|86000
40.48905652598774|87000
40.48905652598774|88000
40.48905652598774|89000
40.48905652598774|90000
40.48905652598774|91000
40.48905652598774|92000
40.48905652598774|93000
40.48905652598774|94000
40.48905652598774|95000
40.48905652598774|96000
40.48905652598774|97000
40.48905652598774|98000
40.48905652598774|99000
40.48905652598774|100000
40.48905652598774|101000
40.48905652598774|102000
40.48905652598774|103000
40.48905652598774|104000
40.48905652598774|105000
40.48905652598774|106000
40.48905652598774|107000
40.48905652598774|108000
40.48905652598774|109000
40.48905652598774|110000
40.48905652598774|111000
40.48905652598774|112000
40.48905652598774|113000
40.48905652598774|114000
40.48905652598774|115000
40.48905652598774|116000
40.48905652598774|117000
40.48905652598774|118000
40.48905652598774|119000
40.520527737940085|120000
40.520527737940085|121000
40.520527737940085|122000
40.520527737940085|123000
40.520527737940085|124000
40.520527737940085|125000
40.520527737940085|126000
40.520527737940085|127000
40.520527737940085|128000
40.520527737940085|129000
40.520527737940085|130000
40.520527737940085|131000
40.520527737940085|132000
40.520527737940085|133000
40.520527737940085|134000
40.520527737940085|135000
40.520527737940085|136000
40.520527737940085|137000
40.520527737940085|138000
40.520527737940085|139000
40.58928136093739|140000
40.58928136093739|141000
40.58928136093739|142000
40.58928136093739|143000
40.58928136093739|144000
40.59892714329162|145000
40.59892714329162|146000
40.59892714329162|147000
40.87025051828828|148000
40.87025051828828|149000
40.87025051828828|150000
40.87025051828828|151000
40.87025051828828|152000
40.87025051828828|153000
40.87025051828828|154000
40.87025051828828|155000
40.87025051828828|156000
40.87025051828828|157000
40.87025051828828|158000
40.87025051828828|159000
40.87025051828828|160000
40.87025051828828|161000
40.87025051828828|162000
40.87025051828828|163000
40.87025051828828|164000
41.209867516656544|165000
41.209867516656544|166000
41.209867516656544|167000
41.209867516656544|168000
41.209867516656544|169000
41.209867516656544|170000
41.209867516656544|171000
41.209867516656544|172000
41.209867516656544|173000
41.209867516656544|174000
41.209867516656544|175000
41.209867516656544|176000
41.209867516656544|177000
41.209867516656544|178000
41.209867516656544|179000
41.209867516656544|180000
41.209867516656544|181000
41.209867516656544|182000
41.209867516656544|183000
41.209867516656544|184000
41.209867516656544|185000
41.209867516656544|186000
41.209867516656544|187000
41.209867516656544|188000
41.209867516656544|189000
41.209867516656544|190000
41.209867516656544|191000
41.209867516656544|192000
41.209867516656544|193000
41.209867516656544|194000
41.209867516656544|195000
41.209867516656544|196000
41.209867516656544|197000
41.209867516656544|198000
41.209867516656544|199000
41.209867516656544|200000
41.209867516656544|201000
41.209867516656544|202000
41.209867516656544|203000
41.209867516656544|204000
41.209867516656544|205000
41.209867516656544|206000
41.209867516656544|207000
41.209867516656544|208000
41.209867516656544|209000
41.209867516656544|210000
41.209867516656544|211000
41.209867516656544|212000
41.209867516656544|213000
41.209867516656544|214000
41.209867516656544|215000
41.209867516656544|216000
41.209867516656544|217000
41.209867516656544|218000
41.209867516656544|219000
41.209867516656544|220000
41.209867516656544|221000
41.209867516656544|222000
41.209867516656544|223000
41.209867516656544|224000
41.209867516656544|225000
41.209867516656544|226000
41.209867516656544|227000
41.209867516656544|228000
41.209867516656544|229000
41.209867516656544|230000
41.209867516656544|231000
41.209867516656544|232000
41.209867516656544|233000
41.209867516656544|234000
41.209867516656544|235000
41.209867516656544|236000
41.209867516656544|237000
41.209867516656544|238000
41.209867516656544|239000
41.209867516656544|240000
41.209867516656544|241000
41.209867516656544|242000
41.209867516656544|243000
41.209867516656544|244000
41.209867516656544|245000
41.209867516656544|246000
41.209867516656544|247000
41.209867516656544|248000
41.209867516656544|249000
41.209867516656544|250000
41.209867516656544|251000
41.209867516656544|252000
41.209867516656544|253000
41.209867516656544|254000
41.209867516656544|255000
41.209867516656544|256000
41.209867516656544|257000
41.209867516656544|258000
41.209867516656544|259000
41.209867516656544|260000
41.209867516656544|261000
41.209867516656544|262000
41.209867516656544|263000
41.209867516656544|264000
41.209867516656544|265000
41.209867516656544|266000
41.209867516656544|267000
41.209867516656544|268000
41.209867516656544|269000
41.209867516656544|270000
41.209867516656544|271000
41.209867516656544|272000
41.209867516656544|273000
41.209867516656544|274000
41.209867516656544|275000
41.209867516656544|276000
41.209867516656544|277000
41.209867516656544|278000
41.209867516656544|279000
41.209867516656544|280000
41.209867516656544|281000
41.209867516656544|282000
41.209867516656544|283000
41.209867516656544|284000
41.209867516656544|285000
41.209867516656544|286000
41.209867516656544|287000
41.209867516656544|288000
41.209867516656544|289000
41.209867516656544|290000
41.209867516656544|291000
41.209867516656544|292000
41.209867516656544|293000
41.209867516656544|294000
41.209867516656544|295000
41.209867516656544|296000
41.209867516656544|297000
41.209867516656544|298000
41.209867516656544|299000
41.209867516656544|300000
41.209867516656544|301000
41.209867516656544|302000
41.209867516656544|303000
41.209867516656544|304000
41.209867516656544|305000
41.209867516656544|306000
41.209867516656544|307000
41.209867516656544|308000
41.209867516656544|309000
41.209867516656544|310000
41.209867516656544|311000
41.209867516656544|312000
41.209867516656544|313000
41.209867516656544|314000
41.209867516656544|315000
41.209867516656544|316000
41.209867516656544|317000
41.209867516656544|318000
41.209867516656544|319000
41.209867516656544|320000
41.209867516656544|321000
41.25536969310282|322000
41.25536969310282|323000
41.25536969310282|324000
41.25536969310282|325000
41.25536969310282|326000
41.25536969310282|327000
41.25536969310282|328000
41.25536969310282|329000
41.25536969310282|330000
41.25536969310282|331000
41.25536969310282|332000
41.25536969310282|333000
41.25536969310282|334000
41.25536969310282|335000
41.25536969310282|336000
41.25536969310282|337000
41.25536969310282|338000
41.25536969310282|339000
41.25536969310282|340000
41.25536969310282|341000
41.25536969310282|342000
41.25536969310282|343000
41.25536969310282|344000
41.25536969310282|345000
41.25536969310282|346000
41.25536969310282|347000
41.25536969310282|348000
41.25536969310282|349000
41.25536969310282|350000
41.25536969310282|351000
41.25536969310282|352000
41.25536969310282|353000
41.25536969310282|354000
41.25536969310282|355000
41.25536969310282|356000
41.25536969310282|357000
41.25536969310282|358000
41.535085887236114|359000
41.535085887236114|360000
41.535085887236114|361000
41.535085887236114|362000
41.535085887236114|363000
41.535085887236114|364000
41.535085887236114|365000
41.535085887236114|366000
41.535085887236114|367000
41.535085887236114|368000
41.535085887236114|369000
41.535085887236114|370000
41.535085887236114|371000
41.535085887236114|372000
41.535085887236114|373000
41.535085887236114|374000
41.535085887236114|375000
41.535085887236114|376000
41.535085887236114|377000
41.535085887236114|378000
41.535085887236114|379000
41.535085887236114|380000
41.535085887236114|381000
41.535085887236114|382000
41.535085887236114|383000
41.535085887236114|384000
41.535085887236114|385000
41.535085887236114|386000
41.535085887236114|387000
41.535085887236114|388000
41.535085887236114|389000
41.535085887236114|390000
41.535085887236114|391000
41.535085887236114|392000
41.535085887236114|393000
41.535085887236114|394000
41.535085887236114|395000
41.535085887236114|396000
41.535085887236114|397000
41.535085887236114|398000
41.535085887236114|399000
41.535085887236114|400000
41.535085887236114|401000
41.535085887236114|402000
41.535085887236114|403000
41.535085887236114|404000
41.535085887236114|405000
41.535085887236114|406000
41.535085887236114|407000
41.535085887236114|408000
41.535085887236114|409000
41.535085887236114|410000
41.535085887236114|411000
41.535085887236114|412000
41.535085887236114|413000
41.535085887236114|414000
41.535085887236114|415000
41.535085887236114|416000
41.535085887236114|417000
41.535085887236114|418000
41.535085887236114|419000
41.535085887236114|420000
41.535085887236114|421000
41.535085887236114|422000
41.535085887236114|423000
41.535085887236114|424000
41.535085887236114|425000
41.535085887236114|426000
41.535085887236114|427000
41.535085887236114|428000
41.535085887236114|429000
41.535085887236114|430000
41.535085887236114|431000
41.535085887236114|432000
41.535085887236114|433000
41.535085887236114|434000
41.535085887236114|435000
41.535085887236114|436000
41.535085887236114|437000
41.535085887236114|438000
41.535085887236114|439000
41.535085887236114|440000
41.535085887236114|441000
41.535085887236114|442000
41.535085887236114|443000
41.535085887236114|444000
41.535085887236114|445000
41.535085887236114|446000
41.535085887236114|447000
41.535085887236114|448000
41.535085887236114|449000
41.535085887236114|450000
41.535085887236114|451000
41.535085887236114|452000
41.535085887236114|453000
41.535085887236114|454000
41.60828765122728|455000
41.60828765122728|456000
41.60828765122728|457000
41.60828765122728|458000
41.60828765122728|459000
41.60828765122728|460000
41.60828765122728|461000
41.60828765122728|462000
41.60828765122728|463000
41.60828765122728|464000
41.60828765122728|465000
41.60828765122728|466000
41.60828765122728|467000
41.60828765122728|468000
41.60828765122728|469000
41.60828765122728|470000
41.60828765122728|471000
41.60828765122728|472000
41.60828765122728|473000
41.60828765122728|474000
41.60828765122728|475000
41.60828765122728|476000
41.60828765122728|477000
41.60828765122728|478000
41.60828765122728|479000
41.60828765122728|480000
41.60828765122728|481000
41.60828765122728|482000
41.60828765122728|483000
41.60828765122728|484000
41.60828765122728|485000
41.60828765122728|486000
41.60828765122728|487000
41.60828765122728|488000
41.60828765122728|489000
41.60828765122728|490000
41.60828765122728|491000
41.60828765122728|492000
41.60828765122728|493000
41.60828765122728|494000
41.60828765122728|495000
41.60828765122728|496000
41.60828765122728|497000
41.60828765122728|498000
41.60828765122728|499000
41.60828765122728|500000
41.60828765122728|501000
41.60828765122728|502000
41.60828765122728|503000
41.60828765122728|504000
41.60828765122728|505000
41.60828765122728|506000
41.60828765122728|507000
41.60828765122728|508000
41.60828765122728|509000
41.60828765122728|510000
41.60828765122728|511000
41.60828765122728|512000
41.60828765122728|513000
41.60828765122728|514000
41.60828765122728|515000
41.60828765122728|516000
41.60828765122728|517000
41.60828765122728|518000
41.60828765122728|519000
41.60828765122728|520000
41.60828765122728|521000
41.60828765122728|522000
41.60828765122728|523000
41.60828765122728|524000
41.60828765122728|525000
41.60828765122728|526000
41.60828765122728|527000
41.60828765122728|528000
41.60828765122728|529000
41.60828765122728|530000
41.60828765122728|531000
41.60828765122728|532000
41.60828765122728|533000
41.60828765122728|534000
41.60828765122728|535000
41.60828765122728|536000
41.60828765122728|537000
41.60828765122728|538000
41.60828765122728|539000
41.60828765122728|540000
41.60828765122728|541000
41.60828765122728|542000
41.60828765122728|543000
41.60828765122728|544000
41.60828765122728|545000
41.60828765122728|546000
41.60828765122728|547000
41.60828765122728|548000
41.60828765122728|549000
41.60828765122728|550000
41.60828765122728|551000
41.60828765122728|552000
41.60828765122728|553000
41.60828765122728|554000
41.60828765122728|555000
41.60828765122728|556000
41.60828765122728|557000
41.86386344067131|558000
41.86386344067131|559000
41.86386344067131|560000
41.86386344067131|561000
41.86386344067131|562000
41.86386344067131|563000
41.86386344067131|564000
41.86386344067131|565000
41.86386344067131|566000
41.86386344067131|567000
41.86386344067131|568000
41.86386344067131|569000
41.86386344067131|570000
41.86386344067131|571000
41.86386344067131|572000
41.86386344067131|573000
41.86386344067131|574000
41.86386344067131|575000
41.86386344067131|576000
41.86386344067131|577000
41.86386344067131|578000
41.86386344067131|579000
41.86386344067131|580000
41.86386344067131|581000
41.86386344067131|582000
41.86386344067131|583000
41.86386344067131|584000
41.86386344067131|585000
41.86386344067131|586000
41.86386344067131|587000
41.86386344067131|588000
41.86386344067131|589000
41.86386344067131|590000
41.86386344067131|591000
41.86386344067131|592000
41.86386344067131|593000
41.86386344067131|594000
41.86386344067131|595000
41.86386344067131|596000
41.86386344067131|597000
41.86386344067131|598000
41.86386344067131|599000
41.86386344067131|600000
41.86386344067131|601000
41.86386344067131|602000
41.86386344067131|603000
41.86386344067131|604000
41.86386344067131|605000
41.86386344067131|606000
41.86386344067131|607000
41.86386344067131|608000
41.86386344067131|609000
41.86386344067131|610000
41.86386344067131|611000
41.86386344067131|612000
41.86386344067131|613000
41.86386344067131|614000
41.86386344067131|615000
41.86386344067131|616000
41.86386344067131|617000
41.86386344067131|618000
41.86386344067131|619000
41.86386344067131|620000
41.86386344067131|621000
41.86386344067131|622000
41.86386344067131|623000
41.86386344067131|624000
41.86386344067131|625000
41.86386344067131|626000
41.86386344067131|627000
41.86386344067131|628000
41.86386344067131|629000
41.86386344067131|630000
41.86386344067131|631000
41.86386344067131|632000
41.86386344067131|633000
41.86386344067131|634000
41.95874511970227|635000
41.95874511970227|636000
41.95874511970227|637000
42.01089993680792|638000
42.01089993680792|639000
42.01089993680792|640000
42.052584071596876|641000
42.052584071596876|642000
42.052584071596876|643000
42.052584071596876|644000
42.052584071596876|645000
42.052584071596876|646000
42.43716177465085|647000
42.7239577019469|648000
42.7239577019469|649000
42.7239577019469|650000
42.7239577019469|651000
42.7239577019469|652000
42.7239577019469|653000
42.7239577019469|654000
42.7239577019469|655000
42.7239577019469|656000
42.7239577019469|657000
42.7239577019469|658000
42.7239577019469|659000
42.7239577019469|660000
42.7239577019469|661000
42.7239577019469|662000
42.7239577019469|663000
42.79449145238095|664000
42.79449145238095|665000
42.79449145238095|666000
42.79449145238095|667000
42.81798670566587|668000
42.81798670566587|669000
42.81798670566587|670000
42.81798670566587|671000
42.81798670566587|672000
42.82074266352411|673000
42.82074266352411|674000
42.82074266352411|675000
42.86151957069646|676000
42.86151957069646|677000
42.86151957069646|678000
42.86151957069646|679000
42.86151957069646|680000
42.87773633272833|681000
42.87773633272833|682000
42.95691291792161|683000
42.95691291792161|684000
42.95691291792161|685000
42.95691291792161|686000
42.95691291792161|687000
42.95691291792161|688000
42.95691291792161|689000
42.95691291792161|690000
42.96334200663549|691000
42.96334200663549|692000
42.96334200663549|693000
42.96334200663549|694000
42.96334200663549|695000
42.96334200663549|696000
42.96334200663549|697000
42.96334200663549|698000
42.96334200663549|699000
43.0093424183032|700000
43.0093424183032|701000
43.0093424183032|702000
43.03124022778149|703000
43.03124022778149|704000
43.03124022778149|705000
43.12040052485625|706000
43.12040052485625|707000
43.12040052485625|708000
43.12040052485625|709000
43.12040052485625|710000
43.12040052485625|711000
43.12040052485625|712000
43.12040052485625|713000
43.214983270780664|714000
43.214983270780664|715000
43.214983270780664|716000
43.214983270780664|717000
43.214983270780664|718000
43.214983270780664|719000
43.214983270780664|720000
43.214983270780664|721000
43.214983270780664|722000
43.258538739483484|723000
43.258538739483484|724000
43.258538739483484|725000
43.258538739483484|726000
43.258538739483484|727000
43.26888952924071|728000
43.26888952924071|729000
43.26888952924071|730000
43.26888952924071|731000
43.26888952924071|732000
43.26888952924071|733000
43.26888952924071|734000
43.26888952924071|735000
43.26888952924071|736000
43.26888952924071|737000
43.26888952924071|738000
43.26888952924071|739000
43.297735710790725|740000
43.297735710790725|741000
43.297735710790725|742000
43.38932791475328|743000
43.38932791475328|744000
43.38932791475328|745000
43.38932791475328|746000
43.38932791475328|747000
43.38932791475328|748000
43.38932791475328|749000
43.38932791475328|750000
43.401216677952185|751000
43.401216677952185|752000
43.401216677952185|753000
43.401216677952185|754000
43.48801034763034|755000
43.48801034763034|756000
43.48801034763034|757000
43.48801034763034|758000
43.48801034763034|759000
43.48801034763034|760000
43.48801034763034|761000
43.533321560999966|762000
43.59614681867006|763000
43.59614681867006|764000
43.59614681867006|765000
43.59614681867006|766000
43.59614681867006|767000
43.59614681867006|768000
43.6427511494298|769000
43.6427511494298|770000
43.6427511494298|771000
43.6427511494298|772000
43.6427511494298|773000
43.6427511494298|774000
43.6427511494298|775000
43.6427511494298|776000
43.6427511494298|777000
43.6427511494298|778000
43.6427511494298|779000
43.6427511494298|780000
43.6427511494298|781000
43.6427511494298|782000
43.6427511494298|783000
43.6427511494298|784000
43.6427511494298|785000
43.6427511494298|786000
43.6427511494298|787000
43.6427511494298|788000
43.6427511494298|789000
43.6427511494298|790000
43.6427511494298|791000
43.6427511494298|792000
43.6427511494298|793000
43.6427511494298|794000
43.6427511494298|795000
43.6427511494298|796000
43.6427511494298|797000
43.6427511494298|798000
43.6427511494298|799000
43.6427511494298|800000
43.69526273187986|801000
43.69526273187986|802000
43.69526273187986|803000
43.69526273187986|804000
43.69526273187986|805000
43.69526273187986|806000
43.69526273187986|807000
43.738333623513604|808000
43.738333623513604|809000
43.738333623513604|810000
43.738333623513604|811000
43.738333623513604|812000
43.738333623513604|813000
43.738333623513604|814000
43.738333623513604|815000
43.76115288525142|816000
43.76115288525142|817000
43.76115288525142|818000
43.76115288525142|819000
43.76115288525142|820000
43.76115288525142|821000
43.76115288525142|822000
43.76115288525142|823000
43.76115288525142|824000
43.76115288525142|825000
43.76115288525142|826000
43.76115288525142|827000
43.76115288525142|828000
43.76115288525142|829000
43.76115288525142|830000
43.82879933240784|831000
43.82879933240784|832000
43.82879933240784|833000
43.82879933240784|834000
43.82879933240784|835000
43.82879933240784|836000
43.82879933240784|837000
43.82879933240784|838000
43.82879933240784|839000
43.82879933240784|840000
43.82879933240784|841000
43.82879933240784|842000
43.82879933240784|843000
43.82879933240784|844000
43.82879933240784|845000
43.82879933240784|846000
43.83787665118295|847000
43.83787665118295|848000
43.83787665118295|849000
43.919009585012155|850000
43.919009585012155|851000
43.919009585012155|852000
43.919009585012155|853000
43.919009585012155|854000
43.919009585012155|855000
43.919009585012155|856000
43.919009585012155|857000
43.919009585012155|858000
43.919009585012155|859000
43.919009585012155|860000
43.919009585012155|861000
43.919009585012155|862000
43.919009585012155|863000
43.919009585012155|864000
43.919009585012155|865000
43.95728485171621|866000
43.95728485171621|867000
43.95728485171621|868000
43.99173678571599|869000
43.99173678571599|870000
43.99173678571599|871000
43.99173678571599|872000
43.99173678571599|873000
44.111923467536634|874000
44.111923467536634|875000
44.111923467536634|876000
44.111923467536634|877000
44.111923467536634|878000
44.111923467536634|879000
44.111923467536634|880000
44.111923467536634|881000
44.111923467536634|882000
44.111923467536634|883000
44.111923467536634|884000
44.111923467536634|885000
44.12033236886826|886000
44.12033236886826|887000
44.12033236886826|888000
44.12033236886826|889000
44.12033236886826|890000
44.12033236886826|891000
44.12033236886826|892000
44.12033236886826|893000
44.12033236886826|894000
44.12033236886826|895000
44.135205730976104|896000
44.135205730976104|897000
44.135205730976104|898000
44.135205730976104|899000
44.135205730976104|900000
44.135205730976104|901000
44.135205730976104|902000
44.135205730976104|903000
44.135205730976104|904000
44.135205730976104|905000
44.135205730976104|906000
44.135205730976104|907000
44.141536569707284|908000
44.141536569707284|909000
44.141536569707284|910000
44.141536569707284|911000
44.141536569707284|912000
44.141536569707284|913000
44.18424044751376|914000
44.18424044751376|915000
44.18424044751376|916000
44.18424044751376|917000
44.18424044751376|918000
44.18424044751376|919000
44.18424044751376|920000
44.18424044751376|921000
44.18424044751376|922000
44.18424044751376|923000
44.18424044751376|924000
44.18424044751376|925000
44.18424044751376|926000
44.18424044751376|927000
44.18424044751376|928000
44.18424044751376|929000
44.18424044751376|930000
44.18523853301081|931000
44.18523853301081|932000
44.18523853301081|933000
44.18548787733646|934000
44.20907233725724|935000
44.213929811959225|936000
44.213929811959225|937000
44.213929811959225|938000
44.213929811959225|939000
44.213929811959225|940000
44.213929811959225|941000
44.213929811959225|942000
44.213929811959225|943000
44.213929811959225|944000
44.21540317598844|945000
44.25266070069948|946000
44.25266070069948|947000
44.25266070069948|948000
44.25266070069948|949000
44.25266070069948|950000
44.25266070069948|951000
44.25266070069948|952000
44.25266070069948|953000
44.25266070069948|954000
44.25352989893525|955000
44.28714771708945|956000
44.28714771708945|957000
44.28714771708945|958000
44.28714771708945|959000
44.28714771708945|960000
44.28714771708945|961000
44.28714771708945|962000
44.28714771708945|963000
44.28714771708945|964000
44.28714771708945|965000
44.28714771708945|966000
44.28714771708945|967000
44.28714771708945|968000
44.28714771708945|969000
44.28714771708945|970000
44.28714771708945|971000
44.28714771708945|972000
44.28714771708945|973000
44.28714771708945|974000
44.28714771708945|975000
44.28714771708945|976000
44.28714771708945|977000
44.28714771708945|978000
44.28714771708945|979000
44.28714771708945|980000
44.28714771708945|981000
44.31065404113031|982000
44.31065404113031|983000
44.31065404113031|984000
44.31065404113031|985000
44.31065404113031|986000
44.31065404113031|987000
44.31065404113031|988000
44.31065404113031|989000
44.31065404113031|990000
44.31065404113031|991000
44.31065404113031|992000
44.31065404113031|993000
44.31065404113031|994000
44.31065404113031|995000
44.31065404113031|996000
44.31065404113031|997000
44.31065404113031|998000
44.31065404113031|999000
44.31065404113031|1000000
