37.80396396989371|1100
38.74915273274986|2100
39.46104061496042|3100
40.2095480951156|4100
40.2095480951156|5100
40.39075231462107|6100
40.39075231462107|7100
40.802572559393866|8100
40.802572559393866|9100
41.22604662874493|10100
41.42563963353869|11100
41.757736369154024|12100
41.79613920939564|13100
41.97088628305819|14100
42.34407975508526|15100
42.34407975508526|16100
42.34407975508526|17100
42.359429620916835|18100
42.51493539227421|19100
42.659203571565016|20100
42.659203571565016|21100
42.80100643934145|22100
42.80366051582472|23100
42.89594857597289|24100
42.974444814188324|25100
43.04508931232913|26100
43.13155646200324|27100
43.28143277339253|28100
43.33552172036117|29100
43.50232745028955|30100
43.50232745028955|31100
43.543795515779095|32100
43.59719671463194|33100
43.646834778699365|34100
43.69630566933236|35100
43.760236547623556|36100
43.760236547623556|37100
43.81684271735079|38100
43.848224527210384|39100
43.90625445622584|40100
43.90730188843178|41100
43.93188032108349|42100
43.9739277616515|43100
43.989485265803765|44100
43.989485265803765|45100
43.989485265803765|46100
43.989485265803765|47100
43.989485265803765|48100
44.0676733429164|49100
44.0676733429164|50100
44.091028702565225|51100
44.137868757363066|52100
44.16122411701188|53100
44.164525609624725|54100
44.164525609624725|55100
44.19350356179976|56100
44.198651400627234|57100
44.19865140062725|58100
44.227818205336725|59100
44.25170236422958|60100
44.25170236422958|61100
44.25170236422958|62100
44.26824819721865|63100
44.280869168939056|64100
44.302442775075285|65100
44.302442775075285|66100
44.302442775075285|67100
44.325960436847915|68100
44.325960436847915|69100
44.33647723193646|70100
44.33681871303356|71100
44.34733550812212|72100
44.34733550812212|73100
44.34733550812212|74100
44.34733550812212|75100
44.35106325749873|76100
44.3633974934152|77100
44.3633974934152|78100
44.3633974934152|79100
44.367666764808234|80100
44.386258300539815|81100
44.386258300539815|82100
44.386258300539815|83100
44.38933291131834|84100
44.393278347997736|85100
44.393278347997736|86100
44.40956373521034|87100
44.413030710222536|88100
44.42189036780028|89100
44.42189036780028|90100
44.42189036780028|91100
44.423659626694516|92100
44.42796795271018|93100
44.42949558880629|94100
44.431264847700525|95100
44.431264847700525|96100
44.431264847700525|97100
44.43177485569666|98100
44.43177485569666|99100
44.43439259643228|100100
44.43536046836645|101100
44.43536046836645|102100
44.43536046836645|103100
44.439464443884795|104100
44.439464443884795|105100
44.45137773516916|106100
44.45891499717612|107100
44.45891499717612|108100
44.47612716843341|109100
44.47612716843341|110100
44.47612716843341|111100
44.47612716843341|112100
44.47622032008134|113100
44.48121493409782|114100
44.48121493409782|115100
44.481308085745745|116100
44.481308085745745|117100
44.50642174619892|118100
44.50642174619892|119100
44.509596426093765|120100
44.509596426093765|121100
44.509596426093765|122100
44.51012754814375|123100
44.51012754814375|124100
44.510140117565335|125100
44.5158427959564|126100
44.51829312571842|127100
44.518442911343044|128100
44.51963577650054|129100
44.51963577650054|130100
44.51967553419897|131100
44.51967553419897|132100
44.51967553419897|133100
44.51967553419897|134100
44.51967553419897|135100
44.51967553419897|136100
44.51967553419897|137100
44.51967553419897|138100
44.51967553419897|139100
44.51967553419897|140100
44.51967553419897|141100
44.51967553419897|142100
44.51967553419897|143100
44.51967553419897|144100
44.51967553419897|145100
44.51967553419897|146100
44.51967553419897|147100
44.51967553419897|148100
44.51967553419897|149100
44.51967553419897|150100
44.51967553419897|151100
44.51967553419897|152100
44.519675534198974|153100
44.519675534198974|154100
44.519675534198974|155100
44.519675534198974|156100
44.519675534198974|157100
44.519675534198974|158100
44.519675534198974|159100
44.519675534198974|160100
44.519675534198974|161100
44.519675534198974|162100
44.519675534198974|163100
44.519675534198974|164100
44.519675534198974|165100
44.519675534198974|166100
44.519675534198974|167100
44.519675534198974|168100
44.519675534198974|169100
44.519675534198974|170100
44.519675534198974|171100
44.519675534198974|172100
44.519675534198974|173100
44.519675534198974|174100
44.519675534198974|175100
44.53350302122749|176100
44.53387977473501|177100
44.53788511257547|178100
44.53826278102252|179100
44.541159243277264|180100
44.5413109287913|181100
44.5413109287913|182100
44.5413109287913|183100
44.5413109287913|184100
44.5413109287913|185100
44.5413109287913|186100
44.5413109287913|187100
44.54131716468159|188100
44.54131716468159|189100
44.54131716468159|190100
44.54131716468159|191100
44.54131716468159|192100
44.54131716468159|193100
44.541317164681594|194100
44.541317164681594|195100
44.541317164681594|196100
44.541317164681594|197100
44.541317164681594|198100
44.541317164681594|199100
44.541317164681594|200100
44.541317164681594|201100
44.541317164681594|202100
44.541317164681594|203100
44.541317164681594|204100
44.541317164681594|205100
44.541317164681594|206100
44.541317164681594|207100
44.541317164681594|208100
44.541317164681594|209100
44.541317164681594|210100
44.541317164681594|211100
44.541317164681594|212100
44.541317164681594|213100
44.541317164681594|214100
44.541317164681594|215100
44.541317164681594|216100
44.541317164681594|217100
44.541317164681594|218100
44.541317164681594|219100
44.541317164681594|220100
44.541317164681594|221100
44.541317164681594|222100
44.541317164681594|223100
44.541317164681594|224100
44.541317164681594|225100
44.541317164681594|226100
44.541317164681594|227100
44.541317164681594|228100
44.541317164681594|229100
44.541317164681594|230100
44.541317164681594|231100
44.541317164681594|232100
44.541317164681594|233100
44.541317164681594|234100
44.541317164681594|235100
44.541317164681594|236100
44.541317164681594|237100
44.541317164681594|238100
44.541317164681594|239100
44.541317164681594|240100
44.541317164681594|241100
44.541317164681594|242100
44.541317164681594|243100
44.541317164681594|244100
44.541317164681594|245100
44.541317164681594|246100
44.541317164681594|247100
44.541317164681594|248100
44.541317164681594|249100
44.541317164681594|250100
44.541317164681594|251100
44.541317164681594|252100
44.541317164681594|253100
44.541317164681594|254100
44.541317164681594|255100
44.541317164681594|256100
44.541317164681594|257100
44.541317164681594|258100
44.541317164681594|259100
44.541317164681594|260100
44.541317164681594|261100
44.541317164681594|262100
44.541317164681594|263100
44.541317164681594|264100
44.541317164681594|265100
44.541317164681594|266100
44.541317164681594|267100
44.541317164681594|268100
44.541317164681594|269100
44.541317164681594|270100
44.541317164681594|271100
44.541317164681594|272100
44.541317164681594|273100
44.541317164681594|274100
44.541317164681594|275100
44.541317164681594|276100
44.541317164681594|277100
44.541317164681594|278100
44.541317164681594|279100
44.541317164681594|280100
44.541317164681594|281100
44.541317164681594|282100
44.541317164681594|283100
44.541317164681594|284100
44.541317164681594|285100
44.541317164681594|286100
44.541317164681594|287100
44.541317164681594|288100
44.541317164681594|289100
44.541317164681594|290100
44.541317164681594|291100
44.541317164681594|292100
44.541317164681594|293100
44.541317164681594|294100
44.541317164681594|295100
44.541317164681594|296100
44.541317164681594|297100
44.541317164681594|298100
44.541317164681594|299100
44.541317164681594|300100
44.541317164681594|301100
44.541317164681594|302100
44.541317164681594|303100
44.541317164681594|304100
44.541317164681594|305100
44.541317164681594|306100
44.541317164681594|307100
44.541317164681594|308100
44.541317164681594|309100
44.541317164681594|310100
44.541317164681594|311100
44.541317164681594|312100
44.541317164681594|313100
44.541317164681594|314100
44.541317164681594|315100
44.541317164681594|316100
44.541317164681594|317100
44.541317164681594|318100
44.541317164681594|319100
44.541317164681594|320100
44.541317164681594|321100
44.541317164681594|322100
44.541317164681594|323100
44.541317164681594|324100
44.541317164681594|325100
44.541317164681594|326100
44.541317164681594|327100
44.541317164681594|328100
44.541317164681594|329100
44.541317164681594|330100
44.541317164681594|331100
44.541317164681594|332100
44.541317164681594|333100
44.541317164681594|334100
44.541317164681594|335100
44.541317164681594|336100
44.541317164681594|337100
44.541317164681594|338100
44.541317164681594|339100
44.541317164681594|340100
44.541317164681594|341100
44.541317164681594|342100
44.541317164681594|343100
44.541317164681594|344100
44.541317164681594|345100
44.541317164681594|346100
44.541317164681594|347100
44.541317164681594|348100
44.541317164681594|349100
44.541317164681594|350100
44.541317164681594|351100
44.541317164681594|352100
44.541317164681594|353100
44.541317164681594|354100
44.541317164681594|355100
44.541317164681594|356100
44.541317164681594|357100
44.541317164681594|358100
44.541317164681594|359100
44.541317164681594|360100
44.541317164681594|361100
44.541317164681594|362100
44.541317164681594|363100
44.541317164681594|364100
44.541317164681594|365100
44.541317164681594|366100
44.541317164681594|367100
44.541317164681594|368100
44.541317164681594|369100
44.541317164681594|370100
44.541317164681594|371100
44.541317164681594|372100
44.541317164681594|373100
44.541317164681594|374100
44.541317164681594|375100
44.541317164681594|376100
44.541317164681594|377100
44.541317164681594|378100
44.541317164681594|379100
44.541317164681594|380100
44.541317164681594|381100
44.541317164681594|382100
44.541317164681594|383100
44.541317164681594|384100
44.541317164681594|385100
44.541317164681594|386100
44.541317164681594|387100
44.541317164681594|388100
44.541317164681594|389100
44.541317164681594|390100
44.541317164681594|391100
44.541317164681594|392100
44.541317164681594|393100
44.541317164681594|394100
44.541317164681594|395100
44.541317164681594|396100
44.541317164681594|397100
44.541317164681594|398100
44.541317164681594|399100
44.541317164681594|400100
44.541317164681594|401100
44.541317164681594|402100
44.541317164681594|403100
44.541317164681594|404100
44.541317164681594|405100
44.541317164681594|406100
44.541317164681594|407100
44.541317164681594|408100
44.541317164681594|409100
44.541317164681594|410100
44.541317164681594|411100
44.541317164681594|412100
44.541317164681594|413100
44.541317164681594|414100
44.541317164681594|415100
44.541317164681594|416100
44.541317164681594|417100
44.541317164681594|418100
44.541317164681594|419100
44.541317164681594|420100
44.541317164681594|421100
44.541317164681594|422100
44.541317164681594|423100
44.541317164681594|424100
44.541317164681594|425100
44.541317164681594|426100
44.541317164681594|427100
44.541317164681594|428100
44.541317164681594|429100
44.541317164681594|430100
44.541317164681594|431100
44.541317164681594|432100
44.541317164681594|433100
44.541317164681594|434100
44.541317164681594|435100
44.541317164681594|436100
44.541317164681594|437100
44.541317164681594|438100
44.541317164681594|439100
44.541317164681594|440100
44.541317164681594|441100
44.541317164681594|442100
44.541317164681594|443100
44.541317164681594|444100
44.541317164681594|445100
44.541317164681594|446100
44.541317164681594|447100
44.541317164681594|448100
44.541317164681594|449100
44.541317164681594|450100
44.541317164681594|451100
44.541317164681594|452100
44.541317164681594|453100
44.541317164681594|454100
44.541317164681594|455100
44.541317164681594|456100
44.541317164681594|457100
44.541317164681594|458100
44.541317164681594|459100
44.541317164681594|460100
44.541317164681594|461100
44.541317164681594|462100
44.541317164681594|463100
44.541317164681594|464100
44.541317164681594|465100
44.541317164681594|466100
44.541317164681594|467100
44.541317164681594|468100
44.541317164681594|469100
44.541317164681594|470100
44.541317164681594|471100
44.541317164681594|472100
44.541317164681594|473100
44.541317164681594|474100
44.541317164681594|475100
44.541317164681594|476100
44.541317164681594|477100
44.541317164681594|478100
44.541317164681594|479100
44.541317164681594|480100
44.541317164681594|481100
44.541317164681594|482100
44.541317164681594|483100
44.541317164681594|484100
44.541317164681594|485100
44.541317164681594|486100
44.541317164681594|487100
44.541317164681594|488100
44.541317164681594|489100
44.541317164681594|490100
44.541317164681594|491100
44.541317164681594|492100
44.541317164681594|493100
44.541317164681594|494100
44.541317164681594|495100
44.541317164681594|496100
44.541317164681594|497100
44.541317164681594|498100
44.541317164681594|499100
44.541317164681594|500100
44.541317164681594|501100
44.541317164681594|502100
44.541317164681594|503100
44.541317164681594|504100
44.541317164681594|505100
44.541317164681594|506100
44.541317164681594|507100
44.541317164681594|508100
44.541317164681594|509100
44.541317164681594|510100
44.541317164681594|511100
44.541317164681594|512100
44.541317164681594|513100
44.541317164681594|514100
44.541317164681594|515100
44.541317164681594|516100
44.541317164681594|517100
44.541317164681594|518100
44.541317164681594|519100
44.541317164681594|520100
44.541317164681594|521100
44.541317164681594|522100
44.541317164681594|523100
44.541317164681594|524100
44.541317164681594|525100
44.541317164681594|526100
44.541317164681594|527100
44.541317164681594|528100
44.541317164681594|529100
44.541317164681594|530100
44.541317164681594|531100
44.541317164681594|532100
44.541317164681594|533100
44.541317164681594|534100
44.541317164681594|535100
44.541317164681594|536100
44.541317164681594|537100
44.541317164681594|538100
44.541317164681594|539100
44.541317164681594|540100
44.541317164681594|541100
44.541317164681594|542100
44.541317164681594|543100
44.541317164681594|544100
44.541317164681594|545100
44.541317164681594|546100
44.541317164681594|547100
44.541317164681594|548100
44.541317164681594|549100
44.541317164681594|550100
44.541317164681594|551100
44.541317164681594|552100
44.541317164681594|553100
44.541317164681594|554100
44.541317164681594|555100
44.541317164681594|556100
44.541317164681594|557100
44.541317164681594|558100
44.541317164681594|559100
44.541317164681594|560100
44.541317164681594|561100
44.541317164681594|562100
44.541317164681594|563100
44.541317164681594|564100
44.541317164681594|565100
44.541317164681594|566100
44.541317164681594|567100
44.541317164681594|568100
44.541317164681594|569100
44.541317164681594|570100
44.541317164681594|571100
44.541317164681594|572100
44.541317164681594|573100
44.541317164681594|574100
44.541317164681594|575100
44.541317164681594|576100
44.541317164681594|577100
44.541317164681594|578100
44.541317164681594|579100
44.541317164681594|580100
44.541317164681594|581100
44.541317164681594|582100
44.541317164681594|583100
44.541317164681594|584100
44.541317164681594|585100
44.541317164681594|586100
44.541317164681594|587100
44.541317164681594|588100
44.541317164681594|589100
44.541317164681594|590100
44.541317164681594|591100
44.541317164681594|592100
44.541317164681594|593100
44.541317164681594|594100
44.541317164681594|595100
44.541317164681594|596100
44.541317164681594|597100
44.541317164681594|598100
44.541317164681594|599100
44.541317164681594|600100
44.541317164681594|601100
44.541317164681594|602100
44.541317164681594|603100
44.541317164681594|604100
44.541317164681594|605100
44.541317164681594|606100
44.541317164681594|607100
44.541317164681594|608100
44.541317164681594|609100
44.541317164681594|610100
44.541317164681594|611100
44.541317164681594|612100
44.541317164681594|613100
44.541317164681594|614100
44.541317164681594|615100
44.541317164681594|616100
44.541317164681594|617100
44.541317164681594|618100
44.541317164681594|619100
44.541317164681594|620100
44.541317164681594|621100
44.541317164681594|622100
44.541317164681594|623100
44.541317164681594|624100
44.541317164681594|625100
44.541317164681594|626100
44.541317164681594|627100
44.541317164681594|628100
44.541317164681594|629100
44.541317164681594|630100
44.541317164681594|631100
44.541317164681594|632100
44.541317164681594|633100
44.541317164681594|634100
44.541317164681594|635100
44.541317164681594|636100
44.541317164681594|637100
44.541317164681594|638100
44.541317164681594|639100
44.541317164681594|640100
44.541317164681594|641100
44.541317164681594|642100
44.541317164681594|643100
44.541317164681594|644100
44.541317164681594|645100
44.541317164681594|646100
44.541317164681594|647100
44.541317164681594|648100
44.541317164681594|649100
44.541317164681594|650100
44.541317164681594|651100
44.541317164681594|652100
44.541317164681594|653100
44.541317164681594|654100
44.541317164681594|655100
44.541317164681594|656100
44.541317164681594|657100
44.541317164681594|658100
44.541317164681594|659100
44.541317164681594|660100
44.541317164681594|661100
44.541317164681594|662100
44.541317164681594|663100
44.541317164681594|664100
44.541317164681594|665100
44.541317164681594|666100
44.541317164681594|667100
44.541317164681594|668100
44.541317164681594|669100
44.541317164681594|670100
44.541317164681594|671100
44.541317164681594|672100
44.541317164681594|673100
44.541317164681594|674100
44.541317164681594|675100
44.541317164681594|676100
44.541317164681594|677100
44.541317164681594|678100
44.541317164681594|679100
44.541317164681594|680100
44.541317164681594|681100
44.541317164681594|682100
44.541317164681594|683100
44.541317164681594|684100
44.541317164681594|685100
44.541317164681594|686100
44.541317164681594|687100
44.541317164681594|688100
44.541317164681594|689100
44.541317164681594|690100
44.541317164681594|691100
44.541317164681594|692100
44.541317164681594|693100
44.541317164681594|694100
44.541317164681594|695100
44.541317164681594|696100
44.541317164681594|697100
44.541317164681594|698100
44.541317164681594|699100
44.541317164681594|700100
44.541317164681594|701100
44.541317164681594|702100
44.541317164681594|703100
44.541317164681594|704100
44.541317164681594|705100
44.541317164681594|706100
44.541317164681594|707100
44.541317164681594|708100
44.541317164681594|709100
44.541317164681594|710100
44.541317164681594|711100
44.541317164681594|712100
44.541317164681594|713100
44.541317164681594|714100
44.541317164681594|715100
44.541317164681594|716100
44.541317164681594|717100
44.541317164681594|718100
44.541317164681594|719100
44.541317164681594|720100
44.541317164681594|721100
44.541317164681594|722100
44.541317164681594|723100
44.541317164681594|724100
44.541317164681594|725100
44.541317164681594|726100
44.541317164681594|727100
44.541317164681594|728100
44.541317164681594|729100
44.541317164681594|730100
44.541317164681594|731100
44.541317164681594|732100
44.541317164681594|733100
44.541317164681594|734100
44.541317164681594|735100
44.541317164681594|736100
44.541317164681594|737100
44.541317164681594|738100
44.541317164681594|739100
44.541317164681594|740100
44.541317164681594|741100
44.541317164681594|742100
44.541317164681594|743100
44.541317164681594|744100
44.541317164681594|745100
44.541317164681594|746100
44.541317164681594|747100
44.541317164681594|748100
44.541317164681594|749100
44.541317164681594|750100
44.541317164681594|751100
44.541317164681594|752100
44.541317164681594|753100
44.541317164681594|754100
44.541317164681594|755100
44.541317164681594|756100
44.541317164681594|757100
44.541317164681594|758100
44.541317164681594|759100
44.541317164681594|760100
44.541317164681594|761100
44.541317164681594|762100
44.541317164681594|763100
44.541317164681594|764100
44.541317164681594|765100
44.541317164681594|766100
44.541317164681594|767100
44.541317164681594|768100
44.541317164681594|769100
44.541317164681594|770100
44.541317164681594|771100
44.541317164681594|772100
44.541317164681594|773100
44.541317164681594|774100
44.541317164681594|775100
44.541317164681594|776100
44.541317164681594|777100
44.541317164681594|778100
44.541317164681594|779100
44.541317164681594|780100
44.541317164681594|781100
44.541317164681594|782100
44.541317164681594|783100
44.541317164681594|784100
44.541317164681594|785100
44.541317164681594|786100
44.541317164681594|787100
44.55344572238913|788100
44.55344572238913|789100
44.55344572238913|790100
44.55344572238913|791100
44.55463081251453|792100
44.55464276596253|793100
44.569671039445105|794100
44.569671039445105|795100
44.57365247038958|796100
44.58498650388014|797100
44.58498650388014|798100
44.584998457328126|799100
44.584998457328126|800100
44.584998457328126|801100
44.584998457328126|802100
44.584998457328126|803100
44.584998457328126|804100
44.584998457328126|805100
44.584998457328126|806100
44.584998457328126|807100
44.584998457328126|808100
44.584998457328126|809100
44.584998457328126|810100
44.58618023033179|811100
44.58618023033179|812100
44.58618023033179|813100
44.58618023033179|814100
44.58618023033179|815100
44.58618023033179|816100
44.58618023033179|817100
44.58618023033179|818100
44.58618023033179|819100
44.58618023033179|820100
44.58618023033179|821100
44.58618023033179|822100
44.58618023033179|823100
44.58618023033179|824100
44.58618023033179|825100
44.5861802303318|826100
44.5861802303318|827100
44.5861802303318|828100
44.5861802303318|829100
44.5861802303318|830100
44.5861802303318|831100
44.5861802303318|832100
44.5861802303318|833100
44.5861802303318|834100
44.5861802303318|835100
44.5861802303318|836100
44.5861802303318|837100
44.5861802303318|838100
44.5861802303318|839100
44.5861802303318|840100
44.5861802303318|841100
44.5861802303318|842100
44.5861802303318|843100
44.5861802303318|844100
44.5861802303318|845100
44.5861802303318|846100
44.5861802303318|847100
44.5861802303318|848100
44.5861802303318|849100
44.5861802303318|850100
44.5861802303318|851100
44.5861802303318|852100
44.5861802303318|853100
44.5861802303318|854100
44.5861802303318|855100
44.5861802303318|856100
44.5861802303318|857100
44.5861802303318|858100
44.5861802303318|859100
44.5861802303318|860100
44.5861802303318|861100
44.5861802303318|862100
44.5861802303318|863100
44.5861802303318|864100
44.5861802303318|865100
44.5861802303318|866100
44.5861802303318|867100
44.5861802303318|868100
44.5861802303318|869100
44.5861802303318|870100
44.5861802303318|871100
44.5861802303318|872100
44.5861802303318|873100
44.5861802303318|874100
44.5861802303318|875100
44.5861802303318|876100
44.5861802303318|877100
44.5861802303318|878100
44.5861802303318|879100
44.5861802303318|880100
44.5861802303318|881100
44.5861802303318|882100
44.5861802303318|883100
44.5861802303318|884100
44.5861802303318|885100
44.5861802303318|886100
44.5861802303318|887100
44.5861802303318|888100
44.5861802303318|889100
44.5861802303318|890100
44.5861802303318|891100
44.5861802303318|892100
44.5861802303318|893100
44.5861802303318|894100
44.5861802303318|895100
44.5861802303318|896100
44.5861802303318|897100
44.5861802303318|898100
44.5861802303318|899100
44.5861802303318|900100
44.5861802303318|901100
44.5861802303318|902100
44.5861802303318|903100
44.5861802303318|904100
44.5861802303318|905100
44.5861802303318|906100
44.5861802303318|907100
44.5861802303318|908100
44.5861802303318|909100
44.5861802303318|910100
44.5861802303318|911100
44.5861802303318|912100
44.5861802303318|913100
44.5861802303318|914100
44.5861802303318|915100
44.5861802303318|916100
44.5861802303318|917100
44.5861802303318|918100
44.5861802303318|919100
44.5861802303318|920100
44.5861802303318|921100
44.5861802303318|922100
44.5861802303318|923100
44.5861802303318|924100
44.5861802303318|925100
44.5861802303318|926100
44.5861802303318|927100
44.5861802303318|928100
44.5861802303318|929100
44.5861802303318|930100
44.5861802303318|931100
44.5861802303318|932100
44.5861802303318|933100
44.5861802303318|934100
44.5861802303318|935100
44.5861802303318|936100
44.5861802303318|937100
44.5861802303318|938100
44.5861802303318|939100
44.5861802303318|940100
44.5861802303318|941100
44.5861802303318|942100
44.5861802303318|943100
44.5861802303318|944100
44.5861802303318|945100
44.5861802303318|946100
44.5861802303318|947100
44.5861802303318|948100
44.5861802303318|949100
44.5861802303318|950100
44.5861802303318|951100
44.5861802303318|952100
44.5861802303318|953100
44.5861802303318|954100
44.5861802303318|955100
44.5861802303318|956100
44.5861802303318|957100
44.5861802303318|958100
44.5861802303318|959100
44.5861802303318|960100
44.5861802303318|961100
44.5861802303318|962100
44.5861802303318|963100
44.5861802303318|964100
44.5861802303318|965100
44.5861802303318|966100
44.5861802303318|967100
44.5861802303318|968100
44.5861802303318|969100
44.5861802303318|970100
44.5861802303318|971100
44.5861802303318|972100
44.5861802303318|973100
44.5861802303318|974100
44.5861802303318|975100
44.5861802303318|976100
44.5861802303318|977100
44.5861802303318|978100
44.5861802303318|979100
44.5861802303318|980100
44.5861802303318|981100
44.5861802303318|982100
44.5861802303318|983100
44.5861802303318|984100
44.5861802303318|985100
44.5861802303318|986100
44.5861802303318|987100
44.5861802303318|988100
44.5861802303318|989100
44.5861802303318|990100
44.5861802303318|991100
44.5861802303318|992100
44.5861802303318|993100
44.5861802303318|994100
44.5861802303318|995100
44.5861802303318|996100
44.5861802303318|997100
44.5861802303318|998100
44.5861802303318|999100
44.5861802303318|1000100
