38.66602962835884|1100
38.66602962835884|2100
39.390742199807164|3100
39.72437205580563|4100
39.72437205580563|5100
39.72437205580563|6100
40.19446433471817|7100
40.55706384281433|8100
40.66990105144108|9100
41.215018691596036|10100
41.215018691596036|11100
41.476901223444514|12100
42.025475404519455|13100
42.025475404519455|14100
42.49937257763377|15100
42.567653984397914|16100
42.595211178688636|17100
42.80059555772237|18100
43.14703888129421|19100
43.28708384105501|20100
43.28708384105501|21100
43.28708384105501|22100
43.31854582029763|23100
43.34818803391489|24100
43.47532203631377|25100
43.53424532759101|26100
43.5708916533131|27100
43.5708916533131|28100
43.72358351188213|29100
43.72358351188213|30100
43.725767010408525|31100
43.75791930594207|32100
43.75791930594207|33100
43.75791930594207|34100
43.82462389085494|35100
43.908891644297384|36100
43.908891644297384|37100
44.004211831737116|38100
44.03913567901492|39100
44.087087339356145|40100
44.087087339356145|41100
44.087087339356145|42100
44.0968571884001|43100
44.0968571884001|44100
44.140836808671764|45100
44.162123979212446|46100
44.20909312562607|47100
44.273805946006135|48100
44.273805946006135|49100
44.28340062372485|50100
44.28933694623726|51100
44.29893162395598|52100
44.313951774945814|53100
44.3330883444744|54100
44.3445078365352|55100
44.35403944942227|56100
44.37478810719348|57100
44.37478810719348|58100
44.37478810719348|59100
44.383734101146764|60100
44.38419179727186|61100
44.398719013553446|62100
44.398719013553446|63100
44.41321367868666|64100
44.41536930957596|65100
44.41536930957596|66100
44.41536930957596|67100
44.42887136140304|68100
44.42887136140304|69100
44.42887136140304|70100
44.42887136140304|71100
44.432531189442564|72100
44.43863207500671|73100
44.43863207500671|74100
44.44049672457808|75100
44.44564014528511|76100
44.45316451794684|77100
44.45316451794684|78100
44.45890462573859|79100
44.458904625738604|80100
44.458904625738604|81100
44.46203252137461|82100
44.47363343416068|83100
44.476761329796695|84100
44.476761329796695|85100
44.48539046239659|86100
44.48539046239659|87100
44.48692135965548|88100
44.48965679434462|89100
44.49260341187508|90100
44.49260341187508|91100
44.492778979584564|92100
44.501461400428745|93100
44.501461400428745|94100
44.50326801496034|95100
44.50326801496034|96100
44.50326801496034|97100
44.50326801496034|98100
44.50326801496034|99100
44.50438256704104|100100
44.505078446147316|101100
44.505078446147316|102100
44.505091015568894|103100
44.507993425986555|104100
44.507993425986555|105100
44.507993425986555|106100
44.50855952445343|107100
44.51280491925852|108100
44.51280491925852|109100
44.51335761065302|110100
44.51335761065302|111100
44.51335761065302|112100
44.51337018007461|113100
44.51337018007461|114100
44.51337018007461|115100
44.51337018007461|116100
44.51337018007461|117100
44.51337018007461|118100
44.521204649837266|119100
44.52728384703717|120100
44.52871303195133|121100
44.52871303195134|122100
44.53138293317054|123100
44.531382933170555|124100
44.531476084818465|125100
44.531476084818465|126100
44.53147608481848|127100
44.53147608481848|128100
44.53147608481848|129100
44.531488654240064|130100
44.531488654240064|131100
44.53228945711052|132100
44.53228945711052|133100
44.53228945711052|134100
44.53228945711052|135100
44.53228945711053|136100
44.53228945711053|137100
44.53476320937331|138100
44.53476320937331|139100
44.53476320937331|140100
44.53476320937331|141100
44.53476320937331|142100
44.53476320937331|143100
44.53476320937331|144100
44.53476320937331|145100
44.53476320937331|146100
44.53476320937331|147100
44.53476320937331|148100
44.53476320937331|149100
44.53476320937331|150100
44.53476320937331|151100
44.53476320937331|152100
44.53476320937331|153100
44.53476320937331|154100
44.53486128385152|155100
44.53486128385152|156100
44.53486128385152|157100
44.53486128385152|158100
44.53486128385152|159100
44.53486128385152|160100
44.53486128385152|161100
44.53486128385152|162100
44.53486128385152|163100
44.53486128385152|164100
44.53486128385152|165100
44.53486128385152|166100
44.53486128385152|167100
44.53486128385152|168100
44.53486128385152|169100
44.53486128385152|170100
44.53486128385152|171100
44.53486128385152|172100
44.53486128385152|173100
44.53486128385152|174100
44.53486128385152|175100
44.53486128385152|176100
44.53486128385152|177100
44.53486128385152|178100
44.53486128385152|179100
44.53486128385152|180100
44.53486128385152|181100
44.53486128385152|182100
44.53486128385152|183100
44.53486128385152|184100
44.53486128385152|185100
44.53486128385152|186100
44.53486128385152|187100
44.53486128385152|188100
44.53486128385152|189100
44.53486128385153|190100
44.53486128385153|191100
44.53486128385153|192100
44.53486128385153|193100
44.53486128385153|194100
44.53486128385153|195100
44.53486128385153|196100
44.542041728162296|197100
44.542041728162296|198100
44.54245845701417|199100
44.54245845701417|200100
44.54245845701417|201100
44.54872552340384|202100
44.54872552340384|203100
44.55032986302698|204100
44.550684982792134|205100
44.550684982792134|206100
44.55229664662745|207100
44.55307704650624|208100
44.55307704650624|209100
44.554229715841714|210100
44.55468871034155|211100
44.55468871034155|212100
44.55584137967703|213100
44.55584137967703|214100
44.5680989758703|215100
44.57147847803824|216100
44.57147847803824|217100
44.58488874356698|218100
44.58488874356698|219100
44.586411366820684|220100
44.586411366820684|221100
44.58978399643214|222100
44.58978399643214|223100
44.589795949880134|224100
44.591060688599896|225100
44.59738342702061|226100
44.59738342702061|227100
44.5973953804686|228100
44.5973953804686|229100
44.59922170301321|230100
44.599221703013214|231100
44.602935824662815|232100
44.60293582466282|233100
44.60293582466282|234100
44.60293582466282|235100
44.60297748225065|236100
44.60297748225065|237100
44.60297748225065|238100
44.60297748225065|239100
44.602989290583935|240100
44.602989290583935|241100
44.602989290583935|242100
44.60298929058394|243100
44.60298929058394|244100
44.60298929058394|245100
44.60298929058394|246100
44.60299552647424|247100
44.60299552647424|248100
44.60299552647424|249100
44.60299552647424|250100
44.60299552647424|251100
44.60616377137903|252100
44.61119663868816|253100
44.61119663868816|254100
44.61119663868816|255100
44.61119663868816|256100
44.61119663868816|257100
44.617713217693655|258100
44.62198038377104|259100
44.645563105109886|260100
44.645563105109886|261100
44.6457206657666|262100
44.6457206657666|263100
44.6457206657666|264100
44.6457206657666|265100
44.6457206657666|266100
44.6457206657666|267100
44.6457206657666|268100
44.6457206657666|269100
44.6457206657666|270100
44.6457206657666|271100
44.6457206657666|272100
44.6457206657666|273100
44.6457206657666|274100
44.6457206657666|275100
44.6457206657666|276100
44.6457206657666|277100
44.6457206657666|278100
44.6457206657666|279100
44.6457206657666|280100
44.6457206657666|281100
44.645840355441194|282100
44.645840355441194|283100
44.645840355441194|284100
44.645840355441194|285100
44.645840355441194|286100
44.645840355441194|287100
44.645840355441194|288100
44.645840355441194|289100
44.645840355441194|290100
44.645840355441194|291100
44.645840355441194|292100
44.645840355441194|293100
44.645840355441194|294100
44.645840355441194|295100
44.645840355441194|296100
44.645840355441194|297100
44.645840355441194|298100
44.645840355441194|299100
44.645840355441194|300100
44.645840355441194|301100
44.645840355441194|302100
44.645840355441194|303100
44.645840355441194|304100
44.645840355441194|305100
44.645840355441194|306100
44.645840355441194|307100
44.645840355441194|308100
44.645840355441194|309100
44.645840355441194|310100
44.645840355441194|311100
44.645840355441194|312100
44.645840355441194|313100
44.645840355441194|314100
44.645840355441194|315100
44.645840355441194|316100
44.645840355441194|317100
44.645840355441194|318100
44.645840355441194|319100
44.645840355441194|320100
44.645840355441194|321100
44.645840355441194|322100
44.645840355441194|323100
44.645840355441194|324100
44.645840355441194|325100
44.645840355441194|326100
44.645840355441194|327100
44.645840355441194|328100
44.645840355441194|329100
44.645840355441194|330100
44.645840355441194|331100
44.645840355441194|332100
44.645840355441194|333100
44.645840355441194|334100
44.6458403554412|335100
44.6458403554412|336100
44.6458403554412|337100
44.6458403554412|338100
44.6458403554412|339100
44.6458403554412|340100
44.6458403554412|341100
44.6458403554412|342100
44.6458403554412|343100
44.6458403554412|344100
44.6458403554412|345100
44.6458403554412|346100
44.6458403554412|347100
44.6458403554412|348100
44.6458403554412|349100
44.6458403554412|350100
44.6458403554412|351100
44.6458403554412|352100
44.6458403554412|353100
44.6458403554412|354100
44.6458403554412|355100
44.6458403554412|356100
44.6458403554412|357100
44.6458403554412|358100
44.6458403554412|359100
44.6458403554412|360100
44.6458403554412|361100
44.6458403554412|362100
44.6458403554412|363100
44.6458403554412|364100
44.6458403554412|365100
44.6458403554412|366100
44.6458403554412|367100
44.6458403554412|368100
44.6458403554412|369100
44.6458403554412|370100
44.6458403554412|371100
44.6458403554412|372100
44.6458403554412|373100
44.6458403554412|374100
44.6458403554412|375100
44.6458403554412|376100
44.6458403554412|377100
44.6458403554412|378100
44.6458403554412|379100
44.6458403554412|380100
44.6458403554412|381100
44.6458403554412|382100
44.6458403554412|383100
44.6458403554412|384100
44.6458403554412|385100
44.6458403554412|386100
44.6458403554412|387100
44.6458403554412|388100
44.6458403554412|389100
44.6458403554412|390100
44.6458403554412|391100
44.6458403554412|392100
44.6458403554412|393100
44.6458403554412|394100
44.6458403554412|395100
44.6458403554412|396100
44.6458403554412|397100
44.6458403554412|398100
44.6458403554412|399100
44.6458403554412|400100
44.6458403554412|401100
44.6458403554412|402100
44.6458403554412|403100
44.6458403554412|404100
44.6458403554412|405100
44.6458403554412|406100
44.6458403554412|407100
44.6458403554412|408100
44.6458403554412|409100
44.6458403554412|410100
44.6458403554412|411100
44.6458403554412|412100
44.6458403554412|413100
44.6458403554412|414100
44.6458403554412|415100
44.6458403554412|416100
44.6458403554412|417100
44.6458403554412|418100
44.6458403554412|419100
44.6458403554412|420100
44.6458403554412|421100
44.6458403554412|422100
44.6458403554412|423100
44.6458403554412|424100
44.6458403554412|425100
44.6458403554412|426100
44.6458403554412|427100
44.6458403554412|428100
44.6458403554412|429100
44.6458403554412|430100
44.6458403554412|431100
44.6458403554412|432100
44.6458403554412|433100
44.6458403554412|434100
44.6458403554412|435100
44.6458403554412|436100
44.6458403554412|437100
44.6458403554412|438100
44.6458403554412|439100
44.6458403554412|440100
44.6458403554412|441100
44.6458403554412|442100
44.6458403554412|443100
44.6458403554412|444100
44.6458403554412|445100
44.6458403554412|446100
44.6458403554412|447100
44.6458403554412|448100
44.6458403554412|449100
44.6458403554412|450100
44.6458403554412|451100
44.6458403554412|452100
44.6458403554412|453100
44.6458403554412|454100
44.6458403554412|455100
44.6458403554412|456100
44.6458403554412|457100
44.6458403554412|458100
44.6458403554412|459100
44.6458403554412|460100
44.6458403554412|461100
44.6458403554412|462100
44.6458403554412|463100
44.6458403554412|464100
44.6458403554412|465100
44.6458403554412|466100
44.6458403554412|467100
44.6458403554412|468100
44.6458403554412|469100
44.6458403554412|470100
44.6458403554412|471100
44.6458403554412|472100
44.6458403554412|473100
44.6458403554412|474100
44.6458403554412|475100
44.6458403554412|476100
44.6458403554412|477100
44.6458403554412|478100
44.6458403554412|479100
44.6458403554412|480100
44.6458403554412|481100
44.6458403554412|482100
44.6458403554412|483100
44.6458403554412|484100
44.6458403554412|485100
44.6458403554412|486100
44.6458403554412|487100
44.6458403554412|488100
44.6458403554412|489100
44.6458403554412|490100
44.6458403554412|491100
44.6458403554412|492100
44.6458403554412|493100
44.6458403554412|494100
44.6458403554412|495100
44.6458403554412|496100
44.6458403554412|497100
44.6458403554412|498100
44.6458403554412|499100
44.6458403554412|500100
44.6458403554412|501100
44.6458403554412|502100
44.6458403554412|503100
44.6458403554412|504100
44.6458403554412|505100
44.6458403554412|506100
44.6458403554412|507100
44.6458403554412|508100
44.6458403554412|509100
44.6458403554412|510100
44.6458403554412|511100
44.6458403554412|512100
44.6458403554412|513100
44.6458403554412|514100
44.6458403554412|515100
44.6458403554412|516100
44.6458403554412|517100
44.6458403554412|518100
44.6458403554412|519100
44.6458403554412|520100
44.6458403554412|521100
44.6458403554412|522100
44.6458403554412|523100
44.6458403554412|524100
44.6458403554412|525100
44.6458403554412|526100
44.6458403554412|527100
44.6458403554412|528100
44.6458403554412|529100
44.6458403554412|530100
44.6458403554412|531100
44.6458403554412|532100
44.6458403554412|533100
44.6458403554412|534100
44.6458403554412|535100
44.6458403554412|536100
44.6458403554412|537100
44.6458403554412|538100
44.6458403554412|539100
44.6458403554412|540100
44.6458403554412|541100
44.6458403554412|542100
44.6458403554412|543100
44.6458403554412|544100
44.6458403554412|545100
44.6458403554412|546100
44.6458403554412|547100
44.6458403554412|548100
44.6458403554412|549100
44.6458403554412|550100
44.6458403554412|551100
44.6458403554412|552100
44.6458403554412|553100
44.6458403554412|554100
44.6458403554412|555100
44.6458403554412|556100
44.6458403554412|557100
44.6458403554412|558100
44.6458403554412|559100
44.6458403554412|560100
44.6458403554412|561100
44.6458403554412|562100
44.6458403554412|563100
44.6458403554412|564100
44.6458403554412|565100
44.6458403554412|566100
44.6458403554412|567100
44.6458403554412|568100
44.6458403554412|569100
44.6458403554412|570100
44.6458403554412|571100
44.6458403554412|572100
44.6458403554412|573100
44.6458403554412|574100
44.6458403554412|575100
44.6458403554412|576100
44.6458403554412|577100
44.6458403554412|578100
44.6458403554412|579100
44.6458403554412|580100
44.6458403554412|581100
44.6458403554412|582100
44.6458403554412|583100
44.6458403554412|584100
44.6458403554412|585100
44.6458403554412|586100
44.6458403554412|587100
44.6458403554412|588100
44.6458403554412|589100
44.6458403554412|590100
44.6458403554412|591100
44.6458403554412|592100
44.6458403554412|593100
44.6458403554412|594100
44.6458403554412|595100
44.6458403554412|596100
44.6458403554412|597100
44.6458403554412|598100
44.6458403554412|599100
44.6458403554412|600100
44.6458403554412|601100
44.6458403554412|602100
44.6458403554412|603100
44.6458403554412|604100
44.6458403554412|605100
44.6458403554412|606100
44.6458403554412|607100
44.6458403554412|608100
44.6458403554412|609100
44.6458403554412|610100
44.6458403554412|611100
44.6458403554412|612100
44.6458403554412|613100
44.6458403554412|614100
44.6458403554412|615100
44.6458403554412|616100
44.6458403554412|617100
44.6458403554412|618100
44.6458403554412|619100
44.6458403554412|620100
44.6458403554412|621100
44.6458403554412|622100
44.6458403554412|623100
44.6458403554412|624100
44.6458403554412|625100
44.6458403554412|626100
44.6458403554412|627100
44.6458403554412|628100
44.6458403554412|629100
44.6458403554412|630100
44.6458403554412|631100
44.6458403554412|632100
44.6458403554412|633100
44.6458403554412|634100
44.6458403554412|635100
44.6458403554412|636100
44.6458403554412|637100
44.6458403554412|638100
44.6458403554412|639100
44.6458403554412|640100
44.6458403554412|641100
44.6458403554412|642100
44.6458403554412|643100
44.6458403554412|644100
44.6458403554412|645100
44.6458403554412|646100
44.6458403554412|647100
44.6458403554412|648100
44.6458403554412|649100
44.6458403554412|650100
44.6458403554412|651100
44.6458403554412|652100
44.6458403554412|653100
44.6458403554412|654100
44.6458403554412|655100
44.6458403554412|656100
44.6458403554412|657100
44.6458403554412|658100
44.6458403554412|659100
44.6458403554412|660100
44.6458403554412|661100
44.6458403554412|662100
44.6458403554412|663100
44.6458403554412|664100
44.6458403554412|665100
44.6458403554412|666100
44.6458403554412|667100
44.6458403554412|668100
44.6458403554412|669100
44.6458403554412|670100
44.6458403554412|671100
44.6458403554412|672100
44.6458403554412|673100
44.6458403554412|674100
44.6458403554412|675100
44.6458403554412|676100
44.6458403554412|677100
44.6458403554412|678100
44.6458403554412|679100
44.6458403554412|680100
44.6458403554412|681100
44.6458403554412|682100
44.6458403554412|683100
44.6458403554412|684100
44.6458403554412|685100
44.6458403554412|686100
44.6458403554412|687100
44.6458403554412|688100
44.6458403554412|689100
44.6458403554412|690100
44.6458403554412|691100
44.6458403554412|692100
44.6458403554412|693100
44.6458403554412|694100
44.6458403554412|695100
44.6458403554412|696100
44.6458403554412|697100
44.6458403554412|698100
44.6458403554412|699100
44.6458403554412|700100
44.6458403554412|701100
44.6458403554412|702100
44.6458403554412|703100
44.6458403554412|704100
44.6458403554412|705100
44.6458403554412|706100
44.6458403554412|707100
44.6458403554412|708100
44.6458403554412|709100
44.6458403554412|710100
44.6458403554412|711100
44.6458403554412|712100
44.6458403554412|713100
44.6458403554412|714100
44.6458403554412|715100
44.6458403554412|716100
44.6458403554412|717100
44.6458403554412|718100
44.6458403554412|719100
44.6458403554412|720100
44.6458403554412|721100
44.6458403554412|722100
44.6458403554412|723100
44.6458403554412|724100
44.6458403554412|725100
44.6458403554412|726100
44.6458403554412|727100
44.6458403554412|728100
44.6458403554412|729100
44.6458403554412|730100
44.6458403554412|731100
44.6458403554412|732100
44.6458403554412|733100
44.6458403554412|734100
44.6458403554412|735100
44.6458403554412|736100
44.6458403554412|737100
44.6458403554412|738100
44.6458403554412|739100
44.6458403554412|740100
44.6458403554412|741100
44.6458403554412|742100
44.6458403554412|743100
44.6458403554412|744100
44.6458403554412|745100
44.6458403554412|746100
44.6458403554412|747100
44.6458403554412|748100
44.6458403554412|749100
44.6458403554412|750100
44.6458403554412|751100
44.6458403554412|752100
44.6458403554412|753100
44.6458403554412|754100
44.6458403554412|755100
44.6458403554412|756100
44.6458403554412|757100
44.6458403554412|758100
44.6458403554412|759100
44.6458403554412|760100
44.6458403554412|761100
44.6458403554412|762100
44.6458403554412|763100
44.6458403554412|764100
44.6458403554412|765100
44.6458403554412|766100
44.6458403554412|767100
44.6458403554412|768100
44.6458403554412|769100
44.6458403554412|770100
44.6458403554412|771100
44.6458403554412|772100
44.6458403554412|773100
44.6458403554412|774100
44.6458403554412|775100
44.6458403554412|776100
44.6458403554412|777100
44.6458403554412|778100
44.6458403554412|779100
44.6458403554412|780100
44.6458403554412|781100
44.6458403554412|782100
44.6458403554412|783100
44.6458403554412|784100
44.6458403554412|785100
44.6458403554412|786100
44.6458403554412|787100
44.6458403554412|788100
44.6458403554412|789100
44.6458403554412|790100
44.6458403554412|791100
44.6458403554412|792100
44.6458403554412|793100
44.6458403554412|794100
44.6458403554412|795100
44.6458403554412|796100
44.6458403554412|797100
44.6458403554412|798100
44.6458403554412|799100
44.6458403554412|800100
44.6458403554412|801100
44.6458403554412|802100
44.6458403554412|803100
44.6458403554412|804100
44.6458403554412|805100
44.6458403554412|806100
44.6458403554412|807100
44.6458403554412|808100
44.6458403554412|809100
44.6458403554412|810100
44.6458403554412|811100
44.6458403554412|812100
44.6458403554412|813100
44.6458403554412|814100
44.6458403554412|815100
44.6458403554412|816100
44.6458403554412|817100
44.6458403554412|818100
44.6458403554412|819100
44.6458403554412|820100
44.6458403554412|821100
44.6458403554412|822100
44.6458403554412|823100
44.6458403554412|824100
44.6458403554412|825100
44.6458403554412|826100
44.6458403554412|827100
44.6458403554412|828100
44.6458403554412|829100
44.6458403554412|830100
44.6458403554412|831100
44.6458403554412|832100
44.6458403554412|833100
44.6458403554412|834100
44.6458403554412|835100
44.6458403554412|836100
44.6458403554412|837100
44.6458403554412|838100
44.6458403554412|839100
44.6458403554412|840100
44.6458403554412|841100
44.6458403554412|842100
44.6458403554412|843100
44.6458403554412|844100
44.6458403554412|845100
44.6458403554412|846100
44.6458403554412|847100
44.6458403554412|848100
44.6458403554412|849100
44.6458403554412|850100
44.6458403554412|851100
44.6458403554412|852100
44.6458403554412|853100
44.6458403554412|854100
44.6458403554412|855100
44.6458403554412|856100
44.6458403554412|857100
44.6458403554412|858100
44.6458403554412|859100
44.6458403554412|860100
44.6458403554412|861100
44.6458403554412|862100
44.6458403554412|863100
44.6458403554412|864100
44.6458403554412|865100
44.6458403554412|866100
44.6458403554412|867100
44.6458403554412|868100
44.6458403554412|869100
44.6458403554412|870100
44.6458403554412|871100
44.6458403554412|872100
44.6458403554412|873100
44.6458403554412|874100
44.6458403554412|875100
44.6458403554412|876100
44.6458403554412|877100
44.6458403554412|878100
44.6458403554412|879100
44.6458403554412|880100
44.6458403554412|881100
44.6458403554412|882100
44.6458403554412|883100
44.6458403554412|884100
44.6458403554412|885100
44.6458403554412|886100
44.6458403554412|887100
44.6458403554412|888100
44.6458403554412|889100
44.6458403554412|890100
44.6458403554412|891100
44.6458403554412|892100
44.6458403554412|893100
44.6458403554412|894100
44.6458403554412|895100
44.6458403554412|896100
44.6458403554412|897100
44.6458403554412|898100
44.6458403554412|899100
44.6458403554412|900100
44.6458403554412|901100
44.6458403554412|902100
44.6458403554412|903100
44.6458403554412|904100
44.6458403554412|905100
44.6458403554412|906100
44.6458403554412|907100
44.6458403554412|908100
44.6458403554412|909100
44.6458403554412|910100
44.6458403554412|911100
44.6458403554412|912100
44.6458403554412|913100
44.6458403554412|914100
44.6458403554412|915100
44.6458403554412|916100
44.6458403554412|917100
44.6458403554412|918100
44.6458403554412|919100
44.6458403554412|920100
44.6458403554412|921100
44.6458403554412|922100
44.6458403554412|923100
44.6458403554412|924100
44.6458403554412|925100
44.6458403554412|926100
44.6458403554412|927100
44.6458403554412|928100
44.6458403554412|929100
44.6458403554412|930100
44.6458403554412|931100
44.6458403554412|932100
44.6458403554412|933100
44.6458403554412|934100
44.6458403554412|935100
44.6458403554412|936100
44.6458403554412|937100
44.6458403554412|938100
44.6458403554412|939100
44.6458403554412|940100
44.6458403554412|941100
44.6458403554412|942100
44.6458403554412|943100
44.6458403554412|944100
44.6458403554412|945100
44.6458403554412|946100
44.6458403554412|947100
44.6458403554412|948100
44.6458403554412|949100
44.6458403554412|950100
44.6458403554412|951100
44.6458403554412|952100
44.6458403554412|953100
44.6458403554412|954100
44.6458403554412|955100
44.6458403554412|956100
44.6458403554412|957100
44.6458403554412|958100
44.6458403554412|959100
44.6458403554412|960100
44.6458403554412|961100
44.6458403554412|962100
44.6458403554412|963100
44.6458403554412|964100
44.6458403554412|965100
44.6458403554412|966100
44.6458403554412|967100
44.6458403554412|968100
44.6458403554412|969100
44.6458403554412|970100
44.6458403554412|971100
44.6458403554412|972100
44.6458403554412|973100
44.6458403554412|974100
44.6458403554412|975100
44.6458403554412|976100
44.6458403554412|977100
44.6458403554412|978100
44.6458403554412|979100
44.6458403554412|980100
44.6458403554412|981100
44.6458403554412|982100
44.6458403554412|983100
44.6458403554412|984100
44.6458403554412|985100
44.6458403554412|986100
44.6458403554412|987100
44.6458403554412|988100
44.6458403554412|989100
44.6458403554412|990100
44.6458403554412|991100
44.6458403554412|992100
44.6458403554412|993100
44.6458403554412|994100
44.6458403554412|995100
44.6458403554412|996100
44.6458403554412|997100
44.6458403554412|998100
44.6458403554412|999100
44.6458403554412|1000100
