37.09126812569463|2000
37.36888775678814|3000
37.97634246158794|4000
37.97634246158794|5000
37.97634246158794|6000
37.97634246158794|7000
39.287007921129515|8000
39.287007921129515|9000
39.287007921129515|10000
39.287007921129515|11000
39.287007921129515|12000
39.287007921129515|13000
39.287007921129515|14000
39.287007921129515|15000
39.62292731562236|16000
39.62292731562236|17000
39.62292731562236|18000
39.62292731562236|19000
39.62292731562236|20000
39.62292731562236|21000
39.62292731562236|22000
39.62292731562236|23000
39.62292731562236|24000
39.62292731562236|25000
39.62292731562236|26000
39.62292731562236|27000
39.62292731562236|28000
39.62292731562236|29000
39.62292731562236|30000
39.62292731562236|31000
39.62292731562236|32000
39.70320524917656|33000
39.70320524917656|34000
39.70320524917656|35000
39.70753137542919|36000
39.70753137542919|37000
39.70753137542919|38000
39.70753137542919|39000
39.70753137542919|40000
39.75416791469562|41000
39.75416791469562|42000
39.75416791469562|43000
39.75416791469562|44000
39.7838713076036|45000
39.7838713076036|46000
39.7838713076036|47000
39.7838713076036|48000
39.7838713076036|49000
40.22191101942746|50000
40.22191101942746|51000
40.22191101942746|52000
40.22191101942746|53000
40.22191101942746|54000
40.22191101942746|55000
40.22191101942746|56000
40.22191101942746|57000
40.39582715351859|58000
40.39582715351859|59000
40.39582715351859|60000
40.39582715351859|61000
40.39582715351859|62000
40.39582715351859|63000
40.39582715351859|64000
40.39582715351859|65000
40.39582715351859|66000
40.39582715351859|67000
40.39582715351859|68000
40.39582715351859|69000
40.39582715351859|70000
40.39582715351859|71000
40.39582715351859|72000
40.39582715351859|73000
40.39582715351859|74000
41.11479580776218|75000
41.11479580776218|76000
41.11479580776218|77000
41.11479580776218|78000
41.11479580776218|79000
41.11479580776218|80000
41.11479580776218|81000
41.11479580776218|82000
41.11479580776218|83000
41.11479580776218|84000
41.11479580776218|85000
41.11479580776218|86000
41.11479580776218|87000
41.11479580776218|88000
41.11479580776218|89000
41.11479580776218|90000
41.11479580776218|91000
41.11479580776218|92000
41.11479580776218|93000
41.11479580776218|94000
41.11479580776218|95000
41.11479580776218|96000
41.11479580776218|97000
41.11479580776218|98000
41.11479580776218|99000
41.11479580776218|100000
41.11479580776218|101000
41.11479580776218|102000
41.11479580776218|103000
41.11479580776218|104000
41.11479580776218|105000
41.11479580776218|106000
41.11479580776218|107000
41.11479580776218|108000
41.11479580776218|109000
41.11479580776218|110000
41.11479580776218|111000
41.11479580776218|112000
41.11479580776218|113000
41.11479580776218|114000
41.11479580776218|115000
41.11479580776218|116000
41.11479580776218|117000
41.11479580776218|118000
41.11479580776218|119000
41.11479580776218|120000
41.11479580776218|121000
41.11479580776218|122000
41.11479580776218|123000
41.11479580776218|124000
41.11479580776218|125000
41.11479580776218|126000
41.11479580776218|127000
41.92125023736418|128000
41.92125023736418|129000
41.92125023736418|130000
41.92125023736418|131000
41.92125023736418|132000
41.92125023736418|133000
41.92125023736418|134000
41.92125023736418|135000
41.92125023736418|136000
41.92125023736418|137000
41.92125023736418|138000
41.92125023736418|139000
41.92125023736418|140000
41.92125023736418|141000
41.92125023736418|142000
41.92125023736418|143000
41.92125023736418|144000
41.92125023736418|145000
41.92125023736418|146000
41.92125023736418|147000
41.92125023736418|148000
41.92125023736418|149000
41.92125023736418|150000
41.92125023736418|151000
41.92125023736418|152000
41.92125023736418|153000
41.92125023736418|154000
41.92125023736418|155000
41.92125023736418|156000
41.92125023736418|157000
41.92125023736418|158000
41.92125023736418|159000
41.92125023736418|160000
41.92125023736418|161000
41.92125023736418|162000
41.92125023736418|163000
41.92125023736418|164000
41.92125023736418|165000
41.92125023736418|166000
41.92125023736418|167000
41.92125023736418|168000
41.92125023736418|169000
41.92125023736418|170000
41.92125023736418|171000
41.92125023736418|172000
41.92125023736418|173000
41.92125023736418|174000
41.92125023736418|175000
41.92125023736418|176000
41.92125023736418|177000
41.92125023736418|178000
41.92125023736418|179000
41.92125023736418|180000
41.92125023736418|181000
41.92125023736418|182000
41.92125023736418|183000
41.92125023736418|184000
41.92125023736418|185000
41.92125023736418|186000
41.92125023736418|187000
41.92125023736418|188000
41.92125023736418|189000
41.92125023736418|190000
41.92125023736418|191000
41.92125023736418|192000
41.92125023736418|193000
41.92125023736418|194000
41.92125023736418|195000
41.92125023736418|196000
41.92125023736418|197000
41.92125023736418|198000
41.92125023736418|199000
41.92125023736418|200000
41.92125023736418|201000
41.92125023736418|202000
41.92125023736418|203000
41.92125023736418|204000
41.92125023736418|205000
41.92125023736418|206000
41.92125023736418|207000
41.92125023736418|208000
41.92125023736418|209000
41.92125023736418|210000
41.92125023736418|211000
41.92125023736418|212000
41.92125023736418|213000
41.92125023736418|214000
41.92125023736418|215000
41.92125023736418|216000
41.92125023736418|217000
41.92125023736418|218000
41.92125023736418|219000
41.92125023736418|220000
41.92125023736418|221000
41.92125023736418|222000
41.92125023736418|223000
41.92125023736418|224000
41.92125023736418|225000
41.92125023736418|226000
41.92125023736418|227000
41.92125023736418|228000
41.92125023736418|229000
41.92125023736418|230000
41.92125023736418|231000
41.92125023736418|232000
41.92125023736418|233000
41.92125023736418|234000
41.92125023736418|235000
41.92125023736418|236000
41.92125023736418|237000
41.92125023736418|238000
41.92125023736418|239000
41.92125023736418|240000
41.92125023736418|241000
41.92125023736418|242000
41.92125023736418|243000
41.92125023736418|244000
41.92125023736418|245000
41.92125023736418|246000
41.92125023736418|247000
41.92125023736418|248000
41.92125023736418|249000
41.92125023736418|250000
41.92125023736418|251000
41.92125023736418|252000
41.92125023736418|253000
41.92125023736418|254000
41.92125023736418|255000
41.92125023736418|256000
41.92125023736418|257000
41.92125023736418|258000
41.92125023736418|259000
41.92125023736418|260000
41.92125023736418|261000
41.92125023736418|262000
41.92125023736418|263000
41.92125023736418|264000
41.92125023736418|265000
41.92125023736418|266000
41.92125023736418|267000
41.92125023736418|268000
41.92125023736418|269000
41.92125023736418|270000
41.92125023736418|271000
41.92125023736418|272000
41.92125023736418|273000
41.92125023736418|274000
41.92125023736418|275000
41.92125023736418|276000
41.92125023736418|277000
41.92125023736418|278000
41.92125023736418|279000
41.92125023736418|280000
41.92125023736418|281000
41.92125023736418|282000
41.92125023736418|283000
41.92125023736418|284000
41.92125023736418|285000
41.92125023736418|286000
41.92125023736418|287000
41.92125023736418|288000
41.92125023736418|289000
41.92125023736418|290000
41.92125023736418|291000
41.92125023736418|292000
41.92125023736418|293000
41.92125023736418|294000
41.92125023736418|295000
41.92125023736418|296000
41.92125023736418|297000
41.92125023736418|298000
41.92125023736418|299000
41.92125023736418|300000
41.92125023736418|301000
41.92125023736418|302000
41.92125023736418|303000
41.92125023736418|304000
41.92125023736418|305000
41.92125023736418|306000
41.92125023736418|307000
41.92125023736418|308000
41.92125023736418|309000
41.92125023736418|310000
41.92125023736418|311000
41.92125023736418|312000
41.92125023736418|313000
41.92125023736418|314000
41.92125023736418|315000
41.92125023736418|316000
41.92125023736418|317000
41.92125023736418|318000
41.92125023736418|319000
41.92125023736418|320000
41.92125023736418|321000
41.92125023736418|322000
41.92125023736418|323000
41.92125023736418|324000
41.92125023736418|325000
41.92125023736418|326000
41.92125023736418|327000
41.92125023736418|328000
41.92125023736418|329000
41.92125023736418|330000
41.92125023736418|331000
41.92125023736418|332000
41.92125023736418|333000
41.92125023736418|334000
41.92125023736418|335000
41.92125023736418|336000
41.92125023736418|337000
41.92125023736418|338000
42.165144431502966|339000
42.165144431502966|340000
42.165144431502966|341000
42.165144431502966|342000
42.165144431502966|343000
42.165144431502966|344000
42.165144431502966|345000
42.165144431502966|346000
42.165144431502966|347000
42.165144431502966|348000
42.165144431502966|349000
42.165144431502966|350000
42.165144431502966|351000
42.165144431502966|352000
42.165144431502966|353000
42.165144431502966|354000
42.165144431502966|355000
42.165144431502966|356000
42.165144431502966|357000
42.32647865472182|358000
42.32647865472182|359000
42.32647865472182|360000
42.41356818261253|361000
42.41356818261253|362000
42.41356818261253|363000
42.41356818261253|364000
42.41356818261253|365000
42.77759716127068|366000
42.77759716127068|367000
42.77759716127068|368000
42.77759716127068|369000
42.77759716127068|370000
42.77759716127068|371000
42.77759716127068|372000
42.77759716127068|373000
42.7828342602186|374000
42.7828342602186|375000
42.7828342602186|376000
42.88465999234835|377000
42.88465999234835|378000
42.88465999234835|379000
42.88465999234835|380000
42.88465999234835|381000
42.88465999234835|382000
42.88465999234835|383000
42.88465999234835|384000
42.90020674292109|385000
42.90020674292109|386000
42.90020674292109|387000
42.90020674292109|388000
42.90020674292109|389000
42.90020674292109|390000
42.90020674292109|391000
42.90020674292109|392000
42.90020674292109|393000
42.90020674292109|394000
42.90020674292109|395000
42.90020674292109|396000
42.90020674292109|397000
42.96895509177325|398000
42.96895509177325|399000
42.96895509177325|400000
42.96895509177325|401000
42.96895509177325|402000
42.96895509177325|403000
42.96895509177325|404000
42.96895509177325|405000
42.96895509177325|406000
42.96895509177325|407000
43.084649872517176|408000
43.084649872517176|409000
43.084649872517176|410000
43.084649872517176|411000
43.084649872517176|412000
43.1281864642624|413000
43.1281864642624|414000
43.1281864642624|415000
43.1281864642624|416000
43.1281864642624|417000
43.1281864642624|418000
43.1281864642624|419000
43.1281864642624|420000
43.1281864642624|421000
43.1281864642624|422000
43.14033704809415|423000
43.14033704809415|424000
43.14033704809415|425000
43.14033704809415|426000
43.14033704809415|427000
43.14033704809415|428000
43.14461583383852|429000
43.14461583383852|430000
43.14461583383852|431000
43.14461583383852|432000
43.176245674084655|433000
43.17714820538717|434000
43.17714820538717|435000
43.17714820538717|436000
43.17714820538717|437000
43.20113505176143|438000
43.20113505176143|439000
43.21131485382118|440000
43.242352011400015|441000
43.242352011400015|442000
43.242352011400015|443000
43.31936797747703|444000
43.31936797747703|445000
43.31936797747703|446000
43.31936797747703|447000
43.31936797747703|448000
43.31936797747703|449000
43.31936797747703|450000
43.31936797747703|451000
43.31936797747703|452000
43.31936797747703|453000
43.31936797747703|454000
43.31936797747703|455000
43.31936797747703|456000
43.31936797747703|457000
43.31936797747703|458000
43.31936797747703|459000
43.43499260575245|460000
43.43499260575245|461000
43.43499260575245|462000
43.43499260575245|463000
43.43499260575245|464000
43.43499260575245|465000
43.43499260575245|466000
43.43499260575245|467000
43.43499260575245|468000
43.43499260575245|469000
43.43499260575245|470000
43.43499260575245|471000
43.43499260575245|472000
43.43499260575245|473000
43.43499260575245|474000
43.43499260575245|475000
43.43499260575245|476000
43.43499260575245|477000
43.43499260575245|478000
43.43499260575245|479000
43.43499260575245|480000
43.43499260575245|481000
43.43499260575245|482000
43.43499260575245|483000
43.43499260575245|484000
43.57228462720696|485000
43.57228462720696|486000
43.57228462720696|487000
43.57228462720696|488000
43.57228462720696|489000
43.57228462720696|490000
43.57228462720696|491000
43.57228462720696|492000
43.57228462720696|493000
43.57228462720696|494000
43.57228462720696|495000
43.57228462720696|496000
43.57228462720696|497000
43.57228462720696|498000
43.57228462720696|499000
43.57228462720696|500000
43.57228462720696|501000
43.57228462720696|502000
43.57228462720696|503000
43.57228462720696|504000
43.57228462720696|505000
43.57228462720696|506000
43.57228462720696|507000
43.57228462720696|508000
43.57228462720696|509000
43.57228462720696|510000
43.57228462720696|511000
43.57228462720696|512000
43.57228462720696|513000
43.57228462720696|514000
43.57228462720696|515000
43.57228462720696|516000
43.57228462720696|517000
43.57228462720696|518000
43.57228462720696|519000
43.57228462720696|520000
43.57228462720696|521000
43.57228462720696|522000
43.57228462720696|523000
43.57228462720696|524000
43.57228462720696|525000
43.57228462720696|526000
43.57228462720696|527000
43.57228462720696|528000
43.57487619423806|529000
43.57487619423806|530000
43.57487619423806|531000
43.57487619423806|532000
43.596941056728326|533000
43.596941056728326|534000
43.596941056728326|535000
43.596941056728326|536000
43.596941056728326|537000
43.596941056728326|538000
43.596941056728326|539000
43.60319665567416|540000
43.60319665567416|541000
43.65165281280819|542000
43.65165281280819|543000
43.65165281280819|544000
43.68244263984654|545000
43.68244263984654|546000
43.68244263984654|547000
43.68244263984654|548000
43.68244263984654|549000
43.68244263984654|550000
43.68244263984654|551000
43.68244263984654|552000
43.68244263984654|553000
43.68244263984654|554000
43.68244263984654|555000
43.68244263984654|556000
43.73278307211039|557000
43.73278307211039|558000
43.73278307211039|559000
43.73278307211039|560000
43.73278307211039|561000
43.801320539987664|562000
43.801320539987664|563000
43.801320539987664|564000
43.801320539987664|565000
43.801320539987664|566000
43.801320539987664|567000
43.801320539987664|568000
43.801320539987664|569000
43.801320539987664|570000
43.801320539987664|571000
43.801320539987664|572000
43.801320539987664|573000
43.801320539987664|574000
43.801320539987664|575000
43.801320539987664|576000
43.801320539987664|577000
43.801320539987664|578000
43.801320539987664|579000
43.801320539987664|580000
43.801320539987664|581000
43.801320539987664|582000
43.801320539987664|583000
43.801320539987664|584000
43.801320539987664|585000
43.801320539987664|586000
43.801320539987664|587000
43.801320539987664|588000
43.801320539987664|589000
43.801320539987664|590000
43.801320539987664|591000
43.801320539987664|592000
43.801320539987664|593000
43.801320539987664|594000
43.801320539987664|595000
43.801320539987664|596000
43.801320539987664|597000
43.801320539987664|598000
43.82450129185066|599000
43.82450129185066|600000
43.82450129185066|601000
43.82450129185066|602000
43.82450129185066|603000
43.82450129185066|604000
43.82450129185066|605000
43.82450129185066|606000
43.82450129185066|607000
43.84039957792927|608000
43.84039957792927|609000
43.84039957792927|610000
43.87837689530229|611000
43.87837689530229|612000
43.87837689530229|613000
43.87837689530229|614000
43.87837689530229|615000
43.87837689530229|616000
43.87837689530229|617000
43.87837689530229|618000
43.87837689530229|619000
43.87837689530229|620000
43.87837689530229|621000
43.87837689530229|622000
43.87837689530229|623000
43.87837689530229|624000
43.930509999746214|625000
43.930509999746214|626000
43.930509999746214|627000
43.930509999746214|628000
43.930509999746214|629000
43.930509999746214|630000
43.94255593079632|631000
43.94255593079632|632000
43.95621771010142|633000
43.95621771010142|634000
43.95621771010142|635000
43.98521293313522|636000
43.98521293313522|637000
43.98521293313522|638000
43.98521293313522|639000
43.98521293313522|640000
43.98521293313522|641000
43.99087678811945|642000
43.99087678811945|643000
43.99087678811945|644000
43.99087678811945|645000
43.99087678811945|646000
44.00180321940082|647000
44.00180321940082|648000
44.00180321940082|649000
44.00180321940082|650000
44.04866729379881|651000
44.058444651506036|652000
44.058444651506036|653000
44.058444651506036|654000
44.06638196565323|655000
44.06638196565323|656000
44.06638196565323|657000
44.06638196565323|658000
44.06900203222372|659000
44.06900203222372|660000
44.06900203222372|661000
44.070238099520104|662000
44.070238099520104|663000
44.070238099520104|664000
44.070238099520104|665000
44.070238099520104|666000
44.070238099520104|667000
44.070238099520104|668000
44.12431113500207|669000
44.12431113500207|670000
44.12431113500207|671000
44.12431113500207|672000
44.12431113500207|673000
44.12431113500207|674000
44.12431113500207|675000
44.12431113500207|676000
44.12431113500207|677000
44.12431113500207|678000
44.12431113500207|679000
44.12431113500207|680000
44.12431113500207|681000
44.12431113500207|682000
44.13160104046282|683000
44.134387360788566|684000
44.15733430724724|685000
44.15733430724724|686000
44.15733430724724|687000
44.15733430724724|688000
44.15733430724724|689000
44.15733430724724|690000
44.15733430724724|691000
44.15733430724724|692000
44.15733430724724|693000
44.15857818812115|694000
44.15857818812115|695000
44.1743624144774|696000
44.1743624144774|697000
44.1743624144774|698000
44.1743624144774|699000
44.1743624144774|700000
44.18807089205126|701000
44.18807089205126|702000
44.18807089205126|703000
44.18807089205126|704000
44.18807089205126|705000
44.18807089205126|706000
44.18807089205126|707000
44.18807089205126|708000
44.18807089205126|709000
44.18807089205126|710000
44.18807089205126|711000
44.18807089205126|712000
44.18807089205126|713000
44.18807089205126|714000
44.18807089205126|715000
44.18807089205126|716000
44.201538965138504|717000
44.201538965138504|718000
44.201538965138504|719000
44.201538965138504|720000
44.20541932657572|721000
44.20541932657572|722000
44.20541932657572|723000
44.20541932657572|724000
44.20541932657572|725000
44.27289450640865|726000
44.27289450640865|727000
44.27289450640865|728000
44.27289450640865|729000
44.27289450640865|730000
44.27289450640865|731000
44.27289450640865|732000
44.27289450640865|733000
44.27289450640865|734000
44.27289450640865|735000
44.27289450640865|736000
44.27289450640865|737000
44.27289450640865|738000
44.27289450640865|739000
44.27289450640865|740000
44.27289450640865|741000
44.27289450640865|742000
44.27289450640865|743000
44.27289450640865|744000
44.27289450640865|745000
44.29298505769441|746000
44.29298505769441|747000
44.29298505769441|748000
44.29298505769441|749000
44.29298505769441|750000
44.29298505769441|751000
44.29298505769441|752000
44.29298505769441|753000
44.29298505769441|754000
44.29298505769441|755000
44.29298505769441|756000
44.29298505769441|757000
44.30725339811564|758000
44.30725339811564|759000
44.30725339811564|760000
44.30725339811564|761000
44.32096187568951|762000
44.32096187568951|763000
44.32096187568951|764000
44.32096187568951|765000
44.32096187568951|766000
44.32096187568951|767000
44.32096187568951|768000
44.32096187568951|769000
44.32096187568951|770000
44.32096187568951|771000
44.32096187568951|772000
44.32096187568951|773000
44.32515855109669|774000
44.32515855109669|775000
44.37637502137148|776000
44.37637502137148|777000
44.37637502137148|778000
44.37637502137148|779000
44.37637502137148|780000
44.37637502137148|781000
44.37637502137148|782000
44.37637502137148|783000
44.37637502137148|784000
44.37637502137148|785000
44.37637502137148|786000
44.37637502137148|787000
44.37637502137148|788000
44.37710134914298|789000
44.39139375592636|790000
44.39139375592636|791000
44.39139375592636|792000
44.39139375592636|793000
44.39139375592636|794000
44.39139375592636|795000
44.39139375592636|796000
44.39139375592636|797000
44.39139375592636|798000
44.39582903506822|799000
44.39582903506822|800000
44.39582903506822|801000
44.39582903506822|802000
44.39582903506822|803000
44.42768268097506|804000
44.42768268097506|805000
44.42768268097506|806000
44.42768268097506|807000
44.42768268097506|808000
44.42768268097506|809000
44.42768268097506|810000
44.42768268097506|811000
44.42768268097506|812000
44.42768268097506|813000
44.42768268097506|814000
44.42768268097506|815000
44.42768268097506|816000
44.42768268097506|817000
44.43810151604947|818000
44.43810151604947|819000
44.43810151604947|820000
44.43810151604947|821000
44.43810151604947|822000
44.43810151604947|823000
44.43810151604947|824000
44.43810151604947|825000
44.43810151604947|826000
44.43810151604947|827000
44.43810151604947|828000
44.43810151604947|829000
44.43810151604947|830000
44.43810151604947|831000
44.43810151604947|832000
44.43810151604947|833000
44.43810151604947|834000
44.44183586829405|835000
44.44183586829405|836000
44.44183586829405|837000
44.44566896409796|838000
44.44566896409796|839000
44.44566896409796|840000
44.44566896409796|841000
44.44566896409796|842000
44.46564538118725|843000
44.46564538118725|844000
44.46564538118725|845000
44.46564538118725|846000
44.46564538118725|847000
44.46564538118725|848000
44.46564538118726|849000
44.46564538118726|850000
44.46564538118726|851000
44.46564538118726|852000
44.46564538118726|853000
44.46564538118726|854000
44.46564538118726|855000
44.46564538118726|856000
44.46564538118726|857000
44.46699647440273|858000
44.46699647440273|859000
44.46699647440273|860000
44.46699647440273|861000
44.46699647440273|862000
44.46699647440273|863000
44.46699647440273|864000
44.46699647440273|865000
44.466996474402734|866000
44.466996474402734|867000
44.466996474402734|868000
44.469761203535704|869000
44.469761203535704|870000
44.47761257292489|871000
44.491638182106804|872000
44.491638182106804|873000
44.491638182106804|874000
44.491638182106804|875000
44.491638182106804|876000
44.491638182106804|877000
44.491638182106804|878000
44.491638182106804|879000
44.491638182106804|880000
44.491638182106804|881000
44.491638182106804|882000
44.491638182106804|883000
44.491638182106804|884000
44.491638182106804|885000
44.491638182106804|886000
44.493689812391196|887000
44.5066601693857|888000
44.51470189143274|889000
44.51470189143274|890000
44.51470189143274|891000
44.51470189143274|892000
44.51470189143274|893000
44.51470189143274|894000
44.51470189143274|895000
44.51470189143274|896000
44.51470189143274|897000
44.51470189143274|898000
44.51470189143274|899000
44.51470189143274|900000
44.51470189143274|901000
44.51470189143274|902000
44.51470189143274|903000
44.51470189143274|904000
44.51470189143274|905000
44.51470189143274|906000
44.51470189143274|907000
44.51470189143274|908000
44.51470189143274|909000
44.51470189143274|910000
44.51470189143274|911000
44.51470189143274|912000
44.51470189143274|913000
44.51470189143274|914000
44.51470189143274|915000
44.51470189143274|916000
44.51470189143274|917000
44.51470189143274|918000
44.51470189143274|919000
44.51470189143274|920000
44.53229564339025|921000
44.53229564339025|922000
44.53229564339025|923000
44.53229564339025|924000
44.53229564339025|925000
44.53229564339025|926000
44.53229564339025|927000
44.53229564339025|928000
44.53229564339025|929000
44.53229564339025|930000
44.53229564339025|931000
44.53229564339025|932000
44.53229564339025|933000
44.53229564339025|934000
44.53229564339025|935000
44.53229564339025|936000
44.53229564339025|937000
44.53357692723631|938000
44.53357692723631|939000
44.53357692723631|940000
44.533576927236325|941000
44.533576927236325|942000
44.533576927236325|943000
44.533576927236325|944000
44.533576927236325|945000
44.533576927236325|946000
44.533576927236325|947000
44.533576927236325|948000
44.533576927236325|949000
44.533576927236325|950000
44.533576927236325|951000
44.533576927236325|952000
44.533576927236325|953000
44.53539130560165|954000
44.55516406358629|955000
44.55516406358629|956000
44.55516406358629|957000
44.55516406358629|958000
44.55516406358629|959000
44.55516406358629|960000
44.55516406358629|961000
44.55516406358629|962000
44.55516406358629|963000
44.55516406358629|964000
44.55516406358629|965000
44.55516406358629|966000
44.55516406358629|967000
44.55516406358629|968000
44.55516406358629|969000
44.55516406358629|970000
44.55516406358629|971000
44.55516406358629|972000
44.55516406358629|973000
44.55516406358629|974000
44.55516406358629|975000
44.55516406358629|976000
44.55516406358629|977000
44.56107326473148|978000
44.56107326473148|979000
44.56107326473148|980000
44.56107326473148|981000
44.56107326473148|982000
44.56107326473148|983000
44.56107326473148|984000
44.56107326473148|985000
44.56107326473148|986000
44.56107326473148|987000
44.56107326473148|988000
44.56387844003247|989000
44.56387844003247|990000
44.56387844003247|991000
44.56387844003247|992000
44.56387844003247|993000
44.567831542400214|994000
44.567831542400214|995000
44.567831542400214|996000
44.567831542400214|997000
44.567831542400214|998000
44.567831542400214|999000
44.567831542400214|1000000
