41.02184343483155|1010
42.68824005092886|2010
43.281571492740426|3010
43.661702070448555|4010
43.87227756171817|5010
44.17004536841764|6010
44.23579577079458|7010
44.30950864042035|8010
44.33163932933543|9010
44.35157877451511|10010
44.379776781810904|11010
44.405129563080926|12010
44.41439622095279|13010
44.46380304306771|14010
44.48576107193694|15010
44.49320719378695|16010
44.49725196404592|17010
44.50952674706257|18010
44.515241994875225|19010
44.51857760816788|20010
44.52199782148669|21010
44.5221035425562|22010
44.523363695532204|23010
44.53434349053615|24010
44.53579599708077|25010
44.535795997080776|26010
44.564802186911464|27010
44.564802186911464|28010
44.57026296741991|29010
44.575072169173005|30010
44.57783091029565|31010
44.57783091029565|32010
44.57783091029565|33010
44.578298606411906|34010
44.578298606411906|35010
44.57829860641191|36010
44.57829860641191|37010
44.57829860641191|38010
44.57829860641191|39010
44.57829860641192|40010
44.57829860641192|41010
44.57829860641192|42010
44.598989537117674|43010
44.598989537117674|44010
44.598989537117674|45010
44.598989537117674|46010
44.598989537117674|47010
44.598989537117674|48010
44.59904562758842|49010
44.59904562758842|50010
44.59904562758842|51010
44.59904562758842|52010
44.59904562758842|53010
44.59904562758842|54010
44.59904562758842|55010
44.6008452094667|56010
44.6008452094667|57010
44.6008452094667|58010
44.6008452094667|59010
44.6008452094667|60010
44.6008452094667|61010
44.6008452094667|62010
44.6008452094667|63010
44.6008452094667|64010
44.6008452094667|65010
44.6008452094667|66010
44.6008452094667|67010
44.6008452094667|68010
44.6008452094667|69010
44.6008452094667|70010
44.6008452094667|71010
44.6008452094667|72010
44.6008452094667|73010
44.6008452094667|74010
44.6008452094667|75010
44.6008452094667|76010
44.6008452094667|77010
44.6008452094667|78010
44.6008452094667|79010
44.6008452094667|80010
44.6008452094667|81010
44.6008452094667|82010
44.6008452094667|83010
44.6008452094667|84010
44.6008452094667|85010
44.6008452094667|86010
44.6008452094667|87010
44.6008452094667|88010
44.6008452094667|89010
44.6008452094667|90010
44.6008452094667|91010
44.6008452094667|92010
44.6008452094667|93010
44.6008452094667|94010
44.6008452094667|95010
44.6008452094667|96010
44.6008452094667|97010
44.6008452094667|98010
44.6008452094667|99010
44.6008452094667|100010
44.6008452094667|101010
44.6008452094667|102010
44.6008452094667|103010
44.6008452094667|104010
44.6008452094667|105010
44.6008452094667|106010
44.6008452094667|107010
44.6008452094667|108010
44.6008452094667|109010
44.6008452094667|110010
44.6008452094667|111010
44.6008452094667|112010
44.6008452094667|113010
44.6008452094667|114010
44.6008452094667|115010
44.6008452094667|116010
44.6008452094667|117010
44.6008452094667|118010
44.6008452094667|119010
44.6008452094667|120010
44.6008452094667|121010
44.6008452094667|122010
44.6008452094667|123010
44.6008452094667|124010
44.6008452094667|125010
44.6008452094667|126010
44.6008452094667|127010
44.6008452094667|128010
44.6008452094667|129010
44.6008452094667|130010
44.6008452094667|131010
44.6008452094667|132010
44.6008452094667|133010
44.6008452094667|134010
44.6008452094667|135010
44.6008452094667|136010
44.6008452094667|137010
44.6008452094667|138010
44.6008452094667|139010
44.6008452094667|140010
44.6008452094667|141010
44.6008452094667|142010
44.6008452094667|143010
44.6008452094667|144010
44.6008452094667|145010
44.6008452094667|146010
44.6008452094667|147010
44.6008452094667|148010
44.6008452094667|149010
44.6008452094667|150010
44.6008452094667|151010
44.6008452094667|152010
44.6008452094667|153010
44.6008452094667|154010
44.6008452094667|155010
44.6008452094667|156010
44.6008452094667|157010
44.6008452094667|158010
44.6008452094667|159010
44.6008452094667|160010
44.6008452094667|161010
44.6008452094667|162010
44.6008452094667|163010
44.6008452094667|164010
44.6008452094667|165010
44.6008452094667|166010
44.6008452094667|167010
44.6008452094667|168010
44.6008452094667|169010
44.6008452094667|170010
44.6008452094667|171010
44.6008452094667|172010
44.6008452094667|173010
44.6008452094667|174010
44.6008452094667|175010
44.6008452094667|176010
44.6008452094667|177010
44.6008452094667|178010
44.6008452094667|179010
44.6008452094667|180010
44.6008452094667|181010
44.6008452094667|182010
44.6008452094667|183010
44.6008452094667|184010
44.6008452094667|185010
44.6008452094667|186010
44.6008452094667|187010
44.6008452094667|188010
44.6008452094667|189010
44.6008452094667|190010
44.6008452094667|191010
44.6008452094667|192010
44.6008452094667|193010
44.6008452094667|194010
44.6008452094667|195010
44.6008452094667|196010
44.6008452094667|197010
44.6008452094667|198010
44.6008452094667|199010
44.6008452094667|200010
44.6008452094667|201010
44.6008452094667|202010
44.6008452094667|203010
44.6008452094667|204010
44.6008452094667|205010
44.6008452094667|206010
44.6008452094667|207010
44.6008452094667|208010
44.6008452094667|209010
44.6008452094667|210010
44.6008452094667|211010
44.6008452094667|212010
44.6008452094667|213010
44.6008452094667|214010
44.6008452094667|215010
44.6008452094667|216010
44.6008452094667|217010
44.6008452094667|218010
44.6008452094667|219010
44.6008452094667|220010
44.6008452094667|221010
44.6008452094667|222010
44.6008452094667|223010
44.6008452094667|224010
44.6008452094667|225010
44.6008452094667|226010
44.6008452094667|227010
44.6008452094667|228010
44.6008452094667|229010
44.6008452094667|230010
44.6008452094667|231010
44.6008452094667|232010
44.6008452094667|233010
44.6008452094667|234010
44.6008452094667|235010
44.6008452094667|236010
44.6008452094667|237010
44.6008452094667|238010
44.6008452094667|239010
44.6008452094667|240010
44.6008452094667|241010
44.6008452094667|242010
44.6008452094667|243010
44.6008452094667|244010
44.6008452094667|245010
44.6008452094667|246010
44.6008452094667|247010
44.6008452094667|248010
44.6008452094667|249010
44.6008452094667|250010
44.6008452094667|251010
44.6008452094667|252010
44.6008452094667|253010
44.6008452094667|254010
44.6008452094667|255010
44.6008452094667|256010
44.6008452094667|257010
44.6008452094667|258010
44.6008452094667|259010
44.6008452094667|260010
44.6008452094667|261010
44.6008452094667|262010
44.6008452094667|263010
44.6008452094667|264010
44.6008452094667|265010
44.6008452094667|266010
44.6008452094667|267010
44.6008452094667|268010
44.6008452094667|269010
44.6008452094667|270010
44.6008452094667|271010
44.6008452094667|272010
44.6008452094667|273010
44.6008452094667|274010
44.6008452094667|275010
44.6008452094667|276010
44.6008452094667|277010
44.6008452094667|278010
44.6008452094667|279010
44.6008452094667|280010
44.6008452094667|281010
44.601671980749146|282010
44.601671980749146|283010
44.605228751324276|284010
44.605228751324276|285010
44.605246722362956|286010
44.605246722362956|287010
44.605246722362956|288010
44.605246722362956|289010
44.605246722362956|290010
44.6055247848227|291010
44.6055247848227|292010
44.6055247848227|293010
44.6055247848227|294010
44.6055247848227|295010
44.60821996332791|296010
44.60821996332791|297010
44.60821996332791|298010
44.60821996332791|299010
44.60821996332791|300010
44.60821996332791|301010
44.60823793436659|302010
44.60823793436659|303010
44.60823793436659|304010
44.60823793436659|305010
44.60823793436659|306010
44.60823793436659|307010
44.60823793436659|308010
44.608249742699876|309010
44.608249742699876|310010
44.608249742699876|311010
44.608249742699876|312010
44.608249742699876|313010
44.608249742699876|314010
44.608249742699876|315010
44.608249742699876|316010
44.608249742699876|317010
44.608249742699876|318010
44.608249742699876|319010
44.608249742699876|320010
44.608249742699876|321010
44.608249742699876|322010
44.608249742699876|323010
44.608249742699876|324010
44.608249742699876|325010
44.608249742699876|326010
44.608249742699876|327010
44.608249742699876|328010
44.608249742699876|329010
44.608249742699876|330010
44.608249742699876|331010
44.608249742699876|332010
44.608249742699876|333010
44.608249742699876|334010
44.608249742699876|335010
44.608249742699876|336010
44.608249742699876|337010
44.608249742699876|338010
44.608249742699876|339010
44.608249742699876|340010
44.608249742699876|341010
44.608249742699876|342010
44.608249742699876|343010
44.608249742699876|344010
44.608249742699876|345010
44.608249742699876|346010
44.608249742699876|347010
44.608249742699876|348010
44.608249742699876|349010
44.608249742699876|350010
44.608249742699876|351010
44.608249742699876|352010
44.608249742699876|353010
44.608249742699876|354010
44.608249742699876|355010
44.608249742699876|356010
44.608249742699876|357010
44.608249742699876|358010
44.608249742699876|359010
44.608249742699876|360010
44.608249742699876|361010
44.608249742699876|362010
44.608249742699876|363010
44.608249742699876|364010
44.608249742699876|365010
44.608249742699876|366010
44.608249742699876|367010
44.608249742699876|368010
44.608249742699876|369010
44.608249742699876|370010
44.608249742699876|371010
44.608249742699876|372010
44.608249742699876|373010
44.608249742699876|374010
44.608249742699876|375010
44.608249742699876|376010
44.608249742699876|377010
44.608249742699876|378010
44.608249742699876|379010
44.608249742699876|380010
44.608249742699876|381010
44.608249742699876|382010
44.608249742699876|383010
44.608249742699876|384010
44.608249742699876|385010
44.608249742699876|386010
44.608249742699876|387010
44.608249742699876|388010
44.608249742699876|389010
44.608249742699876|390010
44.608249742699876|391010
44.608249742699876|392010
44.608249742699876|393010
44.608249742699876|394010
44.608249742699876|395010
44.608249742699876|396010
44.608249742699876|397010
44.608249742699876|398010
44.608249742699876|399010
44.608249742699876|400010
44.608249742699876|401010
44.608249742699876|402010
44.608249742699876|403010
44.608249742699876|404010
44.608249742699876|405010
44.608249742699876|406010
44.608249742699876|407010
44.608249742699876|408010
44.608249742699876|409010
44.608249742699876|410010
44.608249742699876|411010
44.608249742699876|412010
44.608249742699876|413010
44.608249742699876|414010
44.608249742699876|415010
44.608249742699876|416010
44.608249742699876|417010
44.608249742699876|418010
44.608249742699876|419010
44.608249742699876|420010
44.608249742699876|421010
44.608249742699876|422010
44.608249742699876|423010
44.608249742699876|424010
44.608249742699876|425010
44.608249742699876|426010
44.608249742699876|427010
44.608249742699876|428010
44.608249742699876|429010
44.608249742699876|430010
44.608249742699876|431010
44.608249742699876|432010
44.608249742699876|433010
44.608249742699876|434010
44.608249742699876|435010
44.608249742699876|436010
44.608249742699876|437010
44.608249742699876|438010
44.608249742699876|439010
44.608249742699876|440010
44.608249742699876|441010
44.608249742699876|442010
44.608249742699876|443010
44.608249742699876|444010
44.608249742699876|445010
44.608249742699876|446010
44.608249742699876|447010
44.608249742699876|448010
44.608249742699876|449010
44.608249742699876|450010
44.608249742699876|451010
44.608249742699876|452010
44.608249742699876|453010
44.608249742699876|454010
44.608249742699876|455010
44.608249742699876|456010
44.608249742699876|457010
44.608249742699876|458010
44.608249742699876|459010
44.608249742699876|460010
44.608249742699876|461010
44.608249742699876|462010
44.608249742699876|463010
44.608249742699876|464010
44.608249742699876|465010
44.608249742699876|466010
44.608249742699876|467010
44.608249742699876|468010
44.608249742699876|469010
44.608249742699876|470010
44.608249742699876|471010
44.608249742699876|472010
44.608249742699876|473010
44.608249742699876|474010
44.608249742699876|475010
44.608249742699876|476010
44.608249742699876|477010
44.608249742699876|478010
44.608249742699876|479010
44.608249742699876|480010
44.608249742699876|481010
44.608249742699876|482010
44.608249742699876|483010
44.608249742699876|484010
44.608249742699876|485010
44.608249742699876|486010
44.608249742699876|487010
44.608249742699876|488010
44.608249742699876|489010
44.608249742699876|490010
44.608249742699876|491010
44.608249742699876|492010
44.608249742699876|493010
44.608249742699876|494010
44.608249742699876|495010
44.608249742699876|496010
44.608249742699876|497010
44.608249742699876|498010
44.608249742699876|499010
44.608249742699876|500010
44.608249742699876|501010
44.608249742699876|502010
44.608249742699876|503010
44.608249742699876|504010
44.608249742699876|505010
44.608249742699876|506010
44.608249742699876|507010
44.608249742699876|508010
44.608249742699876|509010
44.608249742699876|510010
44.608249742699876|511010
44.608249742699876|512010
44.608249742699876|513010
44.608249742699876|514010
44.608249742699876|515010
44.608249742699876|516010
44.608249742699876|517010
44.608249742699876|518010
44.608249742699876|519010
44.608249742699876|520010
44.608249742699876|521010
44.608249742699876|522010
44.608249742699876|523010
44.608249742699876|524010
44.608249742699876|525010
44.608249742699876|526010
44.608249742699876|527010
44.608249742699876|528010
44.608249742699876|529010
44.608249742699876|530010
44.608249742699876|531010
44.608249742699876|532010
44.608249742699876|533010
44.608249742699876|534010
44.608249742699876|535010
44.608249742699876|536010
44.608249742699876|537010
44.608249742699876|538010
44.608249742699876|539010
44.608249742699876|540010
44.608249742699876|541010
44.608249742699876|542010
44.608249742699876|543010
44.608249742699876|544010
44.608249742699876|545010
44.608249742699876|546010
44.608249742699876|547010
44.608249742699876|548010
44.608249742699876|549010
44.608249742699876|550010
44.608249742699876|551010
44.608249742699876|552010
44.608249742699876|553010
44.608249742699876|554010
44.608249742699876|555010
44.608249742699876|556010
44.608249742699876|557010
44.608249742699876|558010
44.608249742699876|559010
44.608249742699876|560010
44.608249742699876|561010
44.608249742699876|562010
44.608249742699876|563010
44.608249742699876|564010
44.608249742699876|565010
44.608249742699876|566010
44.608249742699876|567010
44.608249742699876|568010
44.608249742699876|569010
44.608249742699876|570010
44.608249742699876|571010
44.608249742699876|572010
44.608249742699876|573010
44.608249742699876|574010
44.608249742699876|575010
44.608249742699876|576010
44.608249742699876|577010
44.608249742699876|578010
44.608249742699876|579010
44.608249742699876|580010
44.608249742699876|581010
44.608249742699876|582010
44.608249742699876|583010
44.608249742699876|584010
44.608249742699876|585010
44.608249742699876|586010
44.608249742699876|587010
44.608249742699876|588010
44.608249742699876|589010
44.608249742699876|590010
44.608249742699876|591010
44.608249742699876|592010
44.608249742699876|593010
44.608249742699876|594010
44.608249742699876|595010
44.608249742699876|596010
44.608249742699876|597010
44.608249742699876|598010
44.608249742699876|599010
44.608249742699876|600010
44.608249742699876|601010
44.608249742699876|602010
44.608249742699876|603010
44.608249742699876|604010
44.608249742699876|605010
44.608249742699876|606010
44.608249742699876|607010
44.608249742699876|608010
44.608249742699876|609010
44.608249742699876|610010
44.608249742699876|611010
44.608249742699876|612010
44.608249742699876|613010
44.608249742699876|614010
44.608249742699876|615010
44.608249742699876|616010
44.608249742699876|617010
44.608249742699876|618010
44.608249742699876|619010
44.608249742699876|620010
44.608249742699876|621010
44.608249742699876|622010
44.608249742699876|623010
44.608249742699876|624010
44.608249742699876|625010
44.608249742699876|626010
44.608249742699876|627010
44.608249742699876|628010
44.608249742699876|629010
44.608249742699876|630010
44.608249742699876|631010
44.608249742699876|632010
44.608249742699876|633010
44.608249742699876|634010
44.608249742699876|635010
44.608249742699876|636010
44.608249742699876|637010
44.608249742699876|638010
44.608249742699876|639010
44.608249742699876|640010
44.608249742699876|641010
44.608249742699876|642010
44.608249742699876|643010
44.608249742699876|644010
44.608249742699876|645010
44.608249742699876|646010
44.608249742699876|647010
44.608249742699876|648010
44.608249742699876|649010
44.608249742699876|650010
44.608249742699876|651010
44.608249742699876|652010
44.608249742699876|653010
44.608249742699876|654010
44.608249742699876|655010
44.608249742699876|656010
44.608249742699876|657010
44.608249742699876|658010
44.608249742699876|659010
44.608249742699876|660010
44.608249742699876|661010
44.608249742699876|662010
44.608249742699876|663010
44.608249742699876|664010
44.608249742699876|665010
44.608249742699876|666010
44.608249742699876|667010
44.608249742699876|668010
44.608249742699876|669010
44.608249742699876|670010
44.608249742699876|671010
44.608249742699876|672010
44.608249742699876|673010
44.608249742699876|674010
44.608249742699876|675010
44.608249742699876|676010
44.608249742699876|677010
44.608249742699876|678010
44.608249742699876|679010
44.608249742699876|680010
44.608249742699876|681010
44.608249742699876|682010
44.608249742699876|683010
44.608249742699876|684010
44.608249742699876|685010
44.608249742699876|686010
44.608249742699876|687010
44.608249742699876|688010
44.608249742699876|689010
44.608249742699876|690010
44.608249742699876|691010
44.608249742699876|692010
44.608249742699876|693010
44.608249742699876|694010
44.608249742699876|695010
44.608249742699876|696010
44.608249742699876|697010
44.608249742699876|698010
44.608249742699876|699010
44.608249742699876|700010
44.608249742699876|701010
44.608249742699876|702010
44.608249742699876|703010
44.608249742699876|704010
44.608249742699876|705010
44.608249742699876|706010
44.608249742699876|707010
44.608249742699876|708010
44.608249742699876|709010
44.608249742699876|710010
44.608249742699876|711010
44.608249742699876|712010
44.608249742699876|713010
44.608249742699876|714010
44.608249742699876|715010
44.608249742699876|716010
44.608249742699876|717010
44.608249742699876|718010
44.608249742699876|719010
44.608249742699876|720010
44.608249742699876|721010
44.608249742699876|722010
44.608249742699876|723010
44.608249742699876|724010
44.608249742699876|725010
44.608249742699876|726010
44.608249742699876|727010
44.608249742699876|728010
44.608249742699876|729010
44.608249742699876|730010
44.608249742699876|731010
44.608249742699876|732010
44.608249742699876|733010
44.608249742699876|734010
44.608249742699876|735010
44.608249742699876|736010
44.608249742699876|737010
44.608249742699876|738010
44.608249742699876|739010
44.608249742699876|740010
44.608249742699876|741010
44.608249742699876|742010
44.608249742699876|743010
44.608249742699876|744010
44.608249742699876|745010
44.608249742699876|746010
44.608249742699876|747010
44.608249742699876|748010
44.608249742699876|749010
44.608249742699876|750010
44.608249742699876|751010
44.608249742699876|752010
44.608249742699876|753010
44.608249742699876|754010
44.608249742699876|755010
44.608249742699876|756010
44.608249742699876|757010
44.608249742699876|758010
44.608249742699876|759010
44.608249742699876|760010
44.608249742699876|761010
44.608249742699876|762010
44.608249742699876|763010
44.608249742699876|764010
44.608249742699876|765010
44.608249742699876|766010
44.608249742699876|767010
44.608249742699876|768010
44.608249742699876|769010
44.608249742699876|770010
44.608249742699876|771010
44.608249742699876|772010
44.608249742699876|773010
44.608249742699876|774010
44.608249742699876|775010
44.608249742699876|776010
44.608249742699876|777010
44.608249742699876|778010
44.608249742699876|779010
44.608249742699876|780010
44.608249742699876|781010
44.608249742699876|782010
44.608249742699876|783010
44.608249742699876|784010
44.608249742699876|785010
44.608249742699876|786010
44.608249742699876|787010
44.608249742699876|788010
44.608249742699876|789010
44.608249742699876|790010
44.608249742699876|791010
44.608249742699876|792010
44.608249742699876|793010
44.608249742699876|794010
44.608249742699876|795010
44.608249742699876|796010
44.608249742699876|797010
44.608249742699876|798010
44.608249742699876|799010
44.608249742699876|800010
44.608249742699876|801010
44.608249742699876|802010
44.608249742699876|803010
44.608249742699876|804010
44.608249742699876|805010
44.608249742699876|806010
44.608249742699876|807010
44.608249742699876|808010
44.608249742699876|809010
44.608249742699876|810010
44.608249742699876|811010
44.608249742699876|812010
44.608249742699876|813010
44.608249742699876|814010
44.608249742699876|815010
44.608249742699876|816010
44.608249742699876|817010
44.608249742699876|818010
44.608249742699876|819010
44.608249742699876|820010
44.608249742699876|821010
44.608249742699876|822010
44.608249742699876|823010
44.608249742699876|824010
44.608249742699876|825010
44.608249742699876|826010
44.608249742699876|827010
44.608249742699876|828010
44.608249742699876|829010
44.608249742699876|830010
44.608249742699876|831010
44.608249742699876|832010
44.608249742699876|833010
44.608249742699876|834010
44.608249742699876|835010
44.608249742699876|836010
44.608249742699876|837010
44.608249742699876|838010
44.608249742699876|839010
44.608249742699876|840010
44.608249742699876|841010
44.608249742699876|842010
44.608249742699876|843010
44.608249742699876|844010
44.608249742699876|845010
44.608249742699876|846010
44.608249742699876|847010
44.608249742699876|848010
44.608249742699876|849010
44.608249742699876|850010
44.608249742699876|851010
44.608249742699876|852010
44.608249742699876|853010
44.608249742699876|854010
44.608249742699876|855010
44.608249742699876|856010
44.608249742699876|857010
44.608249742699876|858010
44.608249742699876|859010
44.608249742699876|860010
44.608249742699876|861010
44.608249742699876|862010
44.608249742699876|863010
44.608249742699876|864010
44.608249742699876|865010
44.608249742699876|866010
44.608249742699876|867010
44.608249742699876|868010
44.608249742699876|869010
44.608249742699876|870010
44.608249742699876|871010
44.608249742699876|872010
44.608249742699876|873010
44.608249742699876|874010
44.608249742699876|875010
44.608249742699876|876010
44.608249742699876|877010
44.608249742699876|878010
44.608249742699876|879010
44.608249742699876|880010
44.608249742699876|881010
44.608249742699876|882010
44.608249742699876|883010
44.608249742699876|884010
44.608249742699876|885010
44.608249742699876|886010
44.608249742699876|887010
44.608249742699876|888010
44.608249742699876|889010
44.608249742699876|890010
44.608249742699876|891010
44.608249742699876|892010
44.608249742699876|893010
44.608249742699876|894010
44.608249742699876|895010
44.608249742699876|896010
44.608249742699876|897010
44.608249742699876|898010
44.608249742699876|899010
44.608249742699876|900010
44.608249742699876|901010
44.608249742699876|902010
44.608249742699876|903010
44.608249742699876|904010
44.608249742699876|905010
44.608249742699876|906010
44.608249742699876|907010
44.608249742699876|908010
44.608249742699876|909010
44.608249742699876|910010
44.608249742699876|911010
44.608249742699876|912010
44.608249742699876|913010
44.608249742699876|914010
44.608249742699876|915010
44.608249742699876|916010
44.608249742699876|917010
44.608249742699876|918010
44.608249742699876|919010
44.608249742699876|920010
44.608249742699876|921010
44.608249742699876|922010
44.608249742699876|923010
44.608249742699876|924010
44.608249742699876|925010
44.608249742699876|926010
44.608249742699876|927010
44.608249742699876|928010
44.608249742699876|929010
44.608249742699876|930010
44.608249742699876|931010
44.608249742699876|932010
44.608249742699876|933010
44.608249742699876|934010
44.608249742699876|935010
44.608249742699876|936010
44.608249742699876|937010
44.608249742699876|938010
44.608249742699876|939010
44.608249742699876|940010
44.608249742699876|941010
44.608249742699876|942010
44.608249742699876|943010
44.608249742699876|944010
44.608249742699876|945010
44.608249742699876|946010
44.608249742699876|947010
44.608249742699876|948010
44.608249742699876|949010
44.608249742699876|950010
44.608249742699876|951010
44.608249742699876|952010
44.608249742699876|953010
44.608249742699876|954010
44.608249742699876|955010
44.608249742699876|956010
44.608249742699876|957010
44.608249742699876|958010
44.608249742699876|959010
44.608249742699876|960010
44.608249742699876|961010
44.608249742699876|962010
44.608249742699876|963010
44.608249742699876|964010
44.608249742699876|965010
44.608249742699876|966010
44.608249742699876|967010
44.608249742699876|968010
44.608249742699876|969010
44.608249742699876|970010
44.608249742699876|971010
44.608249742699876|972010
44.608249742699876|973010
44.608249742699876|974010
44.608249742699876|975010
44.608249742699876|976010
44.608249742699876|977010
44.608249742699876|978010
44.608249742699876|979010
44.608249742699876|980010
44.608249742699876|981010
44.608249742699876|982010
44.608249742699876|983010
44.608249742699876|984010
44.608249742699876|985010
44.608249742699876|986010
44.608249742699876|987010
44.608249742699876|988010
44.608249742699876|989010
44.608249742699876|990010
44.608249742699876|991010
44.608249742699876|992010
44.608249742699876|993010
44.608249742699876|994010
44.608249742699876|995010
44.608249742699876|996010
44.608249742699876|997010
44.608249742699876|998010
44.608249742699876|999010
44.608249742699876|1000010
